1.000000e+02 1.958000e+13
2.109548e+03 5.550743e+12
4.119095e+03 3.236149e+12
6.128643e+03 2.202772e+12
8.138191e+03 1.619525e+12
1.014774e+04 1.246583e+12
1.215729e+04 9.872858e+11
1.416683e+04 7.985671e+11
1.617638e+04 6.555001e+11
1.818593e+04 5.445541e+11
2.019548e+04 4.564565e+11
2.220503e+04 3.854755e+11
2.421457e+04 3.275560e+11
2.622412e+04 2.798097e+11
2.823367e+04 2.400999e+11
3.024322e+04 2.068019e+11
3.225276e+04 1.787273e+11
3.426231e+04 1.549090e+11
3.627186e+04 1.346120e+11
3.828141e+04 1.172297e+11
4.029095e+04 1.023011e+11
4.230050e+04 8.940673e+10
4.431005e+04 7.826656e+10
4.631960e+04 6.861113e+10
4.832915e+04 6.021388e+10
5.033869e+04 5.290425e+10
5.234824e+04 4.651877e+10
5.435779e+04 4.095496e+10
5.636734e+04 3.607171e+10
5.837688e+04 3.179874e+10
6.038643e+04 2.804201e+10
6.239598e+04 2.475163e+10
6.440553e+04 2.185289e+10
6.641508e+04 1.930285e+10
6.842462e+04 1.706312e+10
7.043417e+04 1.508618e+10
7.244372e+04 1.334297e+10
7.445327e+04 1.180565e+10
7.646281e+04 1.044936e+10
7.847236e+04 9.250762e+09
8.048191e+04 8.192434e+09
8.249146e+04 7.257368e+09
8.450101e+04 6.430455e+09
8.651055e+04 5.699755e+09
8.852010e+04 5.053067e+09
9.052965e+04 4.480378e+09
9.253920e+04 3.973625e+09
9.454874e+04 3.524374e+09
9.655829e+04 3.126962e+09
9.856784e+04 2.774958e+09
1.005774e+05 2.463040e+09
1.025869e+05 2.186061e+09
1.045965e+05 1.941128e+09
1.066060e+05 1.723540e+09
1.086156e+05 1.530575e+09
1.106251e+05 1.359987e+09
1.126347e+05 1.207916e+09
1.146442e+05 1.073388e+09
1.166538e+05 9.537824e+08
1.186633e+05 8.474972e+08
1.206729e+05 7.534062e+08
1.226824e+05 6.696995e+08
1.246920e+05 5.954848e+08
1.267015e+05 5.294765e+08
1.287111e+05 4.708751e+08
1.307206e+05 4.187464e+08
1.327302e+05 3.724828e+08
1.347397e+05 3.313842e+08
1.367492e+05 2.948572e+08
1.387588e+05 2.623431e+08
1.407683e+05 2.334567e+08
1.427779e+05 2.077648e+08
1.447874e+05 1.849272e+08
1.467970e+05 1.646221e+08
1.488065e+05 1.465894e+08
1.508161e+05 1.305161e+08
1.528256e+05 1.162109e+08
1.548352e+05 1.034960e+08
1.568447e+05 9.216298e+07
1.588543e+05 8.208781e+07
1.608638e+05 7.314374e+07
1.628734e+05 6.514263e+07
1.648829e+05 5.805054e+07
1.668925e+05 5.172801e+07
1.689020e+05 4.609889e+07
1.709116e+05 4.108284e+07
1.729211e+05 3.662108e+07
1.749307e+05 3.264039e+07
1.769402e+05 2.909989e+07
1.789497e+05 2.594611e+07
1.809593e+05 2.313305e+07
1.829688e+05 2.062772e+07
1.849784e+05 1.839848e+07
1.869879e+05 1.640968e+07
1.889975e+05 1.463645e+07
1.910070e+05 1.305867e+07
1.930166e+05 1.164844e+07
1.950261e+05 1.039034e+07
1.970357e+05 9.274626e+06
1.990452e+05 8.276900e+06
2.010548e+05 7.383672e+06
2.030643e+05 6.591842e+06
2.050739e+05 5.883797e+06
2.070834e+05 5.252271e+06
2.090930e+05 4.689071e+06
2.111025e+05 4.186589e+06
2.131121e+05 3.738395e+06
2.151216e+05 3.338278e+06
2.171312e+05 2.981395e+06
2.191407e+05 2.662576e+06
2.211503e+05 2.378439e+06
2.231598e+05 2.124514e+06
2.251693e+05 1.898185e+06
2.271789e+05 1.695678e+06
2.291884e+05 1.515046e+06
2.311980e+05 1.353992e+06
2.332075e+05 1.209863e+06
2.352171e+05 1.081377e+06
2.372266e+05 9.664486e+05
2.392362e+05 8.641594e+05
2.412457e+05 7.724187e+05
2.432553e+05 6.904156e+05
2.452648e+05 6.175030e+05
2.472744e+05 5.520184e+05
2.492839e+05 4.936572e+05
2.512935e+05 4.415766e+05
2.533030e+05 3.947484e+05
2.553126e+05 3.531348e+05
2.573221e+05 3.158748e+05
2.593317e+05 2.825855e+05
2.613412e+05 2.527974e+05
2.633508e+05 2.261917e+05
2.653603e+05 2.024007e+05
2.673698e+05 1.810992e+05
2.693794e+05 1.620807e+05
2.713889e+05 1.450394e+05
2.733985e+05 1.298215e+05
2.754080e+05 1.162055e+05
2.774176e+05 1.040396e+05
2.794271e+05 9.312934e+04
2.814367e+05 8.336979e+04
2.834462e+05 7.466590e+04
2.854558e+05 6.685526e+04
2.874653e+05 5.984956e+04
2.894749e+05 5.359749e+04
2.914844e+05 4.801484e+04
2.934940e+05 4.299918e+04
2.955035e+05 3.851054e+04
2.975131e+05 3.450919e+04
2.995226e+05 3.090816e+04
3.015322e+05 2.769164e+04
3.035417e+05 2.481147e+04
3.055513e+05 2.223030e+04
3.075608e+05 1.992048e+04
3.095704e+05 1.785021e+04
3.115799e+05 1.599917e+04
3.135894e+05 1.433757e+04
3.155990e+05 1.285239e+04
3.176085e+05 1.151824e+04
3.196181e+05 1.032602e+04
3.216276e+05 9.256779e+03
3.236372e+05 8.298066e+03
3.256467e+05 7.439514e+03
3.276563e+05 6.670843e+03
3.296658e+05 5.983080e+03
3.316754e+05 5.365072e+03
3.336849e+05 4.811447e+03
3.356945e+05 4.313446e+03
3.377040e+05 3.869062e+03
3.397136e+05 3.469521e+03
3.417231e+05 3.112720e+03
3.437327e+05 2.792190e+03
3.457422e+05 2.504726e+03
3.477518e+05 2.247090e+03
3.497613e+05 2.015834e+03
3.517709e+05 1.808751e+03
3.537804e+05 1.622724e+03
3.557899e+05 1.456199e+03
3.577995e+05 1.306626e+03
3.598090e+05 1.172619e+03
3.618186e+05 1.052263e+03
3.638281e+05 9.444530e+02
3.658377e+05 8.474967e+02
3.678472e+05 7.607170e+02
3.698568e+05 6.827836e+02
3.718663e+05 6.129533e+02
3.738759e+05 5.502928e+02
3.758854e+05 4.938892e+02
3.778950e+05 4.433778e+02
3.799045e+05 3.981389e+02
3.819141e+05 3.574103e+02
3.839236e+05 3.208972e+02
3.859332e+05 2.881328e+02
3.879427e+05 2.587312e+02
3.899523e+05 2.323642e+02
3.919618e+05 2.086754e+02
3.939714e+05 1.873891e+02
3.959809e+05 1.683071e+02
3.979905e+05 1.511560e+02
4.000000e+05 1.357500e+02
