1.000000e+02 2.073282e+12
2.109548e+03 6.928514e+11
4.119095e+03 5.164579e+11
6.128643e+03 4.243402e+11
8.138191e+03 3.574239e+11
1.014774e+04 3.054429e+11
1.215729e+04 2.480936e+11
1.416683e+04 2.071810e+11
1.617638e+04 1.827423e+11
1.818593e+04 1.606192e+11
2.019548e+04 1.411797e+11
2.220503e+04 1.240355e+11
2.421457e+04 1.090061e+11
2.622412e+04 9.577501e+10
2.823367e+04 8.411512e+10
3.024322e+04 7.373030e+10
3.225276e+04 6.431454e+10
3.426231e+04 5.542634e+10
3.627186e+04 4.551115e+10
3.828141e+04 2.198299e+10
4.029095e+04 9.677707e+09
4.230050e+04 5.343097e+09
4.431005e+04 3.249409e+09
4.631960e+04 2.092310e+09
4.832915e+04 1.399704e+09
5.033869e+04 9.636921e+08
5.234824e+04 6.781891e+08
5.435779e+04 4.857901e+08
5.636734e+04 3.531126e+08
5.837688e+04 2.599680e+08
6.038643e+04 1.934149e+08
6.239598e+04 1.452852e+08
6.440553e+04 1.099904e+08
6.641508e+04 8.389200e+07
6.842462e+04 6.434873e+07
7.043417e+04 4.964981e+07
7.244372e+04 3.839855e+07
7.445327e+04 2.976221e+07
7.646281e+04 2.316660e+07
7.847236e+04 1.720639e+07
8.048191e+04 1.463307e+07
8.249146e+04 1.185607e+07
8.450101e+04 9.567960e+06
8.651055e+04 7.747196e+06
8.852010e+04 6.271485e+06
9.052965e+04 5.081361e+06
9.253920e+04 4.128994e+06
9.454874e+04 3.359769e+06
9.655829e+04 2.738870e+06
9.856784e+04 2.238453e+06
1.005774e+05 1.832147e+06
1.025869e+05 1.502517e+06
1.045965e+05 1.234165e+06
1.066060e+05 1.016254e+06
1.086156e+05 8.377916e+05
1.106251e+05 6.918096e+05
1.126347e+05 5.723025e+05
1.146442e+05 4.741670e+05
1.166538e+05 3.933723e+05
1.186633e+05 3.268721e+05
1.206729e+05 2.719723e+05
1.226824e+05 2.266335e+05
1.246920e+05 1.890490e+05
1.267015e+05 1.579461e+05
1.287111e+05 1.320887e+05
1.307206e+05 1.106192e+05
1.327302e+05 9.273884e+04
1.347397e+05 7.782061e+04
1.367492e+05 6.539554e+04
1.387588e+05 5.498971e+04
1.407683e+05 4.630722e+04
1.427779e+05 3.900977e+04
1.447874e+05 3.291767e+04
1.467970e+05 2.778974e+04
1.488065e+05 2.348820e+04
1.508161e+05 1.986580e+04
1.528256e+05 1.681907e+04
1.548352e+05 1.425381e+04
1.568447e+05 1.208792e+04
1.588543e+05 1.025962e+04
1.608638e+05 8.713492e+03
1.628734e+05 7.405487e+03
1.648829e+05 6.298143e+03
1.668925e+05 5.360458e+03
1.689020e+05 4.565815e+03
1.709116e+05 3.891700e+03
1.729211e+05 3.318861e+03
1.749307e+05 2.832486e+03
1.769402e+05 2.418234e+03
1.789497e+05 2.066621e+03
1.809593e+05 1.766814e+03
1.829688e+05 1.511880e+03
1.849784e+05 1.293621e+03
1.869879e+05 1.108323e+03
1.889975e+05 9.494227e+02
1.910070e+05 8.142695e+02
1.930166e+05 6.984555e+02
1.950261e+05 5.994037e+02
1.970357e+05 5.147231e+02
1.990452e+05 4.422475e+02
2.010548e+05 3.801305e+02
2.030643e+05 3.269120e+02
2.050739e+05 2.812660e+02
2.070834e+05 2.420873e+02
2.090930e+05 2.084796e+02
2.111025e+05 1.796153e+02
2.131121e+05 1.547944e+02
2.151216e+05 1.334693e+02
2.171312e+05 1.151459e+02
2.191407e+05 9.936985e+01
2.211503e+05 8.577450e+01
2.231598e+05 7.407147e+01
2.251693e+05 6.400123e+01
2.271789e+05 5.531655e+01
2.291884e+05 4.782130e+01
2.311980e+05 4.136951e+01
2.332075e+05 3.579258e+01
2.352171e+05 3.098482e+01
2.372266e+05 2.682035e+01
2.392362e+05 2.323136e+01
2.412457e+05 2.012680e+01
2.432553e+05 1.744774e+01
2.452648e+05 1.512652e+01
2.472744e+05 1.311652e+01
2.492839e+05 1.137870e+01
2.512935e+05 9.874774e+00
2.533030e+05 8.571308e+00
2.553126e+05 7.442546e+00
2.573221e+05 6.464064e+00
2.593317e+05 5.616110e+00
2.613412e+05 4.880825e+00
2.633508e+05 4.242856e+00
2.653603e+05 3.688908e+00
2.673698e+05 3.208801e+00
2.693794e+05 2.791572e+00
2.713889e+05 2.429172e+00
2.733985e+05 2.114370e+00
2.754080e+05 1.841308e+00
2.774176e+05 1.603584e+00
2.794271e+05 1.396602e+00
2.814367e+05 1.217052e+00
2.834462e+05 1.060542e+00
2.854558e+05 9.244866e-01
2.874653e+05 8.058932e-01
2.894749e+05 7.030044e-01
2.914844e+05 6.133097e-01
2.934940e+05 5.350548e-01
2.955035e+05 4.669506e-01
2.975131e+05 4.075814e-01
2.995226e+05 3.558612e-01
3.015322e+05 3.107439e-01
3.035417e+05 2.714264e-01
3.055513e+05 2.371239e-01
3.075608e+05 2.071996e-01
3.095704e+05 1.810964e-01
3.115799e+05 1.583029e-01
3.135894e+05 1.383964e-01
3.155990e+05 1.210299e-01
3.176085e+05 1.058586e-01
3.196181e+05 9.260010e-02
3.216276e+05 8.103630e-02
3.236372e+05 7.089711e-02
3.256467e+05 6.207639e-02
3.276563e+05 5.434160e-02
3.296658e+05 4.758021e-02
3.316754e+05 4.165755e-02
3.336849e+05 3.649688e-02
3.356945e+05 3.196883e-02
3.377040e+05 2.800979e-02
3.397136e+05 2.454567e-02
3.417231e+05 2.151511e-02
3.437327e+05 1.885991e-02
3.457422e+05 1.653602e-02
3.477518e+05 1.450007e-02
3.497613e+05 1.271603e-02
3.517709e+05 1.115433e-02
3.537804e+05 9.786196e-03
3.557899e+05 8.587151e-03
3.577995e+05 7.534732e-03
3.598090e+05 6.614469e-03
3.618186e+05 5.805394e-03
3.638281e+05 5.096265e-03
3.658377e+05 4.475381e-03
3.678472e+05 3.930331e-03
3.698568e+05 3.452046e-03
3.718663e+05 3.032516e-03
3.738759e+05 2.664381e-03
3.758854e+05 2.340876e-03
3.778950e+05 2.057424e-03
3.799045e+05 1.808215e-03
3.819141e+05 1.589459e-03
3.839236e+05 1.397179e-03
3.859332e+05 1.228408e-03
3.879427e+05 1.080245e-03
3.899523e+05 9.500522e-04
3.919618e+05 8.356613e-04
3.939714e+05 7.350415e-04
3.959809e+05 6.466854e-04
3.979905e+05 5.690347e-04
4.000000e+05 5.006952e-04
