1.000000e+00 6.744853e+10
1.100000e+00 6.139629e+10
1.200000e+00 5.598916e+10
1.300000e+00 5.137914e+10
1.400000e+00 4.742769e+10
1.500000e+00 4.384772e+10
1.600000e+00 4.069167e+10
1.700000e+00 3.790693e+10
1.800000e+00 3.536049e+10
1.900000e+00 3.306685e+10
2.000000e+00 3.100257e+10
2.100000e+00 2.910232e+10
2.200000e+00 2.736554e+10
2.300000e+00 2.577977e+10
2.400000e+00 2.431246e+10
2.500000e+00 2.295754e+10
2.600000e+00 2.170684e+10
2.700000e+00 2.054462e+10
2.800000e+00 1.946353e+10
2.900000e+00 1.845699e+10
3.000000e+00 1.751819e+10
3.100000e+00 1.664031e+10
3.200000e+00 1.581731e+10
3.300000e+00 1.504711e+10
3.400000e+00 1.432420e+10
3.500000e+00 1.364261e+10
3.600000e+00 1.300274e+10
3.700000e+00 1.240063e+10
3.800000e+00 1.183020e+10
3.900000e+00 1.129309e+10
4.000000e+00 1.078683e+10
4.100000e+00 1.030526e+10
4.200000e+00 9.850489e+09
4.300000e+00 9.421441e+09
4.400000e+00 9.011894e+09
4.500000e+00 8.624013e+09
4.600000e+00 8.257947e+09
4.700000e+00 7.907458e+09
4.800000e+00 7.574556e+09
4.900000e+00 7.260419e+09
5.000000e+00 6.958846e+09
5.100000e+00 6.671585e+09
5.200000e+00 6.400658e+09
5.300000e+00 6.139955e+09
5.400000e+00 5.890908e+09
5.500000e+00 5.656226e+09
5.600000e+00 5.429926e+09
5.700000e+00 5.213118e+09
5.800000e+00 5.009050e+09
5.900000e+00 4.811900e+09
6.000000e+00 4.622468e+09
6.100000e+00 4.444416e+09
6.200000e+00 4.272108e+09
6.300000e+00 4.106059e+09
6.400000e+00 3.950236e+09
6.500000e+00 3.799207e+09
6.600000e+00 3.653234e+09
6.700000e+00 3.516493e+09
6.800000e+00 3.383775e+09
6.900000e+00 3.255116e+09
7.000000e+00 3.134829e+09
7.100000e+00 3.017931e+09
7.200000e+00 2.904279e+09
7.300000e+00 2.798220e+09
7.400000e+00 2.695040e+09
7.500000e+00 2.594610e+09
7.600000e+00 2.500731e+09
7.700000e+00 2.409484e+09
7.800000e+00 2.320577e+09
7.900000e+00 2.237317e+09
8.000000e+00 2.156484e+09
8.100000e+00 2.077647e+09
8.200000e+00 2.003674e+09
8.300000e+00 1.931952e+09
8.400000e+00 1.861938e+09
8.500000e+00 1.796109e+09
8.600000e+00 1.732379e+09
8.700000e+00 1.670113e+09
8.800000e+00 1.611445e+09
8.900000e+00 1.554739e+09
9.000000e+00 1.499293e+09
9.100000e+00 1.446934e+09
9.200000e+00 1.396416e+09
9.300000e+00 1.346984e+09
9.400000e+00 1.300197e+09
9.500000e+00 1.255140e+09
9.600000e+00 1.211021e+09
9.700000e+00 1.169163e+09
9.800000e+00 1.128933e+09
9.900000e+00 1.089516e+09
1.000000e+01 1.052028e+09
1.010000e+01 1.016073e+09
1.020000e+01 9.808225e+08
1.030000e+01 9.472138e+08
1.040000e+01 9.150492e+08
1.050000e+01 8.834974e+08
1.060000e+01 8.533379e+08
1.070000e+01 8.245397e+08
1.080000e+01 7.962748e+08
1.090000e+01 7.691867e+08
1.100000e+01 7.433817e+08
1.110000e+01 7.180415e+08
1.120000e+01 6.936919e+08
1.130000e+01 6.705514e+08
1.140000e+01 6.478169e+08
1.150000e+01 6.259119e+08
1.160000e+01 6.051461e+08
1.170000e+01 5.847352e+08
1.180000e+01 5.650152e+08
1.190000e+01 5.463678e+08
1.200000e+01 5.280312e+08
1.210000e+01 5.102661e+08
1.220000e+01 4.935105e+08
1.230000e+01 4.770275e+08
1.240000e+01 4.610131e+08
1.250000e+01 4.459485e+08
1.260000e+01 4.311230e+08
1.270000e+01 4.166781e+08
1.280000e+01 4.031262e+08
1.290000e+01 3.897845e+08
1.300000e+01 3.767477e+08
1.310000e+01 3.645502e+08
1.320000e+01 3.525374e+08
1.330000e+01 3.407653e+08
1.340000e+01 3.297812e+08
1.350000e+01 3.189598e+08
1.360000e+01 3.083241e+08
1.370000e+01 2.984280e+08
1.380000e+01 2.886753e+08
1.390000e+01 2.790629e+08
1.400000e+01 2.701417e+08
1.410000e+01 2.613484e+08
1.420000e+01 2.526789e+08
1.430000e+01 2.446111e+08
1.440000e+01 2.366794e+08
1.450000e+01 2.288571e+08
1.460000e+01 2.215579e+08
1.470000e+01 2.144005e+08
1.480000e+01 2.073399e+08
1.490000e+01 2.007332e+08
1.500000e+01 1.942722e+08
1.510000e+01 1.878967e+08
1.520000e+01 1.819145e+08
1.530000e+01 1.760799e+08
1.540000e+01 1.703211e+08
1.550000e+01 1.649022e+08
1.560000e+01 1.596315e+08
1.570000e+01 1.544280e+08
1.580000e+01 1.495176e+08
1.590000e+01 1.447547e+08
1.600000e+01 1.400514e+08
1.610000e+01 1.356003e+08
1.620000e+01 1.312949e+08
1.630000e+01 1.270424e+08
1.640000e+01 1.230063e+08
1.650000e+01 1.191133e+08
1.660000e+01 1.152673e+08
1.670000e+01 1.116062e+08
1.680000e+01 1.080852e+08
1.690000e+01 1.046058e+08
1.700000e+01 1.012840e+08
1.710000e+01 9.809840e+07
1.720000e+01 9.494988e+07
1.730000e+01 9.193493e+07
1.740000e+01 8.905211e+07
1.750000e+01 8.620224e+07
1.760000e+01 8.346509e+07
1.770000e+01 8.085558e+07
1.780000e+01 7.827539e+07
1.790000e+01 7.578977e+07
1.800000e+01 7.342707e+07
1.810000e+01 7.109048e+07
1.820000e+01 6.883271e+07
1.830000e+01 6.669297e+07
1.840000e+01 6.457649e+07
1.850000e+01 6.252517e+07
1.860000e+01 6.058692e+07
1.870000e+01 5.866939e+07
1.880000e+01 5.680521e+07
1.890000e+01 5.504908e+07
1.900000e+01 5.331143e+07
1.910000e+01 5.161693e+07
1.920000e+01 5.002547e+07
1.930000e+01 4.845050e+07
1.940000e+01 4.690990e+07
1.950000e+01 4.546738e+07
1.960000e+01 4.403958e+07
1.970000e+01 4.263861e+07
1.980000e+01 4.133083e+07
1.990000e+01 4.003620e+07
2.000000e+01 3.876194e+07
2.010000e+01 3.757610e+07
2.020000e+01 3.640200e+07
2.030000e+01 3.524277e+07
2.040000e+01 3.416729e+07
2.050000e+01 3.310231e+07
2.060000e+01 3.204767e+07
2.070000e+01 3.107198e+07
2.080000e+01 3.010580e+07
2.090000e+01 2.914888e+07
2.100000e+01 2.826082e+07
2.110000e+01 2.738414e+07
2.120000e+01 2.651574e+07
2.130000e+01 2.570730e+07
2.140000e+01 2.491170e+07
2.150000e+01 2.412351e+07
2.160000e+01 2.338743e+07
2.170000e+01 2.266529e+07
2.180000e+01 2.194979e+07
2.190000e+01 2.127947e+07
2.200000e+01 2.062392e+07
2.210000e+01 1.997431e+07
2.220000e+01 1.936379e+07
2.230000e+01 1.876860e+07
2.240000e+01 1.817872e+07
2.250000e+01 1.762258e+07
2.260000e+01 1.708211e+07
2.270000e+01 1.654640e+07
2.280000e+01 1.603972e+07
2.290000e+01 1.554887e+07
2.300000e+01 1.506229e+07
2.310000e+01 1.460061e+07
2.320000e+01 1.415477e+07
2.330000e+01 1.371275e+07
2.340000e+01 1.329201e+07
2.350000e+01 1.288699e+07
2.360000e+01 1.248541e+07
2.370000e+01 1.210192e+07
2.380000e+01 1.173395e+07
2.390000e+01 1.136906e+07
2.400000e+01 1.101949e+07
2.410000e+01 1.068513e+07
2.420000e+01 1.035354e+07
2.430000e+01 1.003484e+07
2.440000e+01 9.730987e+06
2.450000e+01 9.429618e+06
2.460000e+01 9.139029e+06
2.470000e+01 8.862871e+06
2.480000e+01 8.588939e+06
2.490000e+01 8.323952e+06
2.500000e+01 8.072933e+06
2.510000e+01 7.823915e+06
2.520000e+01 7.582245e+06
2.530000e+01 7.354052e+06
2.540000e+01 7.127656e+06
2.550000e+01 6.907229e+06
2.560000e+01 6.699764e+06
2.570000e+01 6.493914e+06
2.580000e+01 6.292840e+06
2.590000e+01 6.104201e+06
2.600000e+01 5.917013e+06
2.610000e+01 5.733574e+06
2.620000e+01 5.562035e+06
2.630000e+01 5.391801e+06
2.640000e+01 5.224433e+06
2.650000e+01 5.068429e+06
2.660000e+01 4.913597e+06
2.670000e+01 4.760878e+06
2.680000e+01 4.618988e+06
2.690000e+01 4.478153e+06
2.700000e+01 4.338786e+06
2.710000e+01 4.209722e+06
2.720000e+01 4.081606e+06
2.730000e+01 3.954429e+06
2.740000e+01 3.837004e+06
2.750000e+01 3.720448e+06
2.760000e+01 3.604737e+06
2.770000e+01 3.497539e+06
2.780000e+01 3.391491e+06
2.790000e+01 3.286203e+06
2.800000e+01 3.188333e+06
2.810000e+01 3.091838e+06
2.820000e+01 2.996026e+06
2.830000e+01 2.906665e+06
2.840000e+01 2.818854e+06
2.850000e+01 2.731659e+06
2.860000e+01 2.650059e+06
2.870000e+01 2.570144e+06
2.880000e+01 2.490785e+06
2.890000e+01 2.416267e+06
2.900000e+01 2.343533e+06
2.910000e+01 2.271299e+06
2.920000e+01 2.203243e+06
2.930000e+01 2.137039e+06
2.940000e+01 2.071286e+06
2.950000e+01 2.009126e+06
2.960000e+01 1.948862e+06
2.970000e+01 1.889004e+06
2.980000e+01 1.832226e+06
2.990000e+01 1.777364e+06
3.000000e+01 1.722868e+06
3.010000e+01 1.671002e+06
3.020000e+01 1.621055e+06
3.030000e+01 1.571438e+06
3.040000e+01 1.524055e+06
3.050000e+01 1.478580e+06
3.060000e+01 1.433401e+06
3.070000e+01 1.390112e+06
3.080000e+01 1.348704e+06
3.090000e+01 1.307564e+06
3.100000e+01 1.268012e+06
3.110000e+01 1.230306e+06
3.120000e+01 1.192841e+06
3.130000e+01 1.156701e+06
3.140000e+01 1.122363e+06
3.150000e+01 1.088243e+06
3.160000e+01 1.055218e+06
3.170000e+01 1.023946e+06
3.180000e+01 9.928704e+05
3.190000e+01 9.626908e+05
3.200000e+01 9.342085e+05
3.210000e+01 9.059037e+05
3.220000e+01 8.783225e+05
3.230000e+01 8.523797e+05
3.240000e+01 8.265970e+05
3.250000e+01 8.013890e+05
3.260000e+01 7.777578e+05
3.270000e+01 7.542712e+05
3.280000e+01 7.312309e+05
3.290000e+01 7.097041e+05
3.300000e+01 6.883078e+05
3.310000e+01 6.672476e+05
3.320000e+01 6.476367e+05
3.330000e+01 6.281435e+05
3.340000e+01 6.088922e+05
3.350000e+01 5.910256e+05
3.360000e+01 5.732654e+05
3.370000e+01 5.556667e+05
3.380000e+01 5.393884e+05
3.390000e+01 5.232061e+05
3.400000e+01 5.071190e+05
3.410000e+01 4.922852e+05
3.420000e+01 4.775399e+05
3.430000e+01 4.628806e+05
3.440000e+01 4.493157e+05
3.450000e+01 4.358791e+05
3.460000e+01 4.225201e+05
3.470000e+01 4.101150e+05
3.480000e+01 3.978702e+05
3.490000e+01 3.856956e+05
3.500000e+01 3.743507e+05
3.510000e+01 3.631915e+05
3.520000e+01 3.520957e+05
3.530000e+01 3.417197e+05
3.540000e+01 3.315493e+05
3.550000e+01 3.214363e+05
3.560000e+01 3.119462e+05
3.570000e+01 3.026765e+05
3.580000e+01 2.934587e+05
3.590000e+01 2.847784e+05
3.600000e+01 2.763294e+05
3.610000e+01 2.679272e+05
3.620000e+01 2.599872e+05
3.630000e+01 2.522858e+05
3.640000e+01 2.446266e+05
3.650000e+01 2.373636e+05
3.660000e+01 2.303433e+05
3.670000e+01 2.233612e+05
3.680000e+01 2.167171e+05
3.690000e+01 2.103173e+05
3.700000e+01 2.039522e+05
3.710000e+01 1.978740e+05
3.720000e+01 1.920397e+05
3.730000e+01 1.862367e+05
3.740000e+01 1.806761e+05
3.750000e+01 1.753571e+05
3.760000e+01 1.700663e+05
3.770000e+01 1.649790e+05
3.780000e+01 1.601295e+05
3.790000e+01 1.553056e+05
3.800000e+01 1.506511e+05
3.810000e+01 1.462296e+05
3.820000e+01 1.418311e+05
3.830000e+01 1.375725e+05
3.840000e+01 1.335409e+05
3.850000e+01 1.295302e+05
3.860000e+01 1.256336e+05
3.870000e+01 1.219575e+05
3.880000e+01 1.183003e+05
3.890000e+01 1.147348e+05
3.900000e+01 1.113826e+05
3.910000e+01 1.080476e+05
3.920000e+01 1.047850e+05
3.930000e+01 1.017281e+05
3.940000e+01 9.868676e+04
3.950000e+01 9.570121e+04
3.960000e+01 9.291352e+04
3.970000e+01 9.013988e+04
3.980000e+01 8.740777e+04
3.990000e+01 8.486546e+04
4.000000e+01 8.233586e+04
4.010000e+01 7.983560e+04
4.020000e+01 7.751698e+04
4.030000e+01 7.520987e+04
4.040000e+01 7.292172e+04
4.050000e+01 7.080703e+04
4.060000e+01 6.870276e+04
4.070000e+01 6.660883e+04
4.080000e+01 6.467989e+04
4.090000e+01 6.276057e+04
4.100000e+01 6.085060e+04
4.110000e+01 5.908476e+04
4.120000e+01 5.733406e+04
4.130000e+01 5.559183e+04
4.140000e+01 5.397524e+04
4.150000e+01 5.237830e+04
4.160000e+01 5.078903e+04
4.170000e+01 4.930904e+04
4.180000e+01 4.785230e+04
4.190000e+01 4.640251e+04
4.200000e+01 4.504754e+04
4.210000e+01 4.371865e+04
4.220000e+01 4.239605e+04
4.230000e+01 4.115551e+04
4.240000e+01 3.994321e+04
4.250000e+01 3.873660e+04
4.260000e+01 3.760080e+04
4.270000e+01 3.649482e+04
4.280000e+01 3.539401e+04
4.290000e+01 3.435407e+04
4.300000e+01 3.334506e+04
4.310000e+01 3.234072e+04
4.320000e+01 3.138854e+04
4.330000e+01 3.046796e+04
4.340000e+01 2.955163e+04
4.350000e+01 2.867977e+04
4.360000e+01 2.783985e+04
4.370000e+01 2.700378e+04
4.380000e+01 2.620545e+04
4.390000e+01 2.543910e+04
4.400000e+01 2.467624e+04
4.410000e+01 2.394523e+04
4.420000e+01 2.324598e+04
4.430000e+01 2.254989e+04
4.440000e+01 2.188051e+04
4.450000e+01 2.124247e+04
4.460000e+01 2.060729e+04
4.470000e+01 1.999433e+04
4.480000e+01 1.941212e+04
4.490000e+01 1.883251e+04
4.500000e+01 1.827119e+04
4.510000e+01 1.773992e+04
4.520000e+01 1.721100e+04
4.530000e+01 1.669697e+04
4.540000e+01 1.621216e+04
4.550000e+01 1.572949e+04
4.560000e+01 1.525875e+04
4.570000e+01 1.481633e+04
4.580000e+01 1.437584e+04
4.590000e+01 1.394474e+04
4.600000e+01 1.354099e+04
4.610000e+01 1.313900e+04
4.620000e+01 1.274419e+04
4.630000e+01 1.237572e+04
4.640000e+01 1.200884e+04
4.650000e+01 1.164727e+04
4.660000e+01 1.131099e+04
4.670000e+01 1.097615e+04
4.680000e+01 1.064500e+04
4.690000e+01 1.033809e+04
4.700000e+01 1.003248e+04
4.710000e+01 9.729198e+03
4.720000e+01 9.449083e+03
4.730000e+01 9.170152e+03
4.740000e+01 8.892398e+03
4.750000e+01 8.636715e+03
4.760000e+01 8.382125e+03
4.770000e+01 8.128602e+03
4.780000e+01 7.894361e+03
4.790000e+01 7.661980e+03
4.800000e+01 7.430568e+03
4.810000e+01 7.215968e+03
4.820000e+01 7.003855e+03
4.830000e+01 6.792620e+03
4.840000e+01 6.596010e+03
4.850000e+01 6.402393e+03
4.860000e+01 6.209572e+03
4.870000e+01 6.029426e+03
4.880000e+01 5.852667e+03
4.890000e+01 5.676631e+03
4.900000e+01 5.511594e+03
4.910000e+01 5.350259e+03
4.920000e+01 5.189580e+03
4.930000e+01 5.038376e+03
4.940000e+01 4.891099e+03
4.950000e+01 4.744416e+03
4.960000e+01 4.605880e+03
4.970000e+01 4.471432e+03
4.980000e+01 4.337524e+03
4.990000e+01 4.210593e+03
5.000000e+01 4.087853e+03
5.010000e+01 3.965604e+03
5.020000e+01 3.849304e+03
5.030000e+01 3.737252e+03
5.040000e+01 3.625644e+03
5.050000e+01 3.519083e+03
5.060000e+01 3.416784e+03
5.070000e+01 3.314889e+03
5.080000e+01 3.217251e+03
5.090000e+01 3.123856e+03
5.100000e+01 3.030826e+03
5.110000e+01 2.941363e+03
5.120000e+01 2.856093e+03
5.130000e+01 2.771156e+03
5.140000e+01 2.689181e+03
5.150000e+01 2.611329e+03
5.160000e+01 2.533779e+03
5.170000e+01 2.458666e+03
5.180000e+01 2.387585e+03
5.190000e+01 2.316778e+03
5.200000e+01 2.247950e+03
5.210000e+01 2.183050e+03
5.220000e+01 2.118398e+03
5.230000e+01 2.055330e+03
5.240000e+01 1.996071e+03
5.250000e+01 1.937039e+03
5.260000e+01 1.879247e+03
5.270000e+01 1.825139e+03
5.280000e+01 1.771236e+03
5.290000e+01 1.718280e+03
5.300000e+01 1.668873e+03
5.310000e+01 1.619653e+03
5.320000e+01 1.571126e+03
5.330000e+01 1.526012e+03
5.340000e+01 1.481067e+03
5.350000e+01 1.436599e+03
5.360000e+01 1.395404e+03
5.370000e+01 1.354362e+03
5.380000e+01 1.313613e+03
5.390000e+01 1.275995e+03
5.400000e+01 1.238516e+03
5.410000e+01 1.201176e+03
5.420000e+01 1.166823e+03
5.430000e+01 1.132598e+03
5.440000e+01 1.098499e+03
5.450000e+01 1.067009e+03
5.460000e+01 1.035754e+03
5.470000e+01 1.004614e+03
5.480000e+01 9.757486e+02
5.490000e+01 9.472058e+02
5.500000e+01 9.187669e+02
5.510000e+01 8.923076e+02
5.520000e+01 8.662411e+02
5.530000e+01 8.402690e+02
5.540000e+01 8.160146e+02
5.550000e+01 7.922092e+02
5.560000e+01 7.684894e+02
5.570000e+01 7.462562e+02
5.580000e+01 7.245152e+02
5.590000e+01 7.028521e+02
5.600000e+01 6.824714e+02
5.610000e+01 6.626156e+02
5.620000e+01 6.428304e+02
5.630000e+01 6.241478e+02
5.640000e+01 6.060133e+02
5.650000e+01 5.879430e+02
5.660000e+01 5.708168e+02
5.670000e+01 5.542542e+02
5.680000e+01 5.377499e+02
5.690000e+01 5.220504e+02
5.700000e+01 5.069231e+02
5.710000e+01 4.918487e+02
5.720000e+01 4.774570e+02
5.730000e+01 4.636404e+02
5.740000e+01 4.498720e+02
5.750000e+01 4.366790e+02
5.760000e+01 4.240594e+02
5.770000e+01 4.114835e+02
5.780000e+01 3.993893e+02
5.790000e+01 3.878627e+02
5.800000e+01 3.763759e+02
5.810000e+01 3.652889e+02
5.820000e+01 3.547606e+02
5.830000e+01 3.442683e+02
5.840000e+01 3.341047e+02
5.850000e+01 3.244879e+02
5.860000e+01 3.149040e+02
5.870000e+01 3.055867e+02
5.880000e+01 2.968025e+02
5.890000e+01 2.880481e+02
5.900000e+01 2.795067e+02
5.910000e+01 2.714828e+02
5.920000e+01 2.634860e+02
5.930000e+01 2.556558e+02
5.940000e+01 2.483263e+02
5.950000e+01 2.410215e+02
5.960000e+01 2.338432e+02
5.970000e+01 2.271479e+02
5.980000e+01 2.204751e+02
5.990000e+01 2.138944e+02
6.000000e+01 2.077784e+02
6.010000e+01 2.016827e+02
6.020000e+01 1.956499e+02
6.030000e+01 1.900629e+02
6.040000e+01 1.844945e+02
6.050000e+01 1.789638e+02
6.060000e+01 1.738601e+02
6.070000e+01 1.687732e+02
6.080000e+01 1.637030e+02
6.090000e+01 1.590405e+02
6.100000e+01 1.543934e+02
6.110000e+01 1.497615e+02
6.120000e+01 1.454859e+02
6.130000e+01 1.412405e+02
6.140000e+01 1.370090e+02
6.150000e+01 1.330881e+02
6.160000e+01 1.292097e+02
6.170000e+01 1.253438e+02
6.180000e+01 1.217483e+02
6.190000e+01 1.182050e+02
6.200000e+01 1.146732e+02
6.210000e+01 1.113760e+02
6.220000e+01 1.081389e+02
6.230000e+01 1.049122e+02
6.240000e+01 1.018885e+02
6.250000e+01 9.893110e+01
6.260000e+01 9.598315e+01
6.270000e+01 9.321030e+01
6.280000e+01 9.050837e+01
6.290000e+01 8.781503e+01
6.300000e+01 8.527222e+01
6.310000e+01 8.280366e+01
6.320000e+01 8.034292e+01
6.330000e+01 7.801105e+01
6.340000e+01 7.575568e+01
6.350000e+01 7.350741e+01
6.360000e+01 7.136899e+01
6.370000e+01 6.930837e+01
6.380000e+01 6.725420e+01
6.390000e+01 6.529317e+01
6.400000e+01 6.341045e+01
6.410000e+01 6.153360e+01
6.420000e+01 5.973525e+01
6.430000e+01 5.801506e+01
6.440000e+01 5.630020e+01
6.450000e+01 5.465103e+01
6.460000e+01 5.307930e+01
6.470000e+01 5.151244e+01
6.480000e+01 5.000007e+01
6.490000e+01 4.856398e+01
6.500000e+01 4.713232e+01
6.510000e+01 4.574540e+01
6.520000e+01 4.443324e+01
6.530000e+01 4.312509e+01
6.540000e+01 4.185321e+01
6.550000e+01 4.065426e+01
6.560000e+01 3.945896e+01
6.570000e+01 3.829258e+01
6.580000e+01 3.719706e+01
6.590000e+01 3.610486e+01
6.600000e+01 3.503523e+01
6.610000e+01 3.403420e+01
6.620000e+01 3.303620e+01
6.630000e+01 3.205528e+01
6.640000e+01 3.114059e+01
6.650000e+01 3.022865e+01
6.660000e+01 2.932909e+01
6.670000e+01 2.849328e+01
6.680000e+01 2.765996e+01
6.690000e+01 2.683502e+01
6.700000e+01 2.607127e+01
6.710000e+01 2.530980e+01
6.720000e+01 2.455328e+01
6.730000e+01 2.385538e+01
6.740000e+01 2.315954e+01
6.750000e+01 2.246577e+01
6.760000e+01 2.182803e+01
6.770000e+01 2.119217e+01
6.780000e+01 2.055818e+01
6.790000e+01 1.997316e+01
6.800000e+01 1.939210e+01
6.810000e+01 1.881274e+01
6.820000e+01 1.827609e+01
6.830000e+01 1.774509e+01
6.840000e+01 1.721565e+01
6.850000e+01 1.672337e+01
6.860000e+01 1.623812e+01
6.870000e+01 1.575429e+01
6.880000e+01 1.530270e+01
6.890000e+01 1.485926e+01
6.900000e+01 1.441711e+01
6.910000e+01 1.400285e+01
6.920000e+01 1.359761e+01
6.930000e+01 1.319353e+01
6.940000e+01 1.281353e+01
6.950000e+01 1.244319e+01
6.960000e+01 1.207391e+01
6.970000e+01 1.172533e+01
6.980000e+01 1.138688e+01
6.990000e+01 1.104940e+01
7.000000e+01 1.072963e+01
7.010000e+01 1.042033e+01
7.020000e+01 1.011191e+01
7.030000e+01 9.818581e+00
7.040000e+01 9.535908e+00
7.050000e+01 9.254037e+00
7.060000e+01 8.984962e+00
7.070000e+01 8.726625e+00
7.080000e+01 8.469017e+00
7.090000e+01 8.222190e+00
7.100000e+01 7.986091e+00
7.110000e+01 7.750655e+00
7.120000e+01 7.524237e+00
7.130000e+01 7.308459e+00
7.140000e+01 7.093285e+00
7.150000e+01 6.885588e+00
7.160000e+01 6.688380e+00
7.170000e+01 6.491722e+00
7.180000e+01 6.301199e+00
7.190000e+01 6.120962e+00
7.200000e+01 5.941224e+00
7.210000e+01 5.766456e+00
7.220000e+01 5.601726e+00
7.230000e+01 5.437453e+00
7.240000e+01 5.277136e+00
7.250000e+01 5.126579e+00
7.260000e+01 4.976436e+00
7.270000e+01 4.829376e+00
7.280000e+01 4.691771e+00
7.290000e+01 4.554543e+00
7.300000e+01 4.419644e+00
7.310000e+01 4.293875e+00
7.320000e+01 4.168450e+00
7.330000e+01 4.044706e+00
7.340000e+01 3.929754e+00
7.350000e+01 3.815115e+00
7.360000e+01 3.701605e+00
7.370000e+01 3.596539e+00
7.380000e+01 3.491757e+00
7.390000e+01 3.387634e+00
7.400000e+01 3.291603e+00
7.410000e+01 3.195830e+00
7.420000e+01 3.100319e+00
7.430000e+01 3.012544e+00
7.440000e+01 2.925005e+00
7.450000e+01 2.837701e+00
7.460000e+01 2.757164e+00
7.470000e+01 2.677150e+00
7.480000e+01 2.597351e+00
7.490000e+01 2.523452e+00
7.500000e+01 2.450316e+00
7.510000e+01 2.377374e+00
7.520000e+01 2.309567e+00
7.530000e+01 2.242717e+00
7.540000e+01 2.176044e+00
7.550000e+01 2.113827e+00
7.560000e+01 2.052722e+00
7.570000e+01 1.991778e+00
7.580000e+01 1.934690e+00
7.590000e+01 1.878835e+00
7.600000e+01 1.823128e+00
7.610000e+01 1.770747e+00
7.620000e+01 1.719691e+00
7.630000e+01 1.668770e+00
7.640000e+01 1.620707e+00
7.650000e+01 1.574038e+00
7.660000e+01 1.527491e+00
7.670000e+01 1.483391e+00
7.680000e+01 1.440731e+00
7.690000e+01 1.398182e+00
7.700000e+01 1.357719e+00
7.710000e+01 1.318723e+00
7.720000e+01 1.279829e+00
7.730000e+01 1.242702e+00
7.740000e+01 1.207056e+00
7.750000e+01 1.171502e+00
7.760000e+01 1.137436e+00
7.770000e+01 1.104851e+00
7.780000e+01 1.072350e+00
7.790000e+01 1.041094e+00
7.800000e+01 1.011308e+00
7.810000e+01 9.815975e-01
7.820000e+01 9.529191e-01
7.830000e+01 9.256902e-01
7.840000e+01 8.985308e-01
7.850000e+01 8.722176e-01
7.860000e+01 8.473266e-01
7.870000e+01 8.224988e-01
7.880000e+01 7.983559e-01
7.890000e+01 7.756018e-01
7.900000e+01 7.529052e-01
7.910000e+01 7.307537e-01
7.920000e+01 7.099529e-01
7.930000e+01 6.892045e-01
7.940000e+01 6.688801e-01
7.950000e+01 6.498648e-01
7.960000e+01 6.308973e-01
7.970000e+01 6.122494e-01
7.980000e+01 5.948661e-01
7.990000e+01 5.775264e-01
8.000000e+01 5.604168e-01
8.010000e+01 5.445254e-01
8.020000e+01 5.286737e-01
8.030000e+01 5.129755e-01
8.040000e+01 4.984479e-01
8.050000e+01 4.839563e-01
8.060000e+01 4.695533e-01
8.070000e+01 4.562722e-01
8.080000e+01 4.430240e-01
8.090000e+01 4.298092e-01
8.100000e+01 4.176677e-01
8.110000e+01 4.055561e-01
8.120000e+01 3.934743e-01
8.130000e+01 3.823318e-01
8.140000e+01 3.712592e-01
8.150000e+01 3.602137e-01
8.160000e+01 3.499874e-01
8.170000e+01 3.398646e-01
8.180000e+01 3.297666e-01
8.190000e+01 3.203812e-01
8.200000e+01 3.111267e-01
8.210000e+01 3.018947e-01
8.220000e+01 2.932812e-01
8.230000e+01 2.848204e-01
8.240000e+01 2.763801e-01
8.250000e+01 2.684750e-01
8.260000e+01 2.607398e-01
8.270000e+01 2.530232e-01
8.280000e+01 2.457684e-01
8.290000e+01 2.386965e-01
8.300000e+01 2.316416e-01
8.310000e+01 2.249835e-01
8.320000e+01 2.185179e-01
8.330000e+01 2.120679e-01
8.340000e+01 2.059576e-01
8.350000e+01 2.000464e-01
8.360000e+01 1.941493e-01
8.370000e+01 1.885416e-01
8.380000e+01 1.831372e-01
8.390000e+01 1.777456e-01
8.400000e+01 1.725994e-01
8.410000e+01 1.676582e-01
8.420000e+01 1.627288e-01
8.430000e+01 1.580059e-01
8.440000e+01 1.534883e-01
8.450000e+01 1.489814e-01
8.460000e+01 1.446472e-01
8.470000e+01 1.405168e-01
8.480000e+01 1.363962e-01
8.490000e+01 1.324186e-01
8.500000e+01 1.286422e-01
8.510000e+01 1.248747e-01
8.520000e+01 1.212245e-01
8.530000e+01 1.177717e-01
8.540000e+01 1.143270e-01
8.550000e+01 1.109772e-01
8.560000e+01 1.078203e-01
8.570000e+01 1.046708e-01
8.580000e+01 1.015967e-01
8.590000e+01 9.871035e-02
8.600000e+01 9.583068e-02
8.610000e+01 9.300962e-02
8.620000e+01 9.037054e-02
8.630000e+01 8.773758e-02
8.640000e+01 8.514873e-02
8.650000e+01 8.273576e-02
8.660000e+01 8.032836e-02
8.670000e+01 7.795263e-02
8.680000e+01 7.574637e-02
8.690000e+01 7.354518e-02
8.700000e+01 7.136504e-02
8.710000e+01 6.934777e-02
8.720000e+01 6.733513e-02
8.730000e+01 6.533448e-02
8.740000e+01 6.349001e-02
8.750000e+01 6.164975e-02
8.760000e+01 5.981382e-02
8.770000e+01 5.812733e-02
8.780000e+01 5.644467e-02
8.790000e+01 5.476584e-02
8.800000e+01 5.321786e-02
8.810000e+01 5.167930e-02
8.820000e+01 5.014423e-02
8.830000e+01 4.872328e-02
8.840000e+01 4.731647e-02
8.850000e+01 4.591284e-02
8.860000e+01 4.460852e-02
8.870000e+01 4.332216e-02
8.880000e+01 4.203871e-02
8.890000e+01 4.084144e-02
8.900000e+01 3.966522e-02
8.910000e+01 3.849165e-02
8.920000e+01 3.739266e-02
8.930000e+01 3.631714e-02
8.940000e+01 3.524403e-02
8.950000e+01 3.423526e-02
8.960000e+01 3.325182e-02
8.970000e+01 3.227057e-02
8.980000e+01 3.134461e-02
8.990000e+01 3.044536e-02
9.000000e+01 2.954810e-02
9.010000e+01 2.869817e-02
9.020000e+01 2.787589e-02
9.030000e+01 2.705542e-02
9.040000e+01 2.627528e-02
9.050000e+01 2.552338e-02
9.060000e+01 2.477314e-02
9.070000e+01 2.405706e-02
9.080000e+01 2.336951e-02
9.090000e+01 2.268347e-02
9.100000e+01 2.202621e-02
9.110000e+01 2.139750e-02
9.120000e+01 2.077017e-02
9.130000e+01 2.016688e-02
9.140000e+01 1.959197e-02
9.150000e+01 1.901832e-02
9.160000e+01 1.846459e-02
9.170000e+01 1.793887e-02
9.180000e+01 1.741431e-02
9.190000e+01 1.690606e-02
9.200000e+01 1.642533e-02
9.210000e+01 1.594564e-02
9.220000e+01 1.547915e-02
9.230000e+01 1.503955e-02
9.240000e+01 1.460090e-02
9.250000e+01 1.417273e-02
9.260000e+01 1.377074e-02
9.270000e+01 1.336962e-02
9.280000e+01 1.297663e-02
9.290000e+01 1.260903e-02
9.300000e+01 1.224222e-02
9.310000e+01 1.188152e-02
9.320000e+01 1.154536e-02
9.330000e+01 1.120993e-02
9.340000e+01 1.087887e-02
9.350000e+01 1.057147e-02
9.360000e+01 1.026473e-02
9.370000e+01 9.960880e-03
9.380000e+01 9.679771e-03
9.390000e+01 9.399260e-03
9.400000e+01 9.120386e-03
9.410000e+01 8.863319e-03
9.420000e+01 8.606798e-03
9.430000e+01 8.350846e-03
9.440000e+01 8.115764e-03
9.450000e+01 7.881180e-03
9.460000e+01 7.647091e-03
9.470000e+01 7.431289e-03
9.480000e+01 7.216764e-03
9.490000e+01 7.002691e-03
9.500000e+01 6.804568e-03
9.510000e+01 6.608386e-03
9.520000e+01 6.412617e-03
9.530000e+01 6.230726e-03
9.540000e+01 6.051318e-03
9.550000e+01 5.872286e-03
9.560000e+01 5.705299e-03
9.570000e+01 5.541230e-03
9.580000e+01 5.377503e-03
9.590000e+01 5.224200e-03
9.600000e+01 5.074158e-03
9.610000e+01 4.924427e-03
9.620000e+01 4.783688e-03
9.630000e+01 4.646472e-03
9.640000e+01 4.509540e-03
9.650000e+01 4.380337e-03
9.660000e+01 4.254850e-03
9.670000e+01 4.129623e-03
9.680000e+01 4.011010e-03
9.690000e+01 3.896250e-03
9.700000e+01 3.781726e-03
9.710000e+01 3.672837e-03
9.720000e+01 3.567885e-03
9.730000e+01 3.463149e-03
9.740000e+01 3.363188e-03
9.750000e+01 3.267206e-03
9.760000e+01 3.171421e-03
9.770000e+01 3.079655e-03
9.780000e+01 2.991876e-03
9.790000e+01 2.904276e-03
9.800000e+01 2.820036e-03
9.810000e+01 2.739758e-03
9.820000e+01 2.659644e-03
9.830000e+01 2.582312e-03
9.840000e+01 2.508895e-03
9.850000e+01 2.435626e-03
9.860000e+01 2.364636e-03
9.870000e+01 2.297492e-03
9.880000e+01 2.230484e-03
9.890000e+01 2.165317e-03
9.900000e+01 2.103910e-03
9.910000e+01 2.042627e-03
9.920000e+01 1.982806e-03
9.930000e+01 1.926645e-03
9.940000e+01 1.870598e-03
9.950000e+01 1.815684e-03
9.960000e+01 1.764322e-03
9.970000e+01 1.713062e-03
9.980000e+01 1.662654e-03
9.990000e+01 1.615680e-03
