1.000e-01 3.148e+13
4.004e-01 1.086e+13
7.008e-01 6.665e+12
1.001e+00 4.729e+12
1.302e+00 3.590e+12
1.602e+00 2.836e+12
1.902e+00 2.300e+12
2.203e+00 1.899e+12
2.503e+00 1.590e+12
2.804e+00 1.345e+12
3.104e+00 1.147e+12
3.404e+00 9.855e+11
3.705e+00 8.513e+11
4.005e+00 7.390e+11
4.306e+00 6.440e+11
4.606e+00 5.634e+11
4.906e+00 4.943e+11
5.207e+00 4.350e+11
5.507e+00 3.837e+11
5.808e+00 3.390e+11
6.108e+00 3.003e+11
6.408e+00 2.664e+11
6.709e+00 2.367e+11
7.009e+00 2.107e+11
7.310e+00 1.877e+11
7.610e+00 1.674e+11
7.910e+00 1.495e+11
8.211e+00 1.337e+11
8.511e+00 1.197e+11
8.812e+00 1.072e+11
9.112e+00 9.610e+10
9.412e+00 8.623e+10
9.713e+00 7.741e+10
1.001e+01 6.955e+10
1.031e+01 6.253e+10
1.061e+01 5.625e+10
1.091e+01 5.062e+10
1.121e+01 4.559e+10
1.152e+01 4.108e+10
1.182e+01 3.703e+10
1.212e+01 3.339e+10
1.242e+01 3.012e+10
1.272e+01 2.719e+10
1.302e+01 2.455e+10
1.332e+01 2.217e+10
1.362e+01 2.003e+10
1.392e+01 1.811e+10
1.422e+01 1.637e+10
1.452e+01 1.481e+10
1.482e+01 1.339e+10
1.512e+01 1.212e+10
1.542e+01 1.097e+10
1.572e+01 9.930e+09
1.602e+01 8.994e+09
1.632e+01 8.143e+09
1.662e+01 7.376e+09
1.692e+01 6.683e+09
1.722e+01 6.056e+09
1.752e+01 5.492e+09
1.782e+01 4.979e+09
1.812e+01 4.514e+09
1.842e+01 4.094e+09
1.872e+01 3.713e+09
1.903e+01 3.369e+09
1.933e+01 3.056e+09
1.963e+01 2.773e+09
1.993e+01 2.517e+09
2.023e+01 2.284e+09
2.053e+01 2.073e+09
2.083e+01 1.883e+09
2.113e+01 1.709e+09
2.143e+01 1.552e+09
2.173e+01 1.409e+09
2.203e+01 1.280e+09
2.233e+01 1.163e+09
2.263e+01 1.056e+09
2.293e+01 9.594e+08
2.323e+01 8.717e+08
2.353e+01 7.917e+08
2.383e+01 7.196e+08
2.413e+01 6.539e+08
2.443e+01 5.943e+08
2.473e+01 5.402e+08
2.503e+01 4.909e+08
2.533e+01 4.460e+08
2.563e+01 4.057e+08
2.593e+01 3.688e+08
2.623e+01 3.353e+08
2.654e+01 3.048e+08
2.684e+01 2.772e+08
2.714e+01 2.520e+08
2.744e+01 2.292e+08
2.774e+01 2.084e+08
2.804e+01 1.895e+08
2.834e+01 1.724e+08
2.864e+01 1.568e+08
2.894e+01 1.426e+08
2.924e+01 1.297e+08
2.954e+01 1.180e+08
2.984e+01 1.073e+08
3.014e+01 9.764e+07
3.044e+01 8.883e+07
3.074e+01 8.084e+07
3.104e+01 7.355e+07
3.134e+01 6.691e+07
3.164e+01 6.090e+07
3.194e+01 5.541e+07
3.224e+01 5.043e+07
3.254e+01 4.588e+07
3.284e+01 4.174e+07
3.314e+01 3.799e+07
3.344e+01 3.456e+07
3.374e+01 3.147e+07
3.405e+01 2.864e+07
3.435e+01 2.607e+07
3.465e+01 2.373e+07
3.495e+01 2.160e+07
3.525e+01 1.966e+07
3.555e+01 1.790e+07
3.585e+01 1.629e+07
3.615e+01 1.483e+07
3.645e+01 1.350e+07
3.675e+01 1.229e+07
3.705e+01 1.119e+07
3.735e+01 1.019e+07
3.765e+01 9.275e+06
3.795e+01 8.445e+06
3.825e+01 7.689e+06
3.855e+01 7.001e+06
3.885e+01 6.376e+06
3.915e+01 5.806e+06
3.945e+01 5.285e+06
3.975e+01 4.812e+06
4.005e+01 4.384e+06
4.035e+01 3.992e+06
4.065e+01 3.636e+06
4.095e+01 3.311e+06
4.125e+01 3.015e+06
4.156e+01 2.746e+06
4.186e+01 2.501e+06
4.216e+01 2.277e+06
4.246e+01 2.074e+06
4.276e+01 1.889e+06
4.306e+01 1.721e+06
4.336e+01 1.567e+06
4.366e+01 1.428e+06
4.396e+01 1.301e+06
4.426e+01 1.185e+06
4.456e+01 1.079e+06
4.486e+01 9.828e+05
4.516e+01 8.955e+05
4.546e+01 8.157e+05
4.576e+01 7.430e+05
4.606e+01 6.769e+05
4.636e+01 6.167e+05
4.666e+01 5.619e+05
4.696e+01 5.119e+05
4.726e+01 4.663e+05
4.756e+01 4.249e+05
4.786e+01 3.871e+05
4.816e+01 3.528e+05
4.846e+01 3.215e+05
4.876e+01 2.928e+05
4.907e+01 2.668e+05
4.937e+01 2.431e+05
4.967e+01 2.215e+05
4.997e+01 2.019e+05
5.027e+01 1.839e+05
5.057e+01 1.676e+05
5.087e+01 1.527e+05
5.117e+01 1.392e+05
5.147e+01 1.269e+05
5.177e+01 1.156e+05
5.207e+01 1.053e+05
5.237e+01 9.601e+04
5.267e+01 8.749e+04
5.297e+01 7.974e+04
5.327e+01 7.269e+04
5.357e+01 6.623e+04
5.387e+01 6.037e+04
5.417e+01 5.503e+04
5.447e+01 5.015e+04
5.477e+01 4.572e+04
5.507e+01 4.167e+04
5.537e+01 3.798e+04
5.567e+01 3.461e+04
5.597e+01 3.155e+04
5.627e+01 2.877e+04
5.658e+01 2.621e+04
5.688e+01 2.389e+04
5.718e+01 2.179e+04
5.748e+01 1.985e+04
5.778e+01 1.810e+04
5.808e+01 1.650e+04
5.838e+01 1.505e+04
5.868e+01 1.372e+04
5.898e+01 1.250e+04
5.928e+01 1.140e+04
5.958e+01 1.039e+04
5.988e+01 9.476e+03
6.018e+01 8.639e+03
6.048e+01 7.875e+03
6.078e+01 7.182e+03
6.108e+01 6.547e+03
6.138e+01 5.969e+03
6.168e+01 5.442e+03
6.198e+01 4.963e+03
6.228e+01 4.525e+03
6.258e+01 4.126e+03
6.288e+01 3.762e+03
6.318e+01 3.431e+03
6.348e+01 3.128e+03
6.379e+01 2.852e+03
6.409e+01 2.601e+03
6.439e+01 2.372e+03
6.469e+01 2.163e+03
6.499e+01 1.973e+03
6.529e+01 1.798e+03
6.559e+01 1.641e+03
6.589e+01 1.496e+03
6.619e+01 1.364e+03
6.649e+01 1.244e+03
6.679e+01 1.135e+03
6.709e+01 1.035e+03
6.739e+01 9.439e+02
6.769e+01 8.608e+02
6.799e+01 7.851e+02
6.829e+01 7.161e+02
6.859e+01 6.531e+02
6.889e+01 5.957e+02
6.919e+01 5.434e+02
6.949e+01 4.956e+02
6.979e+01 4.521e+02
7.009e+01 4.123e+02
7.039e+01 3.762e+02
7.069e+01 3.432e+02
7.099e+01 3.130e+02
7.130e+01 2.854e+02
7.160e+01 2.605e+02
7.190e+01 2.376e+02
7.220e+01 2.168e+02
7.250e+01 1.977e+02
7.280e+01 1.804e+02
7.310e+01 1.646e+02
7.340e+01 1.501e+02
7.370e+01 1.369e+02
7.400e+01 1.249e+02
7.430e+01 1.140e+02
7.460e+01 1.040e+02
7.490e+01 9.486e+01
7.520e+01 8.654e+01
7.550e+01 7.897e+01
7.580e+01 7.204e+01
7.610e+01 6.573e+01
7.640e+01 5.997e+01
7.670e+01 5.472e+01
7.700e+01 4.993e+01
7.730e+01 4.556e+01
7.760e+01 4.157e+01
7.790e+01 3.793e+01
7.820e+01 3.461e+01
7.850e+01 3.158e+01
7.881e+01 2.882e+01
7.911e+01 2.629e+01
7.941e+01 2.399e+01
7.971e+01 2.189e+01
8.001e+01 1.999e+01
8.031e+01 1.823e+01
8.061e+01 1.664e+01
8.091e+01 1.519e+01
8.121e+01 1.385e+01
8.151e+01 1.265e+01
8.181e+01 1.154e+01
8.211e+01 1.053e+01
8.241e+01 9.614e+00
8.271e+01 8.774e+00
8.301e+01 8.009e+00
8.331e+01 7.309e+00
8.361e+01 6.670e+00
8.391e+01 6.089e+00
8.421e+01 5.557e+00
8.451e+01 5.071e+00
8.481e+01 4.629e+00
8.511e+01 4.225e+00
8.541e+01 3.857e+00
8.571e+01 3.520e+00
8.601e+01 3.213e+00
8.631e+01 2.933e+00
8.662e+01 2.677e+00
8.692e+01 2.444e+00
8.722e+01 2.231e+00
8.752e+01 2.036e+00
8.782e+01 1.858e+00
8.812e+01 1.697e+00
8.842e+01 1.549e+00
8.872e+01 1.415e+00
8.902e+01 1.291e+00
8.932e+01 1.179e+00
8.962e+01 1.076e+00
8.992e+01 9.822e-01
9.022e+01 8.967e-01
9.052e+01 8.186e-01
9.082e+01 7.474e-01
9.112e+01 6.824e-01
9.142e+01 6.229e-01
9.172e+01 5.688e-01
9.202e+01 5.193e-01
9.232e+01 4.741e-01
9.262e+01 4.329e-01
9.292e+01 3.953e-01
9.322e+01 3.609e-01
9.352e+01 3.295e-01
9.383e+01 3.009e-01
9.413e+01 2.747e-01
9.443e+01 2.509e-01
9.473e+01 2.291e-01
9.503e+01 2.091e-01
9.533e+01 1.909e-01
9.563e+01 1.744e-01
9.593e+01 1.593e-01
9.623e+01 1.454e-01
9.653e+01 1.328e-01
9.683e+01 1.212e-01
9.713e+01 1.107e-01
9.743e+01 1.011e-01
9.773e+01 9.234e-02
9.803e+01 8.433e-02
9.833e+01 7.701e-02
9.863e+01 7.033e-02
9.893e+01 6.423e-02
9.923e+01 5.866e-02
9.953e+01 5.357e-02
9.983e+01 4.892e-02
1.001e+02 4.468e-02
1.004e+02 4.081e-02
1.007e+02 3.727e-02
1.010e+02 3.404e-02
1.013e+02 3.109e-02
1.016e+02 2.840e-02
1.019e+02 2.594e-02
1.022e+02 2.369e-02
1.025e+02 2.164e-02
1.028e+02 1.976e-02
1.031e+02 1.805e-02
1.034e+02 1.648e-02
1.037e+02 1.506e-02
1.040e+02 1.375e-02
1.043e+02 1.256e-02
1.046e+02 1.148e-02
1.049e+02 1.048e-02
1.052e+02 9.578e-03
1.055e+02 8.748e-03
1.058e+02 7.992e-03
1.061e+02 7.301e-03
1.064e+02 6.669e-03
1.067e+02 6.092e-03
1.070e+02 5.565e-03
1.073e+02 5.084e-03
1.076e+02 4.645e-03
1.079e+02 4.243e-03
1.082e+02 3.876e-03
1.085e+02 3.541e-03
1.088e+02 3.235e-03
1.091e+02 2.956e-03
1.094e+02 2.700e-03
1.097e+02 2.467e-03
1.100e+02 2.254e-03
1.103e+02 2.059e-03
1.106e+02 1.882e-03
1.109e+02 1.719e-03
1.112e+02 1.570e-03
1.115e+02 1.435e-03
1.118e+02 1.311e-03
1.121e+02 1.198e-03
1.125e+02 1.095e-03
1.128e+02 1.000e-03
1.131e+02 9.137e-04
1.134e+02 8.348e-04
1.137e+02 7.629e-04
1.140e+02 6.970e-04
1.143e+02 6.369e-04
1.146e+02 5.820e-04
1.149e+02 5.318e-04
1.152e+02 4.860e-04
1.155e+02 4.441e-04
1.158e+02 4.058e-04
1.161e+02 3.708e-04
1.164e+02 3.388e-04
1.167e+02 3.096e-04
1.170e+02 2.829e-04
1.173e+02 2.586e-04
1.176e+02 2.363e-04
1.179e+02 2.159e-04
1.182e+02 1.974e-04
1.185e+02 1.803e-04
1.188e+02 1.648e-04
1.191e+02 1.506e-04
1.194e+02 1.377e-04
1.197e+02 1.258e-04
1.200e+02 1.150e-04
1.203e+02 1.050e-04
1.206e+02 9.605e-05
1.209e+02 8.779e-05
1.212e+02 8.020e-05
1.215e+02 7.330e-05
1.218e+02 6.699e-05
1.221e+02 6.123e-05
1.224e+02 5.596e-05
1.227e+02 5.115e-05
1.230e+02 4.675e-05
1.233e+02 4.273e-05
1.236e+02 3.906e-05
1.239e+02 3.569e-05
1.242e+02 3.263e-05
1.245e+02 2.982e-05
1.248e+02 2.726e-05
1.251e+02 2.491e-05
1.254e+02 2.277e-05
1.257e+02 2.082e-05
1.260e+02 1.903e-05
1.263e+02 1.738e-05
1.266e+02 1.588e-05
1.269e+02 1.451e-05
1.272e+02 1.326e-05
1.275e+02 1.211e-05
1.278e+02 1.107e-05
1.281e+02 1.011e-05
1.284e+02 9.239e-06
1.287e+02 8.440e-06
1.290e+02 7.715e-06
1.293e+02 7.050e-06
1.296e+02 6.442e-06
1.299e+02 5.887e-06
1.302e+02 5.380e-06
1.305e+02 4.916e-06
1.308e+02 4.492e-06
1.311e+02 4.105e-06
1.314e+02 3.752e-06
1.317e+02 3.429e-06
1.320e+02 3.133e-06
1.323e+02 2.864e-06
1.326e+02 2.617e-06
1.329e+02 2.392e-06
1.332e+02 2.186e-06
1.335e+02 1.998e-06
1.338e+02 1.826e-06
1.341e+02 1.669e-06
1.344e+02 1.526e-06
1.347e+02 1.394e-06
1.350e+02 1.274e-06
1.353e+02 1.165e-06
1.356e+02 1.064e-06
1.359e+02 9.729e-07
1.362e+02 8.885e-07
1.365e+02 8.104e-07
1.368e+02 7.399e-07
1.371e+02 6.748e-07
1.374e+02 6.157e-07
1.377e+02 5.617e-07
1.380e+02 5.126e-07
1.383e+02 4.677e-07
1.386e+02 4.267e-07
1.389e+02 3.894e-07
1.392e+02 3.553e-07
1.395e+02 3.242e-07
1.398e+02 2.959e-07
1.401e+02 2.700e-07
1.404e+02 2.463e-07
1.407e+02 2.248e-07
1.410e+02 2.051e-07
1.413e+02 1.872e-07
1.416e+02 1.708e-07
1.419e+02 1.559e-07
1.422e+02 1.423e-07
1.425e+02 1.298e-07
1.428e+02 1.185e-07
1.431e+02 1.081e-07
1.434e+02 9.868e-08
1.437e+02 9.005e-08
1.440e+02 8.216e-08
1.443e+02 7.499e-08
1.446e+02 6.846e-08
1.449e+02 6.248e-08
1.452e+02 5.703e-08
1.455e+02 5.204e-08
1.458e+02 4.750e-08
1.461e+02 4.336e-08
1.464e+02 3.957e-08
1.467e+02 3.612e-08
1.470e+02 3.297e-08
1.473e+02 3.009e-08
1.476e+02 2.746e-08
1.479e+02 2.506e-08
1.482e+02 2.288e-08
1.485e+02 2.088e-08
1.488e+02 1.907e-08
1.491e+02 1.740e-08
1.494e+02 1.588e-08
1.497e+02 1.450e-08
1.500e+02 1.323e-08
