7.000000e+00 4.248953e+09
2.100000e+01 3.609659e+08
2.800000e+01 1.865676e+08
3.500000e+01 4.997891e+07
4.900000e+01 8.787161e+06
5.600000e+01 5.904344e+06
6.300000e+01 2.076074e+06
7.700000e+01 6.107452e+05
8.400000e+01 4.857656e+05
9.100000e+01 1.988936e+05
1.050000e+02 6.895905e+04
1.120000e+02 5.804662e+04
1.190000e+02 2.359442e+04
1.330000e+02 8.844566e+03
1.400000e+02 7.517349e+03
1.470000e+02 3.226926e+03
1.610000e+02 1.149786e+03
1.680000e+02 1.023504e+03
1.750000e+02 4.022060e+02
1.890000e+02 1.570412e+02
1.960000e+02 1.319541e+02
2.030000e+02 5.304585e+01
2.170000e+02 1.990563e+01
2.240000e+02 1.772771e+01
2.310000e+02 7.097366e+00
2.450000e+02 3.248521e+00
2.520000e+02 2.577884e+00
2.590000e+02 9.789465e-01
2.730000e+02 5.387487e-01
2.800000e+02 3.562610e-01
2.870000e+02 1.514856e-01
3.010000e+02 6.158236e-02
3.080000e+02 4.951985e-02
3.150000e+02 1.819940e-02
3.290000e+02 8.187584e-03
3.360000e+02 7.939795e-03
3.430000e+02 4.203172e-03
3.570000e+02 1.643525e-03
3.640000e+02 1.518494e-03
3.710000e+02 7.074688e-04
