8.000000e+00 4.727315e+09
2.400000e+01 3.396896e+08
3.200000e+01 1.644572e+08
4.000000e+01 4.159789e+07
5.600000e+01 6.560198e+06
6.400000e+01 4.133402e+06
7.200000e+01 1.366787e+06
8.800000e+01 3.626085e+05
9.600000e+01 2.879680e+05
1.040000e+02 1.102261e+05
1.200000e+02 3.295237e+04
1.280000e+02 2.612057e+04
1.360000e+02 1.048058e+04
1.520000e+02 3.432010e+03
1.600000e+02 2.708759e+03
1.680000e+02 1.066061e+03
1.840000e+02 3.736790e+02
1.920000e+02 2.846699e+02
2.000000e+02 1.207612e+02
2.160000e+02 4.009611e+01
2.240000e+02 3.095859e+01
2.320000e+02 1.293926e+01
2.480000e+02 4.056209e+00
2.560000e+02 3.508341e+00
2.640000e+02 1.350128e+00
2.800000e+02 4.437753e-01
2.880000e+02 3.692262e-01
2.960000e+02 1.579361e-01
3.120000e+02 5.457940e-02
3.200000e+02 4.936962e-02
3.280000e+02 1.798179e-02
3.440000e+02 6.860738e-03
3.520000e+02 5.393939e-03
3.600000e+02 2.499903e-03
