5.000000e+00 9.958836e+09
1.500000e+01 7.082549e+08
2.000000e+01 4.025179e+08
2.500000e+01 1.130545e+08
3.500000e+01 2.141478e+07
4.000000e+01 1.233664e+06
4.500000e+01 5.923501e+04
5.500000e+01 1.760318e+03
6.000000e+01 6.220544e+02
6.500000e+01 1.212543e+02
7.500000e+01 1.278132e+01
8.000000e+01 6.475083e+00
8.500000e+01 1.891113e+00
9.500000e+01 3.123269e-01
1.000000e+02 1.804703e-01
1.050000e+02 5.304669e-02
1.150000e+02 1.188252e-02
1.200000e+02 8.008366e-03
1.250000e+02 2.646594e-03
1.350000e+02 5.953621e-04
1.400000e+02 4.415392e-04
1.450000e+02 1.252345e-04
1.550000e+02 3.529949e-05
1.600000e+02 2.669710e-05
1.650000e+02 1.019012e-05
1.750000e+02 2.941012e-06
1.800000e+02 1.958593e-06
1.850000e+02 8.643678e-07
1.950000e+02 2.557932e-07
2.000000e+02 1.712695e-07
2.050000e+02 7.364045e-08
2.150000e+02 2.255335e-08
2.200000e+02 1.618168e-08
2.250000e+02 7.972551e-09
2.350000e+02 1.957289e-09
2.400000e+02 2.906262e-09
2.450000e+02 1.034052e-09
2.550000e+02 3.088436e-10
2.600000e+02 3.167352e-10
2.650000e+02 1.586095e-10
2.750000e+02 4.591873e-11
2.800000e+02 3.826603e-11
2.850000e+02 1.372202e-11
2.950000e+02 4.065610e-12
3.000000e+02 3.192540e-12
3.050000e+02 2.183430e-12
3.150000e+02 4.459800e-13
3.200000e+02 5.777600e-13
3.250000e+02 2.853600e-13
3.350000e+02 1.179500e-13
3.400000e+02 8.489000e-14
3.450000e+02 4.198000e-14
3.550000e+02 2.251000e-14
3.600000e+02 7.340000e-15
3.650000e+02 2.380000e-15
