9.000000e+00 1.395400e+10
2.700000e+01 5.263154e+08
3.600000e+01 1.872418e+08
4.500000e+01 4.511728e+05
6.300000e+01 1.196306e+03
7.200000e+01 1.898308e+02
8.100000e+01 1.985758e+01
9.900000e+01 8.642795e-01
1.080000e+02 2.913492e-01
1.170000e+02 5.336038e-02
1.350000e+02 4.255060e-03
1.440000e+02 1.905256e-03
1.530000e+02 4.419501e-04
1.710000e+02 4.916356e-05
1.800000e+02 2.346423e-05
1.890000e+02 5.836650e-06
2.070000e+02 7.619140e-07
2.160000e+02 4.596104e-07
2.250000e+02 1.252331e-07
2.430000e+02 1.861072e-08
2.520000e+02 1.067969e-08
2.610000e+02 2.721538e-09
2.790000e+02 4.801732e-10
2.880000e+02 2.970094e-10
2.970000e+02 9.865469e-11
3.150000e+02 1.979982e-11
3.240000e+02 1.137056e-11
3.330000e+02 3.227020e-12
3.510000e+02 6.864000e-13
3.600000e+02 4.434000e-13
3.690000e+02 1.694400e-13
