7.000000e+00 3.896377e+09
2.100000e+01 2.917274e+08
2.800000e+01 1.499879e+08
3.500000e+01 3.568081e+07
4.900000e+01 1.914429e+04
5.600000e+01 2.725535e+03
6.300000e+01 2.791517e+02
7.700000e+01 1.096399e+01
8.400000e+01 4.300832e+00
9.100000e+01 9.067071e-01
1.050000e+02 9.373925e-02
1.120000e+02 4.578409e-02
1.190000e+02 1.118527e-02
1.330000e+02 1.656957e-03
1.400000e+02 9.199435e-04
1.470000e+02 2.636740e-04
1.610000e+02 4.443322e-05
1.680000e+02 2.787721e-05
1.750000e+02 7.836994e-06
1.890000e+02 1.629878e-06
1.960000e+02 1.017597e-06
2.030000e+02 3.072497e-07
2.170000e+02 6.698122e-08
2.240000e+02 4.607997e-08
2.310000e+02 1.436759e-08
2.450000e+02 4.079489e-09
2.520000e+02 2.576359e-09
2.590000e+02 7.836189e-10
2.730000e+02 2.816238e-10
2.800000e+02 1.517479e-10
2.870000e+02 5.284813e-11
3.010000e+02 1.462190e-11
3.080000e+02 9.765810e-12
3.150000e+02 2.993720e-12
3.290000e+02 9.483000e-13
3.360000e+02 7.760100e-13
3.430000e+02 3.478900e-13
3.570000e+02 9.855000e-14
3.640000e+02 7.787000e-14
3.710000e+02 3.112000e-14
