8.000000e+00 1.472406e+10
2.400000e+01 7.246531e+08
3.200000e+01 3.320280e+08
4.000000e+01 8.170183e+07
5.600000e+01 1.251197e+07
6.400000e+01 7.787491e+06
7.200000e+01 2.543952e+06
8.800000e+01 6.562528e+05
9.600000e+01 5.128847e+05
1.040000e+02 1.931101e+05
1.200000e+02 5.576983e+04
1.280000e+02 4.342807e+04
1.360000e+02 1.711370e+04
1.520000e+02 5.412611e+03
1.600000e+02 4.200245e+03
1.680000e+02 1.626252e+03
1.840000e+02 5.529395e+02
1.920000e+02 4.154086e+02
2.000000e+02 1.738677e+02
2.160000e+02 5.640401e+01
2.240000e+02 4.310792e+01
2.320000e+02 1.784899e+01
2.480000e+02 5.509304e+00
2.560000e+02 4.733830e+00
2.640000e+02 1.811702e+00
2.800000e+02 5.902430e-01
2.880000e+02 4.897775e-01
2.960000e+02 2.090016e-01
3.120000e+02 7.206292e-02
3.200000e+02 6.517036e-02
3.280000e+02 2.375165e-02
3.440000e+02 9.084384e-03
3.520000e+02 7.154761e-03
3.600000e+02 3.325283e-03
