7.000000e+00 1.214766e+10
2.100000e+01 9.720222e+07
2.800000e+01 5.286303e+05
3.500000e+01 1.347195e+04
4.900000e+01 1.024794e+02
5.600000e+01 2.122989e+01
6.300000e+01 2.693037e+00
7.700000e+01 1.432355e-01
8.400000e+01 5.462585e-02
9.100000e+01 1.138612e-02
1.050000e+02 1.185311e-03
1.120000e+02 5.796339e-04
1.190000e+02 1.414919e-04
1.330000e+02 2.080804e-05
1.400000e+02 1.148348e-05
1.470000e+02 3.269461e-06
1.610000e+02 5.418127e-07
1.680000e+02 3.370371e-07
1.750000e+02 9.395681e-08
1.890000e+02 1.922104e-08
1.960000e+02 1.190313e-08
2.030000e+02 3.566704e-09
2.170000e+02 7.670658e-10
2.240000e+02 5.244347e-10
2.310000e+02 1.626018e-10
2.450000e+02 4.570813e-11
2.520000e+02 2.876018e-11
2.590000e+02 8.714770e-12
2.730000e+02 3.115390e-12
2.800000e+02 1.675230e-12
2.870000e+02 5.828100e-13
3.010000e+02 1.610800e-13
3.080000e+02 1.076100e-13
3.150000e+02 3.300000e-14
3.290000e+02 1.048000e-14
3.360000e+02 8.600000e-15
3.430000e+02 3.860000e-15
3.570000e+02 1.100000e-15
3.640000e+02 8.700000e-16
3.710000e+02 3.500000e-16
