5.000000e+00 2.616129e+09
1.500000e+01 2.896705e+08
2.000000e+01 1.800521e+08
2.500000e+01 5.348894e+07
3.500000e+01 1.074040e+07
4.000000e+01 6.281108e+05
4.500000e+01 3.050708e+04
5.500000e+01 9.214545e+02
6.000000e+01 3.282085e+02
6.500000e+01 6.441190e+01
7.500000e+01 6.901008e+00
8.000000e+01 3.525679e+00
8.500000e+01 1.039260e+00
9.500000e+01 1.749659e-01
1.000000e+02 1.021063e-01
1.050000e+02 3.032026e-02
1.150000e+02 6.942539e-03
1.200000e+02 4.731853e-03
1.250000e+02 1.581141e-03
1.350000e+02 3.637534e-04
1.400000e+02 2.727955e-04
1.450000e+02 7.822785e-05
1.550000e+02 2.253465e-05
1.600000e+02 1.721709e-05
1.650000e+02 6.640035e-06
1.750000e+02 1.954616e-06
1.800000e+02 1.313957e-06
1.850000e+02 5.852857e-07
1.950000e+02 1.760846e-07
2.000000e+02 1.189565e-07
2.050000e+02 5.153535e-08
2.150000e+02 1.601129e-08
2.200000e+02 1.156275e-08
2.250000e+02 5.732850e-09
2.350000e+02 1.423630e-09
2.400000e+02 2.123629e-09
2.450000e+02 7.595373e-10
2.550000e+02 2.287258e-10
2.600000e+02 2.354151e-10
2.650000e+02 1.182665e-10
2.750000e+02 3.443905e-11
2.800000e+02 2.877038e-11
2.850000e+02 1.033522e-11
2.950000e+02 3.071830e-12
3.000000e+02 2.414400e-12
3.050000e+02 1.652480e-12
3.150000e+02 3.378300e-13
3.200000e+02 4.376800e-13
3.250000e+02 2.161000e-13
3.350000e+02 8.923000e-14
3.400000e+02 6.419000e-14
3.450000e+02 3.170000e-14
3.550000e+02 1.696000e-14
3.600000e+02 5.520000e-15
3.650000e+02 1.780000e-15
