9.000000e+00 1.332059e+10
2.700000e+01 1.341602e+06
3.600000e+01 2.916283e+04
4.500000e+01 8.479775e+02
6.300000e+01 6.115510e+00
7.200000e+01 1.182989e+00
8.100000e+01 1.398779e-01
9.900000e+01 6.148079e-03
1.080000e+02 2.121197e-03
1.170000e+02 3.963745e-04
1.350000e+02 3.259613e-05
1.440000e+02 1.476861e-05
1.530000e+02 3.458227e-06
1.710000e+02 3.905532e-07
1.800000e+02 1.876079e-07
1.890000e+02 4.693159e-08
2.070000e+02 6.183853e-09
2.160000e+02 3.744929e-09
2.250000e+02 1.023964e-09
2.430000e+02 1.530749e-10
2.520000e+02 8.806454e-11
2.610000e+02 2.249370e-11
2.790000e+02 3.984640e-12
2.880000e+02 2.469020e-12
2.970000e+02 8.214500e-13
3.150000e+02 1.653400e-13
3.240000e+02 9.507000e-14
3.330000e+02 2.701000e-14
3.510000e+02 5.760000e-15
3.600000e+02 3.720000e-15
3.690000e+02 1.420000e-15
