6.000000e+00 1.168651e+10
1.800000e+01 6.885507e+08
2.400000e+01 3.589697e+08
3.000000e+01 9.578755e+07
4.200000e+01 4.799926e+05
4.800000e+01 4.615908e+04
5.400000e+01 4.140293e+03
6.600000e+01 1.663103e+02
7.200000e+01 5.833464e+01
7.800000e+01 1.058365e+01
9.000000e+01 1.213184e+00
9.600000e+01 6.312882e-01
1.020000e+02 1.628077e-01
1.140000e+02 2.409979e-02
1.200000e+02 1.421711e-02
1.260000e+02 4.217762e-03
1.380000e+02 7.393673e-04
1.440000e+02 5.245534e-04
1.500000e+02 1.610772e-04
1.620000e+02 3.438379e-05
1.680000e+02 2.093443e-05
1.740000e+02 7.272446e-06
1.860000e+02 1.690242e-06
1.920000e+02 1.126117e-06
1.980000e+02 4.165082e-07
2.100000e+02 9.956240e-08
2.160000e+02 7.485857e-08
2.220000e+02 2.724798e-08
2.340000e+02 8.633457e-09
2.400000e+02 4.874070e-09
2.460000e+02 1.742948e-09
2.580000e+02 6.499229e-10
2.640000e+02 5.366978e-10
2.700000e+02 1.847158e-10
2.820000e+02 5.266892e-11
2.880000e+02 4.263158e-11
2.940000e+02 2.510129e-11
3.060000e+02 6.497390e-12
3.120000e+02 5.030260e-12
3.180000e+02 1.805170e-12
3.300000e+02 7.641700e-13
3.360000e+02 5.484700e-13
3.420000e+02 2.314300e-13
3.540000e+02 5.493000e-14
3.600000e+02 5.157000e-14
3.660000e+02 1.807000e-14
