6.000000e+00 3.121842e+09
1.800000e+01 3.236657e+08
2.400000e+01 1.558854e+06
3.000000e+01 3.831741e+04
4.200000e+01 2.854181e+02
4.800000e+01 6.128223e+01
5.400000e+01 8.098848e+00
6.600000e+01 4.861252e-01
7.200000e+01 1.953137e-01
7.800000e+01 4.338649e-02
9.000000e+01 4.689942e-03
9.600000e+01 2.503085e-03
1.020000e+02 6.635014e-04
1.140000e+02 1.037296e-04
1.200000e+02 6.276802e-05
1.260000e+02 1.907681e-05
1.380000e+02 3.498140e-06
1.440000e+02 2.533599e-06
1.500000e+02 7.934235e-07
1.620000e+02 1.756649e-07
1.680000e+02 1.087621e-07
1.740000e+02 3.841027e-08
1.860000e+02 9.201189e-09
1.920000e+02 6.215781e-09
1.980000e+02 2.329156e-09
2.100000e+02 5.704070e-10
2.160000e+02 4.335981e-10
2.220000e+02 1.594213e-10
2.340000e+02 5.144648e-11
2.400000e+02 2.926736e-11
2.460000e+02 1.054583e-11
2.580000e+02 3.984240e-12
2.640000e+02 3.308110e-12
2.700000e+02 1.144040e-12
2.820000e+02 3.289400e-13
2.880000e+02 2.671600e-13
2.940000e+02 1.578000e-13
3.060000e+02 4.101000e-14
3.120000e+02 3.180000e-14
3.180000e+02 1.142000e-14
3.300000e+02 4.840000e-15
3.360000e+02 3.470000e-15
3.420000e+02 1.470000e-15
3.540000e+02 3.500000e-16
3.600000e+02 3.300000e-16
3.660000e+02 1.100000e-16
