6.000000e+00 3.645244e+09
1.800000e+01 3.736108e+08
2.400000e+01 2.077108e+08
3.000000e+01 5.901366e+07
4.200000e+01 1.183491e+07
4.800000e+01 8.437379e+06
5.400000e+01 3.135152e+06
6.600000e+01 1.049198e+06
7.200000e+01 8.769733e+05
7.800000e+01 3.802146e+05
9.000000e+01 1.345299e+05
9.600000e+01 1.221601e+05
1.020000e+02 5.326067e+04
1.140000e+02 2.067612e+04
1.200000e+02 1.900588e+04
1.260000e+02 8.591960e+03
1.380000e+02 3.298241e+03
1.440000e+02 3.373013e+03
1.500000e+02 1.470180e+03
1.620000e+02 6.065865e+02
1.680000e+02 5.038434e+02
1.740000e+02 2.362192e+02
1.860000e+02 9.691195e+01
1.920000e+02 8.456385e+01
1.980000e+02 4.060444e+01
2.100000e+02 1.597202e+01
2.160000e+02 1.523129e+01
2.220000e+02 6.981507e+00
2.340000e+02 3.440730e+00
2.400000e+02 2.399299e+00
2.460000e+02 1.054340e+00
2.580000e+02 5.840799e-01
2.640000e+02 5.833271e-01
2.700000e+02 2.416382e-01
2.820000e+02 9.851576e-02
2.880000e+02 9.474936e-02
2.940000e+02 6.603763e-02
3.060000e+02 2.366235e-02
3.120000e+02 2.143947e-02
3.180000e+02 8.972244e-03
3.300000e+02 5.116816e-03
3.360000e+02 4.242482e-03
3.420000e+02 2.064097e-03
3.540000e+02 6.448752e-04
3.600000e+02 6.916936e-04
3.660000e+02 2.763287e-04
