7.000000e+00 1.399938e+10
2.100000e+01 7.962039e+08
2.800000e+01 3.853527e+08
3.500000e+01 9.965061e+07
4.900000e+01 1.693774e+07
5.600000e+01 1.126109e+07
6.300000e+01 3.917907e+06
7.700000e+01 1.127305e+06
8.400000e+01 8.858554e+05
9.100000e+01 3.577688e+05
1.050000e+02 1.206471e+05
1.120000e+02 9.999379e+04
1.190000e+02 4.001985e+04
1.330000e+02 1.454154e+04
1.400000e+02 1.216737e+04
1.470000e+02 5.143979e+03
1.610000e+02 1.779604e+03
1.680000e+02 1.561333e+03
1.750000e+02 6.051789e+02
1.890000e+02 2.303212e+02
1.960000e+02 1.912118e+02
2.030000e+02 7.601266e+01
2.170000e+02 2.796561e+01
2.240000e+02 2.468474e+01
2.310000e+02 9.802847e+00
2.450000e+02 4.422611e+00
2.520000e+02 3.489848e+00
2.590000e+02 1.317884e+00
2.730000e+02 7.190908e-01
2.800000e+02 4.738447e-01
2.870000e+02 2.009961e-01
3.010000e+02 8.141712e-02
3.080000e+02 6.541498e-02
3.150000e+02 2.402556e-02
3.290000e+02 1.081126e-02
3.360000e+02 1.050222e-02
3.430000e+02 5.563467e-03
3.570000e+02 2.183471e-03
3.640000e+02 2.022103e-03
3.710000e+02 9.448613e-04
