8.000000e+00 4.352421e+09
2.400000e+01 2.751903e+08
3.200000e+01 1.280206e+08
4.000000e+01 2.302543e+06
5.600000e+01 3.028287e+03
6.400000e+01 4.740190e+02
7.200000e+01 4.884645e+01
8.800000e+01 2.193932e+00
9.600000e+01 8.355392e-01
1.040000e+02 1.624455e-01
1.200000e+02 1.456456e-02
1.280000e+02 6.732685e-03
1.360000e+02 1.631205e-03
1.520000e+02 2.128346e-04
1.600000e+02 1.101879e-04
1.680000e+02 2.903632e-05
1.840000e+02 4.828928e-06
1.920000e+02 2.597806e-06
2.000000e+02 7.897548e-07
2.160000e+02 1.400875e-07
2.240000e+02 8.047124e-08
2.320000e+02 2.529077e-08
2.480000e+02 4.615150e-09
2.560000e+02 3.086244e-09
2.640000e+02 9.257225e-10
2.800000e+02 1.890243e-10
2.880000e+02 1.252395e-10
2.960000e+02 4.293250e-11
3.120000e+02 9.698900e-12
3.200000e+02 7.151970e-12
3.280000e+02 2.134460e-12
3.440000e+02 5.546900e-13
3.520000e+02 3.623400e-13
3.600000e+02 1.401200e-13
