8.000000e+00 4.139334e+09
2.400000e+01 2.549346e+06
3.200000e+01 5.450818e+04
4.000000e+01 1.574242e+03
5.600000e+01 1.236757e+01
6.400000e+01 2.485451e+00
7.200000e+01 3.044018e-01
8.800000e+01 1.521761e-02
9.600000e+01 5.900521e-03
1.040000e+02 1.171195e-03
1.200000e+02 1.088271e-04
1.280000e+02 5.102583e-05
1.360000e+02 1.251352e-05
1.520000e+02 1.663906e-06
1.600000e+02 8.672955e-07
1.680000e+02 2.301252e-07
1.840000e+02 3.871008e-08
1.920000e+02 2.092438e-08
2.000000e+02 6.388389e-09
2.160000e+02 1.141440e-09
2.240000e+02 6.577245e-10
2.320000e+02 2.072973e-10
2.480000e+02 3.801479e-11
2.560000e+02 2.547582e-11
2.640000e+02 7.656710e-12
2.800000e+02 1.568920e-12
2.880000e+02 1.041110e-12
2.960000e+02 3.574100e-13
3.120000e+02 8.095000e-14
3.200000e+02 5.977000e-14
3.280000e+02 1.786000e-14
3.440000e+02 4.650000e-15
3.520000e+02 3.040000e-15
3.600000e+02 1.180000e-15
