5.000000e+00 2.895125e+09
1.500000e+01 3.718716e+08
2.000000e+01 2.232710e+08
2.500000e+01 6.607547e+07
3.500000e+01 1.504432e+07
4.000000e+01 1.134749e+07
4.500000e+01 4.448662e+06
5.500000e+01 1.637953e+06
6.000000e+01 1.480307e+06
6.500000e+01 6.561186e+05
7.500000e+01 2.914073e+05
8.000000e+01 2.722406e+05
8.500000e+01 1.292690e+05
9.500000e+01 5.517497e+04
1.000000e+02 4.968394e+04
1.050000e+02 2.230502e+04
1.150000e+02 1.099128e+04
1.200000e+02 1.070584e+04
1.250000e+02 5.033019e+03
1.350000e+02 2.198179e+03
1.400000e+02 2.229157e+03
1.450000e+02 8.548606e+02
1.550000e+02 4.267595e+02
1.600000e+02 4.232495e+02
1.650000e+02 2.102475e+02
1.750000e+02 1.003138e+02
1.800000e+02 8.493920e+01
1.850000e+02 4.734476e+01
1.950000e+02 2.189953e+01
2.000000e+02 1.818961e+01
2.050000e+02 9.637605e+00
2.150000e+02 4.412971e+00
2.200000e+02 3.842231e+00
2.250000e+02 2.286825e+00
2.350000e+02 8.084372e-01
2.400000e+02 1.430630e+00
2.450000e+02 6.048240e-01
2.550000e+02 2.518935e-01
2.600000e+02 3.034183e-01
2.650000e+02 1.778477e-01
2.750000e+02 6.988931e-02
2.800000e+02 6.754469e-02
2.850000e+02 2.799704e-02
2.950000e+02 1.099563e-02
3.000000e+02 9.898984e-03
3.050000e+02 7.742586e-03
3.150000e+02 2.053752e-03
3.200000e+02 3.021266e-03
3.250000e+02 1.690468e-03
3.350000e+02 8.913079e-04
3.400000e+02 7.225601e-04
3.450000e+02 4.013939e-04
3.550000e+02 2.702616e-04
3.600000e+02 9.841629e-05
3.650000e+02 3.556206e-05
