1.000000e+01 1.355754e+10
3.000000e+01 3.801158e+05
4.000000e+01 9.120742e+03
5.000000e+01 2.680292e+02
7.000000e+01 1.802421e+00
8.000000e+01 3.321993e-01
9.000000e+01 3.726147e-02
1.100000e+02 1.487539e-03
1.200000e+02 4.881366e-04
1.300000e+02 8.641070e-05
1.500000e+02 6.753924e-06
1.600000e+02 2.707500e-06
1.700000e+02 6.116118e-07
1.900000e+02 5.919748e-08
2.000000e+02 2.756364e-08
2.100000e+02 6.777347e-09
2.300000e+02 8.657453e-10
2.400000e+02 4.672061e-10
2.500000e+02 1.164087e-10
2.700000e+02 1.684741e-11
2.800000e+02 9.211610e-12
2.900000e+02 2.443780e-12
3.100000e+02 3.851100e-13
3.200000e+02 2.058800e-13
3.300000e+02 6.540000e-14
3.500000e+02 1.014000e-14
3.600000e+02 6.560000e-15
3.700000e+02 2.100000e-15
