6.000000e+00 1.282199e+10
1.800000e+01 8.612749e+08
2.400000e+01 4.431053e+08
3.000000e+01 1.204341e+08
4.200000e+01 2.313132e+07
4.800000e+01 1.629438e+07
5.400000e+01 5.998714e+06
6.600000e+01 1.972062e+06
7.200000e+01 1.632279e+06
7.800000e+01 7.006063e+05
9.000000e+01 2.424749e+05
9.600000e+01 2.175730e+05
1.020000e+02 9.372875e+04
1.140000e+02 3.545057e+04
1.200000e+02 3.216626e+04
1.260000e+02 1.434946e+04
1.380000e+02 5.362254e+03
1.440000e+02 5.413224e+03
1.500000e+02 2.328987e+03
1.620000e+02 9.362453e+02
1.680000e+02 7.686018e+02
1.740000e+02 3.561020e+02
1.860000e+02 1.428897e+02
1.920000e+02 1.234010e+02
1.980000e+02 5.867485e+01
2.100000e+02 2.265756e+01
2.160000e+02 2.142616e+01
2.220000e+02 9.745706e+00
2.340000e+02 4.735867e+00
2.400000e+02 3.283527e+00
2.460000e+02 1.434526e+00
2.580000e+02 7.868810e-01
2.640000e+02 7.827515e-01
2.700000e+02 3.231422e-01
2.820000e+02 1.309764e-01
2.880000e+02 1.256847e-01
2.940000e+02 8.741894e-02
3.060000e+02 3.125845e-02
3.120000e+02 2.830722e-02
3.180000e+02 1.184632e-02
3.300000e+02 6.761255e-03
3.360000e+02 5.611665e-03
3.420000e+02 2.731008e-03
3.540000e+02 8.559691e-04
3.600000e+02 9.200665e-04
3.660000e+02 3.682798e-04
