1.000000e+01 4.770284e+09
3.000000e+01 1.862597e+05
4.000000e+01 4.643759e+03
5.000000e+01 1.392807e+02
7.000000e+01 9.653561e-01
8.000000e+01 1.808823e-01
9.000000e+01 2.067340e-02
1.100000e+02 8.598530e-04
1.200000e+02 2.884222e-04
1.300000e+02 5.220713e-05
1.500000e+02 4.263436e-06
1.600000e+02 1.746080e-06
1.700000e+02 4.024623e-07
1.900000e+02 4.044280e-08
2.000000e+02 1.914454e-08
2.100000e+02 4.777563e-09
2.300000e+02 6.260726e-10
2.400000e+02 3.413911e-10
2.500000e+02 8.589408e-11
2.700000e+02 1.259810e-11
2.800000e+02 6.925770e-12
2.900000e+02 1.844550e-12
3.100000e+02 2.915900e-13
3.200000e+02 1.559700e-13
3.300000e+02 4.950000e-14
3.500000e+02 7.650000e-15
3.600000e+02 4.930000e-15
3.700000e+02 1.580000e-15
