9.000000e+00 5.096108e+09
2.700000e+01 3.139191e+08
3.600000e+01 1.427908e+08
4.500000e+01 3.388393e+07
6.300000e+01 4.714472e+06
7.200000e+01 2.853819e+06
8.100000e+01 9.152588e+05
9.900000e+01 2.181602e+05
1.080000e+02 1.564918e+05
1.170000e+02 5.728795e+04
1.350000e+02 1.571041e+04
1.440000e+02 1.225128e+04
1.530000e+02 4.782021e+03
1.710000e+02 1.376348e+03
1.800000e+02 1.017584e+03
1.890000e+02 3.834440e+02
2.070000e+02 1.082211e+02
2.160000e+02 9.351579e+01
2.250000e+02 3.592153e+01
2.430000e+02 1.016550e+01
2.520000e+02 7.893559e+00
2.610000e+02 2.691536e+00
2.790000e+02 8.227642e-01
2.880000e+02 6.601081e-01
2.970000e+02 2.817683e-01
3.150000e+02 9.117827e-02
3.240000e+02 6.571644e-02
3.330000e+02 2.323136e-02
3.510000e+02 7.529411e-03
3.600000e+02 5.947068e-03
3.690000e+02 2.763326e-03
