5.000000e+00 1.102089e+10
1.500000e+01 9.092397e+08
2.000000e+01 4.991364e+08
2.500000e+01 1.396575e+08
3.500000e+01 2.999616e+07
4.000000e+01 2.228744e+07
4.500000e+01 8.637883e+06
5.500000e+01 3.129094e+06
6.000000e+01 2.805631e+06
6.500000e+01 1.235132e+06
7.500000e+01 5.397138e+05
8.000000e+01 4.999832e+05
8.500000e+01 2.352272e+05
9.500000e+01 9.849135e+04
1.000000e+02 8.781512e+04
1.050000e+02 3.902367e+04
1.150000e+02 1.881215e+04
1.200000e+02 1.811896e+04
1.250000e+02 8.424521e+03
1.350000e+02 3.597801e+03
1.400000e+02 3.608052e+03
1.450000e+02 1.368541e+03
1.550000e+02 6.684992e+02
1.600000e+02 6.562975e+02
1.650000e+02 3.226559e+02
1.750000e+02 1.509370e+02
1.800000e+02 1.266110e+02
1.850000e+02 6.992019e+01
1.950000e+02 3.181283e+01
2.000000e+02 2.618877e+01
2.050000e+02 1.377147e+01
2.150000e+02 6.216071e+00
2.200000e+02 5.377074e+00
2.250000e+02 3.180239e+00
2.350000e+02 1.111487e+00
2.400000e+02 1.957869e+00
2.450000e+02 8.234215e-01
2.550000e+02 3.401264e-01
2.600000e+02 4.082289e-01
2.650000e+02 2.385149e-01
2.750000e+02 9.318575e-02
2.800000e+02 8.983776e-02
2.850000e+02 3.717155e-02
2.950000e+02 1.455286e-02
3.000000e+02 1.308932e-02
3.050000e+02 1.023031e-02
3.150000e+02 2.711217e-03
3.200000e+02 3.988222e-03
3.250000e+02 2.232250e-03
3.350000e+02 1.178111e-03
3.400000e+02 9.554651e-04
3.450000e+02 5.314955e-04
3.550000e+02 3.588219e-04
3.600000e+02 1.309099e-04
3.650000e+02 4.737732e-05
