1.000000e+01 4.982913e+09
3.000000e+01 2.281576e+08
4.000000e+01 6.792129e+06
5.000000e+01 4.668082e+04
7.000000e+01 1.614081e+02
8.000000e+01 2.534146e+01
9.000000e+01 2.967036e+00
1.100000e+02 1.175264e-01
1.200000e+02 3.860013e-02
1.300000e+02 6.867221e-03
1.500000e+02 5.463769e-04
1.600000e+02 2.218354e-04
1.700000e+02 5.070248e-05
1.900000e+02 5.026752e-06
2.000000e+02 2.366715e-06
2.100000e+02 5.878460e-07
2.300000e+02 7.643397e-08
2.400000e+02 4.154360e-08
2.500000e+02 1.042212e-08
2.700000e+02 1.521042e-09
2.800000e+02 8.344183e-10
2.900000e+02 2.218084e-10
3.100000e+02 3.494446e-11
3.200000e+02 1.866364e-11
3.300000e+02 5.914800e-12
3.500000e+02 9.120100e-13
3.600000e+02 5.873500e-13
3.700000e+02 1.874700e-13
