5.000000e+00 9.271394e+09
1.500000e+01 8.106644e+08
2.000000e+01 3.612931e+08
2.500000e+01 6.886401e+05
3.500000e+01 4.055237e+03
4.000000e+01 8.434523e+02
4.500000e+01 1.113320e+02
5.500000e+01 6.894067e+00
6.000000e+01 2.923444e+00
6.500000e+01 6.512138e-01
7.500000e+01 8.541812e-02
8.000000e+01 4.621787e-02
8.500000e+01 1.315107e-02
9.500000e+01 2.199557e-03
1.000000e+02 1.286823e-03
1.050000e+02 3.833925e-04
1.150000e+02 8.788891e-05
1.200000e+02 5.983893e-05
1.250000e+02 1.995731e-05
1.350000e+02 4.560805e-06
1.400000e+02 3.405255e-06
1.450000e+02 9.719125e-07
1.550000e+02 2.766974e-07
1.600000e+02 2.101346e-07
1.650000e+02 8.056358e-08
1.750000e+02 2.343367e-08
1.800000e+02 1.565990e-08
1.850000e+02 6.933411e-09
1.950000e+02 2.063702e-09
2.000000e+02 1.385412e-09
2.050000e+02 5.971324e-10
2.150000e+02 1.836905e-10
2.200000e+02 1.320593e-10
2.250000e+02 6.518727e-11
2.350000e+02 1.605898e-11
2.400000e+02 2.388267e-11
2.450000e+02 8.510140e-12
2.550000e+02 2.548740e-12
2.600000e+02 2.617200e-12
2.650000e+02 1.312190e-12
2.750000e+02 3.807400e-13
2.800000e+02 3.176100e-13
2.850000e+02 1.140100e-13
2.950000e+02 3.384000e-14
3.000000e+02 2.660000e-14
3.050000e+02 1.820000e-14
3.150000e+02 3.720000e-15
3.200000e+02 4.830000e-15
3.250000e+02 2.390000e-15
3.350000e+02 9.900000e-16
3.400000e+02 7.100000e-16
3.450000e+02 3.500000e-16
3.550000e+02 1.900000e-16
3.600000e+02 6.000000e-17
3.650000e+02 2.000000e-17
