9.000000e+00 4.491972e+09
2.700000e+01 6.449974e+05
3.600000e+01 1.467511e+04
4.500000e+01 4.367234e+02
6.300000e+01 3.240569e+00
7.200000e+01 6.355838e-01
8.100000e+01 7.630906e-02
9.900000e+01 3.471717e-03
1.080000e+02 1.221000e-03
1.170000e+02 2.325447e-04
1.350000e+02 1.991553e-05
1.440000e+02 9.202408e-06
1.530000e+02 2.198608e-06
1.710000e+02 2.575331e-07
1.800000e+02 1.258601e-07
1.890000e+02 3.199963e-08
2.070000e+02 4.339557e-09
2.160000e+02 2.662170e-09
2.250000e+02 7.363051e-10
2.430000e+02 1.122169e-10
2.520000e+02 6.505161e-11
2.610000e+02 1.673166e-11
2.790000e+02 2.993550e-12
2.880000e+02 1.861310e-12
2.970000e+02 6.206200e-13
3.150000e+02 1.252400e-13
3.240000e+02 7.201000e-14
3.330000e+02 2.043000e-14
3.510000e+02 4.340000e-15
3.600000e+02 2.800000e-15
3.690000e+02 1.070000e-15
