1.500000e+04 2.944388e+09
2.000000e+04 6.315070e+08
2.500000e+04 1.015589e+08
3.500000e+04 6.664111e+06
4.000000e+04 2.565812e+06
4.500000e+04 4.325897e+05
5.500000e+04 4.118160e+04
6.000000e+04 1.769114e+04
6.500000e+04 4.037318e+03
7.500000e+04 4.152047e+02
8.000000e+04 1.879234e+02
8.500000e+04 4.926129e+01
9.500000e+04 5.046063e+00
1.000000e+05 2.427336e+00
1.050000e+05 5.872850e-01
1.150000e+05 6.342044e-02
1.200000e+05 3.153537e-02
1.250000e+05 7.718316e-03
1.350000e+05 8.726646e-04
1.400000e+05 4.170052e-04
1.450000e+05 8.770295e-05
1.550000e+05 1.090945e-05
