3.000000e+04 4.286883e+08
4.000000e+04 5.362403e+07
5.000000e+04 3.758560e+06
7.000000e+04 4.391966e+04
8.000000e+04 7.594417e+03
9.000000e+04 6.802384e+02
1.100000e+05 1.365132e+01
1.200000e+05 2.848829e+00
1.300000e+05 3.199061e-01
1.500000e+05 7.521030e-03
1.600000e+05 1.687035e-03
1.700000e+05 1.919421e-04
1.900000e+05 6.598980e-06
2.000000e+05 4.237520e-06
2.100000e+05 1.576288e-06
2.300000e+05 1.129384e-06
2.400000e+05 1.830655e-06
2.500000e+05 8.404031e-07
2.700000e+05 5.664363e-07
2.800000e+05 9.090043e-07
2.900000e+05 4.698582e-07
3.100000e+05 3.595194e-07
3.200000e+05 5.711104e-07
3.300000e+05 2.274250e-07
3.500000e+05 1.713842e-07
3.600000e+05 2.970982e-07
3.700000e+05 1.260457e-07
3.900000e+05 1.027165e-07
4.000000e+05 1.788989e-07
