5.000000e+03 4.444000e+11
5.395395e+03 4.221054e+11
5.790791e+03 4.015047e+11
6.186186e+03 3.822733e+11
6.581582e+03 3.644401e+11
6.976977e+03 3.477809e+11
7.372372e+03 3.321449e+11
7.767768e+03 3.174386e+11
8.163163e+03 3.036780e+11
8.558559e+03 2.907321e+11
8.953954e+03 2.784331e+11
9.349349e+03 2.668711e+11
9.744745e+03 2.558938e+11
1.014014e+04 2.455251e+11
1.053554e+04 2.357113e+11
1.093093e+04 2.263695e+11
1.132633e+04 2.174803e+11
1.172172e+04 2.091132e+11
1.211712e+04 2.010663e+11
1.251251e+04 1.934479e+11
1.290791e+04 1.862128e+11
1.330330e+04 1.792668e+11
1.369870e+04 1.726490e+11
1.409409e+04 1.663324e+11
1.448949e+04 1.602986e+11
1.488488e+04 1.545711e+11
1.528028e+04 1.490290e+11
1.567568e+04 1.437567e+11
1.607107e+04 1.387438e+11
1.646647e+04 1.339108e+11
1.686186e+04 1.293045e+11
1.725726e+04 1.248761e+11
1.765265e+04 1.206244e+11
1.804805e+04 1.165590e+11
1.844344e+04 1.126371e+11
1.883884e+04 1.088870e+11
1.923423e+04 1.052792e+11
1.962963e+04 1.018330e+11
2.002503e+04 9.848996e+10
2.042042e+04 9.527638e+10
2.081582e+04 9.219244e+10
2.121121e+04 8.925575e+10
2.160661e+04 8.639060e+10
2.200200e+04 8.366790e+10
2.239740e+04 8.104324e+10
2.279279e+04 7.846818e+10
2.318819e+04 7.602290e+10
2.358358e+04 7.365961e+10
2.397898e+04 7.140714e+10
2.437437e+04 6.920402e+10
2.476977e+04 6.709084e+10
2.516517e+04 6.505427e+10
2.556056e+04 6.308069e+10
2.595596e+04 6.116724e+10
2.635135e+04 5.934915e+10
2.674675e+04 5.758480e+10
2.714214e+04 5.587186e+10
2.753754e+04 5.420810e+10
2.793293e+04 5.260319e+10
2.832833e+04 5.106517e+10
2.872372e+04 4.956948e+10
2.911912e+04 4.814220e+10
2.951451e+04 4.673220e+10
2.990991e+04 4.538654e+10
3.030531e+04 4.407599e+10
3.070070e+04 4.283154e+10
3.109610e+04 4.158835e+10
3.149149e+04 4.040544e+10
3.188689e+04 3.925721e+10
3.228228e+04 3.815994e+10
3.267768e+04 3.709323e+10
3.307307e+04 3.605203e+10
3.346847e+04 3.503543e+10
3.386386e+04 3.406140e+10
3.425926e+04 3.310179e+10
3.465465e+04 3.219824e+10
3.505005e+04 3.131246e+10
3.544545e+04 3.044643e+10
3.584084e+04 2.960208e+10
3.623624e+04 2.879866e+10
3.663163e+04 2.800145e+10
3.702703e+04 2.724827e+10
3.742242e+04 2.650981e+10
3.781782e+04 2.579134e+10
3.821321e+04 2.509499e+10
3.860861e+04 2.442068e+10
3.900400e+04 2.376526e+10
3.939940e+04 2.312787e+10
3.979479e+04 2.251058e+10
4.019019e+04 2.191017e+10
4.058559e+04 2.132863e+10
4.098098e+04 2.076343e+10
4.137638e+04 2.021330e+10
4.177177e+04 1.967881e+10
4.216717e+04 1.916147e+10
4.256256e+04 1.865755e+10
4.295796e+04 1.816833e+10
4.335335e+04 1.769388e+10
4.374875e+04 1.723236e+10
4.414414e+04 1.678243e+10
4.453954e+04 1.634587e+10
4.493493e+04 1.592268e+10
4.533033e+04 1.550975e+10
4.572573e+04 1.510975e+10
4.612112e+04 1.471924e+10
4.651652e+04 1.434127e+10
4.691191e+04 1.397205e+10
4.730731e+04 1.361303e+10
4.770270e+04 1.326595e+10
4.809810e+04 1.292674e+10
4.849349e+04 1.259707e+10
4.888889e+04 1.227479e+10
4.928428e+04 1.196344e+10
4.967968e+04 1.165929e+10
5.007508e+04 1.136542e+10
5.047047e+04 1.107657e+10
5.086587e+04 1.079810e+10
5.126126e+04 1.052513e+10
5.165666e+04 1.026086e+10
5.205205e+04 1.000253e+10
5.244745e+04 9.750909e+09
5.284284e+04 9.507742e+09
5.323824e+04 9.268904e+09
5.363363e+04 9.038384e+09
5.402903e+04 8.813087e+09
5.442442e+04 8.593349e+09
5.481982e+04 8.379900e+09
5.521522e+04 8.171319e+09
5.561061e+04 7.969301e+09
5.600601e+04 7.772026e+09
5.640140e+04 7.579128e+09
5.679680e+04 7.392336e+09
5.719219e+04 7.209877e+09
5.758759e+04 7.031660e+09
5.798298e+04 6.859028e+09
5.837838e+04 6.690660e+09
5.877377e+04 6.526259e+09
5.916917e+04 6.365745e+09
5.956456e+04 6.210123e+09
5.995996e+04 6.058737e+09
6.035536e+04 5.910250e+09
6.075075e+04 5.766001e+09
6.114615e+04 5.625253e+09
6.154154e+04 5.488613e+09
6.193694e+04 5.355606e+09
6.233233e+04 5.225470e+09
6.272773e+04 5.097980e+09
6.312312e+04 4.975256e+09
6.351852e+04 4.854351e+09
6.391391e+04 4.737709e+09
6.430931e+04 4.622502e+09
6.470470e+04 4.510321e+09
6.510010e+04 4.402431e+09
6.549550e+04 4.295848e+09
6.589089e+04 4.193440e+09
6.628629e+04 4.092322e+09
6.668168e+04 3.993903e+09
6.707708e+04 3.898135e+09
6.747247e+04 3.804971e+09
6.786787e+04 3.713892e+09
6.826326e+04 3.624810e+09
6.865866e+04 3.538596e+09
6.905405e+04 3.453902e+09
6.944945e+04 3.371612e+09
6.984484e+04 3.290895e+09
7.024024e+04 3.212658e+09
7.063564e+04 3.136435e+09
7.103103e+04 3.061902e+09
7.142643e+04 2.988195e+09
7.182182e+04 2.918084e+09
7.221722e+04 2.848740e+09
7.261261e+04 2.781529e+09
7.300801e+04 2.715155e+09
7.340340e+04 2.650687e+09
7.379880e+04 2.588265e+09
7.419419e+04 2.527779e+09
7.458959e+04 2.467950e+09
7.498498e+04 2.410086e+09
7.538038e+04 2.352829e+09
7.577578e+04 2.297489e+09
7.617117e+04 2.243103e+09
7.656657e+04 2.191136e+09
7.696196e+04 2.138779e+09
7.735736e+04 2.088991e+09
7.775275e+04 2.040198e+09
7.814815e+04 1.991899e+09
7.854354e+04 1.945360e+09
7.893894e+04 1.900554e+09
7.933433e+04 1.855366e+09
7.972973e+04 1.812274e+09
8.012513e+04 1.770036e+09
8.052052e+04 1.728467e+09
8.091592e+04 1.688229e+09
8.131131e+04 1.648384e+09
8.170671e+04 1.610147e+09
8.210210e+04 1.573471e+09
8.249750e+04 1.535986e+09
8.289289e+04 1.501161e+09
8.328829e+04 1.465637e+09
8.368368e+04 1.431558e+09
8.407908e+04 1.398740e+09
8.447447e+04 1.366422e+09
8.486987e+04 1.334405e+09
8.526527e+04 1.303859e+09
8.566066e+04 1.273594e+09
8.605606e+04 1.243607e+09
8.645145e+04 1.215051e+09
8.684685e+04 1.186755e+09
8.724224e+04 1.159862e+09
8.763764e+04 1.132884e+09
8.803303e+04 1.106723e+09
8.842843e+04 1.081206e+09
8.882382e+04 1.056281e+09
8.921922e+04 1.032015e+09
8.961461e+04 1.008175e+09
9.001001e+04 9.849794e+08
9.040541e+04 9.624129e+08
9.080080e+04 9.402640e+08
9.119620e+04 9.186264e+08
9.159159e+04 8.976024e+08
9.198699e+04 8.769807e+08
9.238238e+04 8.568411e+08
9.277778e+04 8.372105e+08
9.317317e+04 8.180397e+08
9.356857e+04 7.993417e+08
9.396396e+04 7.810040e+08
9.435936e+04 7.631713e+08
9.475475e+04 7.457562e+08
9.515015e+04 7.286863e+08
9.554555e+04 7.120144e+08
9.594094e+04 6.957310e+08
9.633634e+04 6.798831e+08
9.673173e+04 6.643620e+08
9.712713e+04 6.492387e+08
9.752252e+04 6.344432e+08
9.791792e+04 6.199896e+08
9.831331e+04 6.058464e+08
9.870871e+04 5.921022e+08
9.910410e+04 5.785727e+08
9.949950e+04 5.654436e+08
9.989489e+04 5.526188e+08
1.002903e+05 5.400849e+08
1.006857e+05 5.277538e+08
1.010811e+05 5.157972e+08
1.014765e+05 5.041450e+08
1.018719e+05 4.926814e+08
1.022673e+05 4.815357e+08
1.026627e+05 4.706282e+08
1.030581e+05 4.599576e+08
1.034535e+05 4.495464e+08
1.038488e+05 4.393173e+08
1.042442e+05 4.294024e+08
1.046396e+05 4.196958e+08
1.050350e+05 4.102106e+08
1.054304e+05 4.009202e+08
1.058258e+05 3.918551e+08
1.062212e+05 3.830458e+08
1.066166e+05 3.744112e+08
1.070120e+05 3.659253e+08
1.074074e+05 3.576725e+08
1.078028e+05 3.496659e+08
1.081982e+05 3.417178e+08
1.085936e+05 3.340980e+08
1.089890e+05 3.265352e+08
1.093844e+05 3.192098e+08
1.097798e+05 3.120099e+08
1.101752e+05 3.049666e+08
1.105706e+05 2.981546e+08
1.109660e+05 2.914505e+08
1.113614e+05 2.849103e+08
1.117568e+05 2.785058e+08
1.121522e+05 2.722356e+08
1.125475e+05 2.660984e+08
1.129429e+05 2.601306e+08
1.133383e+05 2.543390e+08
1.137337e+05 2.485877e+08
1.141291e+05 2.430514e+08
1.145245e+05 2.375748e+08
1.149199e+05 2.322846e+08
1.153153e+05 2.270439e+08
1.157107e+05 2.219854e+08
1.161061e+05 2.169798e+08
1.165015e+05 2.121707e+08
1.168969e+05 2.073941e+08
1.172923e+05 2.028137e+08
1.176877e+05 1.982668e+08
1.180831e+05 1.938349e+08
1.184785e+05 1.895171e+08
1.188739e+05 1.852900e+08
1.192693e+05 1.811349e+08
1.196647e+05 1.770689e+08
1.200601e+05 1.731630e+08
1.204555e+05 1.693121e+08
1.208509e+05 1.654864e+08
1.212462e+05 1.618062e+08
1.216416e+05 1.581904e+08
1.220370e+05 1.546800e+08
1.224324e+05 1.512739e+08
1.228278e+05 1.478897e+08
1.232232e+05 1.446084e+08
1.236186e+05 1.413631e+08
1.240140e+05 1.382005e+08
1.244094e+05 1.351383e+08
1.248048e+05 1.321757e+08
1.252002e+05 1.292317e+08
1.255956e+05 1.263064e+08
1.259910e+05 1.235510e+08
1.263864e+05 1.208163e+08
1.267818e+05 1.180987e+08
1.271772e+05 1.154766e+08
1.275726e+05 1.129491e+08
1.279680e+05 1.104373e+08
1.283634e+05 1.079903e+08
1.287588e+05 1.055832e+08
1.291542e+05 1.032263e+08
1.295495e+05 1.009674e+08
1.299449e+05 9.872299e+07
1.303403e+05 9.653018e+07
1.307357e+05 9.437795e+07
1.311311e+05 9.228421e+07
1.315265e+05 9.027908e+07
1.319219e+05 8.828598e+07
1.323173e+05 8.630478e+07
1.327127e+05 8.441074e+07
1.331081e+05 8.253403e+07
1.335035e+05 8.073121e+07
1.338989e+05 7.894427e+07
1.342943e+05 7.716527e+07
1.346897e+05 7.547095e+07
1.350851e+05 7.380545e+07
1.354805e+05 7.218291e+07
1.358759e+05 7.058903e+07
1.362713e+05 6.903306e+07
1.366667e+05 6.750738e+07
1.370621e+05 6.601901e+07
1.374575e+05 6.456345e+07
1.378529e+05 6.313841e+07
1.382482e+05 6.174939e+07
1.386436e+05 6.038585e+07
1.390390e+05 5.905537e+07
1.394344e+05 5.775642e+07
1.398298e+05 5.648561e+07
1.402252e+05 5.524270e+07
1.406206e+05 5.402035e+07
1.410160e+05 5.283257e+07
1.414114e+05 5.167118e+07
1.418068e+05 5.053743e+07
1.422022e+05 4.942420e+07
1.425976e+05 4.833754e+07
1.429930e+05 4.727724e+07
1.433884e+05 4.623690e+07
1.437838e+05 4.522202e+07
1.441792e+05 4.422593e+07
1.445746e+05 4.325541e+07
1.449700e+05 4.230541e+07
1.453654e+05 4.137434e+07
1.457608e+05 4.046620e+07
1.461562e+05 3.957904e+07
1.465516e+05 3.871382e+07
1.469469e+05 3.786305e+07
1.473423e+05 3.703330e+07
1.477377e+05 3.622089e+07
1.481331e+05 3.542347e+07
1.485285e+05 3.465049e+07
1.489239e+05 3.388994e+07
1.493193e+05 3.314619e+07
1.497147e+05 3.241813e+07
1.501101e+05 3.170790e+07
1.505055e+05 3.101371e+07
1.509009e+05 3.033642e+07
1.512963e+05 2.967565e+07
1.516917e+05 2.902485e+07
1.520871e+05 2.838974e+07
1.524825e+05 2.776503e+07
1.528779e+05 2.716173e+07
1.532733e+05 2.656442e+07
1.536687e+05 2.598623e+07
1.540641e+05 2.541690e+07
1.544595e+05 2.485899e+07
1.548549e+05 2.431684e+07
1.552503e+05 2.378713e+07
1.556456e+05 2.326944e+07
1.560410e+05 2.275700e+07
1.564364e+05 2.226341e+07
1.568318e+05 2.177434e+07
1.572272e+05 2.129813e+07
1.576226e+05 2.083700e+07
1.580180e+05 2.037817e+07
1.584134e+05 1.993511e+07
1.588088e+05 1.949942e+07
1.592042e+05 1.907217e+07
1.595996e+05 1.865957e+07
1.599950e+05 1.825495e+07
1.603904e+05 1.785295e+07
1.607858e+05 1.746418e+07
1.611812e+05 1.708410e+07
1.615766e+05 1.671208e+07
1.619720e+05 1.634632e+07
1.623674e+05 1.598994e+07
1.627628e+05 1.564529e+07
1.631582e+05 1.530431e+07
1.635536e+05 1.497109e+07
1.639489e+05 1.464558e+07
1.643443e+05 1.432434e+07
1.647397e+05 1.401380e+07
1.651351e+05 1.371081e+07
1.655305e+05 1.340927e+07
1.659259e+05 1.312121e+07
1.663213e+05 1.283453e+07
1.667167e+05 1.255520e+07
1.671121e+05 1.228318e+07
1.675075e+05 1.201289e+07
1.679029e+05 1.175507e+07
1.682983e+05 1.149845e+07
1.686937e+05 1.124860e+07
1.690891e+05 1.100593e+07
1.694845e+05 1.076439e+07
1.698799e+05 1.052986e+07
1.702753e+05 1.030230e+07
1.706707e+05 1.007992e+07
1.710661e+05 9.860026e+06
1.714615e+05 9.646974e+06
1.718569e+05 9.434903e+06
1.722523e+05 9.229610e+06
1.726476e+05 9.031050e+06
1.730430e+05 8.835883e+06
1.734384e+05 8.644626e+06
1.738338e+05 8.454238e+06
1.742292e+05 8.270454e+06
1.746246e+05 8.093229e+06
1.750200e+05 7.916805e+06
1.754154e+05 7.746876e+06
1.758108e+05 7.578326e+06
1.762062e+05 7.414982e+06
1.766016e+05 7.253071e+06
1.769970e+05 7.097184e+06
1.773924e+05 6.941993e+06
1.777878e+05 6.793116e+06
1.781832e+05 6.644901e+06
1.785786e+05 6.502941e+06
1.789740e+05 6.361608e+06
1.793694e+05 6.224765e+06
1.797648e+05 6.089973e+06
1.801602e+05 5.955771e+06
1.805556e+05 5.827697e+06
1.809510e+05 5.700181e+06
1.813463e+05 5.578736e+06
1.817417e+05 5.457820e+06
1.821371e+05 5.339828e+06
1.825325e+05 5.224488e+06
1.829279e+05 5.111389e+06
1.833233e+05 5.001151e+06
1.837187e+05 4.892679e+06
1.841141e+05 4.787136e+06
1.845095e+05 4.683722e+06
1.849049e+05 4.582324e+06
1.853003e+05 4.483467e+06
1.856957e+05 4.386621e+06
1.860911e+05 4.291751e+06
1.864865e+05 4.199378e+06
1.868819e+05 4.108515e+06
1.872773e+05 4.019928e+06
1.876727e+05 3.932973e+06
1.880681e+05 3.848341e+06
1.884635e+05 3.765076e+06
1.888589e+05 3.683917e+06
1.892543e+05 3.604441e+06
1.896496e+05 3.526830e+06
1.900450e+05 3.450545e+06
1.904404e+05 3.376417e+06
1.908358e+05 3.303308e+06
1.912312e+05 3.232021e+06
1.916266e+05 3.162408e+06
1.920220e+05 3.094237e+06
1.924174e+05 3.027767e+06
1.928128e+05 2.962155e+06
1.932082e+05 2.898274e+06
1.936036e+05 2.836203e+06
1.939990e+05 2.774896e+06
1.943944e+05 2.715335e+06
1.947898e+05 2.656533e+06
1.951852e+05 2.599432e+06
1.955806e+05 2.543635e+06
1.959760e+05 2.488575e+06
1.963714e+05 2.435117e+06
1.967668e+05 2.382845e+06
1.971622e+05 2.331434e+06
1.975576e+05 2.281241e+06
1.979530e+05 2.232022e+06
1.983483e+05 2.184221e+06
1.987437e+05 2.137113e+06
1.991391e+05 2.091088e+06
1.995345e+05 2.046137e+06
1.999299e+05 2.002210e+06
2.003253e+05 1.958909e+06
2.007207e+05 1.917021e+06
2.011161e+05 1.875583e+06
2.015115e+05 1.835535e+06
2.019069e+05 1.795757e+06
2.023023e+05 1.757078e+06
2.026977e+05 1.719514e+06
2.030931e+05 1.682566e+06
2.034885e+05 1.646264e+06
2.038839e+05 1.611005e+06
2.042793e+05 1.576428e+06
2.046747e+05 1.542474e+06
2.050701e+05 1.509480e+06
2.054655e+05 1.476904e+06
2.058609e+05 1.445089e+06
2.062563e+05 1.414321e+06
2.066517e+05 1.383861e+06
2.070470e+05 1.353999e+06
2.074424e+05 1.325216e+06
2.078378e+05 1.296724e+06
2.082332e+05 1.268617e+06
2.086286e+05 1.241574e+06
2.090240e+05 1.215113e+06
2.094194e+05 1.188844e+06
2.098148e+05 1.163513e+06
2.102102e+05 1.138277e+06
2.106056e+05 1.114086e+06
2.110010e+05 1.089990e+06
2.113964e+05 1.066904e+06
2.117918e+05 1.043904e+06
2.121872e+05 1.021461e+06
2.125826e+05 9.995724e+05
2.129780e+05 9.781307e+05
2.133734e+05 9.573189e+05
2.137688e+05 9.365841e+05
2.141642e+05 9.163927e+05
2.145596e+05 8.970193e+05
2.149550e+05 8.776284e+05
2.153504e+05 8.588189e+05
2.157457e+05 8.405388e+05
2.161411e+05 8.224763e+05
2.165365e+05 8.048123e+05
2.169319e+05 7.875495e+05
2.173273e+05 7.706415e+05
2.177227e+05 7.542542e+05
2.181181e+05 7.379264e+05
2.185135e+05 7.221771e+05
2.189089e+05 7.068180e+05
2.193043e+05 6.915956e+05
2.196997e+05 6.768439e+05
2.200951e+05 6.625970e+05
2.204905e+05 6.484026e+05
2.208859e+05 6.342589e+05
2.212813e+05 6.206177e+05
2.216767e+05 6.074763e+05
2.220721e+05 5.943816e+05
2.224675e+05 5.817831e+05
2.228629e+05 5.695112e+05
2.232583e+05 5.571676e+05
2.236537e+05 5.453886e+05
2.240490e+05 5.333911e+05
2.244444e+05 5.223271e+05
2.248398e+05 5.110343e+05
2.252352e+05 5.000278e+05
2.256306e+05 4.893674e+05
2.260260e+05 4.790153e+05
2.264214e+05 4.685640e+05
2.268168e+05 4.585901e+05
2.272122e+05 4.490373e+05
2.276076e+05 4.391923e+05
2.280030e+05 4.299285e+05
2.283984e+05 4.207459e+05
2.287938e+05 4.117236e+05
2.291892e+05 4.029411e+05
2.295846e+05 3.943250e+05
2.299800e+05 3.859037e+05
2.303754e+05 3.776809e+05
2.307708e+05 3.696124e+05
2.311662e+05 3.616972e+05
2.315616e+05 3.539778e+05
2.319570e+05 3.464286e+05
2.323524e+05 3.390363e+05
2.327477e+05 3.317920e+05
2.331431e+05 3.247194e+05
2.335385e+05 3.177953e+05
2.339339e+05 3.110044e+05
2.343293e+05 3.043770e+05
2.347247e+05 2.978852e+05
2.351201e+05 2.915174e+05
2.355155e+05 2.852840e+05
2.359109e+05 2.792279e+05
2.363063e+05 2.732463e+05
2.367017e+05 2.674445e+05
2.370971e+05 2.617041e+05
2.374925e+05 2.561482e+05
2.378879e+05 2.506910e+05
2.382833e+05 2.453319e+05
2.386787e+05 2.401214e+05
2.390741e+05 2.350009e+05
2.394695e+05 2.299770e+05
2.398649e+05 2.250638e+05
2.402603e+05 2.202751e+05
2.406557e+05 2.155999e+05
2.410511e+05 2.109814e+05
2.414464e+05 2.064802e+05
2.418418e+05 2.020966e+05
2.422372e+05 1.977840e+05
2.426326e+05 1.935641e+05
2.430280e+05 1.894545e+05
2.434234e+05 1.854224e+05
2.438188e+05 1.814738e+05
2.442142e+05 1.775848e+05
2.446096e+05 1.738234e+05
2.450050e+05 1.701169e+05
2.454004e+05 1.665000e+05
2.457958e+05 1.629337e+05
2.461912e+05 1.594599e+05
2.465866e+05 1.560784e+05
2.469820e+05 1.527409e+05
2.473774e+05 1.495003e+05
2.477728e+05 1.463105e+05
2.481682e+05 1.431985e+05
2.485636e+05 1.401477e+05
2.489590e+05 1.371704e+05
2.493544e+05 1.342572e+05
2.497497e+05 1.313933e+05
2.501451e+05 1.285965e+05
2.505405e+05 1.258685e+05
2.509359e+05 1.231889e+05
2.513313e+05 1.205700e+05
2.517267e+05 1.180245e+05
2.521221e+05 1.154870e+05
2.525175e+05 1.130436e+05
2.529129e+05 1.106386e+05
2.533083e+05 1.082806e+05
2.537037e+05 1.059708e+05
2.540991e+05 1.037437e+05
2.544945e+05 1.015235e+05
2.548899e+05 9.934936e+04
2.552853e+05 9.725458e+04
2.556807e+05 9.517780e+04
2.560761e+05 9.317043e+04
2.564715e+05 9.117679e+04
2.568669e+05 8.922821e+04
2.572623e+05 8.734869e+04
2.576577e+05 8.548781e+04
2.580531e+05 8.367137e+04
2.584484e+05 8.189919e+04
2.588438e+05 8.014935e+04
2.592392e+05 7.846332e+04
2.596346e+05 7.678242e+04
2.600300e+05 7.514508e+04
2.604254e+05 7.355112e+04
2.608208e+05 7.200033e+04
2.612162e+05 7.046044e+04
2.616116e+05 6.895548e+04
2.620070e+05 6.749322e+04
2.624024e+05 6.607348e+04
2.627978e+05 6.465801e+04
2.631932e+05 6.328480e+04
2.635886e+05 6.194931e+04
2.639840e+05 6.062041e+04
2.643794e+05 5.933330e+04
2.647748e+05 5.808781e+04
2.651702e+05 5.684603e+04
2.655656e+05 5.564560e+04
2.659610e+05 5.447166e+04
2.663564e+05 5.331413e+04
2.667518e+05 5.219752e+04
2.671471e+05 5.108422e+04
2.675425e+05 4.999011e+04
2.679379e+05 4.894212e+04
2.683333e+05 4.788822e+04
2.687287e+05 4.688704e+04
2.691241e+05 4.587300e+04
2.695195e+05 4.491823e+04
2.699149e+05 4.394368e+04
2.703103e+05 4.303874e+04
2.707057e+05 4.210162e+04
2.711011e+05 4.120031e+04
2.714965e+05 4.033976e+04
2.718919e+05 3.948211e+04
2.722873e+05 3.865902e+04
2.726827e+05 3.784128e+04
2.730781e+05 3.702591e+04
2.734735e+05 3.624581e+04
2.738689e+05 3.547526e+04
2.742643e+05 3.472256e+04
2.746597e+05 3.398739e+04
2.750551e+05 3.326854e+04
2.754505e+05 3.256231e+04
2.758458e+05 3.187227e+04
2.762412e+05 3.119686e+04
2.766366e+05 3.053554e+04
2.770320e+05 2.989023e+04
2.774274e+05 2.925723e+04
2.778228e+05 2.863650e+04
2.782182e+05 2.802799e+04
2.786136e+05 2.743523e+04
2.790090e+05 2.685425e+04
2.794044e+05 2.628581e+04
2.797998e+05 2.572937e+04
2.801952e+05 2.518488e+04
2.805906e+05 2.464906e+04
2.809860e+05 2.412849e+04
2.813814e+05 2.361682e+04
2.817768e+05 2.311640e+04
2.821722e+05 2.262770e+04
2.825676e+05 2.214826e+04
2.829630e+05 2.167946e+04
2.833584e+05 2.122017e+04
2.837538e+05 2.077110e+04
2.841491e+05 2.033178e+04
2.845445e+05 1.990228e+04
2.849399e+05 1.948066e+04
2.853353e+05 1.906691e+04
2.857307e+05 1.866339e+04
2.861261e+05 1.826890e+04
2.865215e+05 1.788140e+04
2.869169e+05 1.750543e+04
2.873123e+05 1.713440e+04
2.877077e+05 1.677102e+04
2.881031e+05 1.641526e+04
2.884985e+05 1.607061e+04
2.888939e+05 1.573036e+04
2.892893e+05 1.539759e+04
2.896847e+05 1.506992e+04
2.900801e+05 1.475242e+04
2.904755e+05 1.443976e+04
2.908709e+05 1.413383e+04
2.912663e+05 1.383527e+04
2.916617e+05 1.354196e+04
2.920571e+05 1.325628e+04
2.924525e+05 1.297659e+04
2.928478e+05 1.270254e+04
2.932432e+05 1.243411e+04
2.936386e+05 1.217158e+04
2.940340e+05 1.191316e+04
2.944294e+05 1.166223e+04
2.948248e+05 1.141621e+04
2.952202e+05 1.117323e+04
2.956156e+05 1.093767e+04
2.960110e+05 1.070649e+04
2.964064e+05 1.047899e+04
2.968018e+05 1.025846e+04
2.971972e+05 1.004189e+04
2.975926e+05 9.829248e+03
2.979880e+05 9.620530e+03
2.983834e+05 9.418510e+03
2.987788e+05 9.220775e+03
2.991742e+05 9.023562e+03
2.995696e+05 8.833545e+03
2.999650e+05 8.646195e+03
3.003604e+05 8.463681e+03
3.007558e+05 8.284972e+03
3.011512e+05 8.111750e+03
3.015465e+05 7.940451e+03
3.019419e+05 7.772912e+03
3.023373e+05 7.607045e+03
3.027327e+05 7.446833e+03
3.031281e+05 7.290339e+03
3.035235e+05 7.135026e+03
3.039189e+05 6.985151e+03
3.043143e+05 6.836908e+03
3.047097e+05 6.694674e+03
3.051051e+05 6.553278e+03
3.055005e+05 6.412281e+03
3.058959e+05 6.277987e+03
3.062913e+05 6.147037e+03
3.066867e+05 6.016559e+03
3.070821e+05 5.889673e+03
3.074775e+05 5.763113e+03
3.078729e+05 5.643375e+03
3.082683e+05 5.523944e+03
3.086637e+05 5.406881e+03
3.090591e+05 5.294379e+03
3.094545e+05 5.182166e+03
3.098498e+05 5.073466e+03
3.102452e+05 4.965043e+03
3.106406e+05 4.860116e+03
3.110360e+05 4.758670e+03
3.114314e+05 4.657481e+03
3.118268e+05 4.559756e+03
3.122222e+05 4.462991e+03
3.126176e+05 4.368810e+03
3.130130e+05 4.278063e+03
3.134084e+05 4.187544e+03
3.138038e+05 4.097375e+03
3.141992e+05 4.010373e+03
3.145946e+05 3.926719e+03
3.149900e+05 3.843299e+03
3.153854e+05 3.763260e+03
3.157808e+05 3.683421e+03
3.161762e+05 3.606944e+03
3.165716e+05 3.530659e+03
3.169670e+05 3.456676e+03
3.173624e+05 3.383773e+03
3.177578e+05 3.311052e+03
3.181532e+05 3.241655e+03
3.185485e+05 3.172430e+03
3.189439e+05 3.106512e+03
3.193393e+05 3.040880e+03
3.197347e+05 2.976946e+03
3.201301e+05 2.914078e+03
3.205255e+05 2.852584e+03
3.209209e+05 2.792460e+03
3.213163e+05 2.733700e+03
3.217117e+05 2.675988e+03
3.221071e+05 2.619608e+03
3.225025e+05 2.564616e+03
3.228979e+05 2.510355e+03
3.232933e+05 2.457444e+03
3.236887e+05 2.405834e+03
3.240841e+05 2.355009e+03
3.244795e+05 2.305477e+03
3.248749e+05 2.256961e+03
3.252703e+05 2.209240e+03
3.256657e+05 2.162759e+03
3.260611e+05 2.117282e+03
3.264565e+05 2.072633e+03
3.268519e+05 2.028862e+03
3.272472e+05 1.986086e+03
3.276426e+05 1.944300e+03
3.280380e+05 1.903386e+03
3.284334e+05 1.863281e+03
3.288288e+05 1.824157e+03
3.292242e+05 1.785632e+03
3.296196e+05 1.748170e+03
3.300150e+05 1.711330e+03
3.304104e+05 1.675215e+03
3.308058e+05 1.640048e+03
3.312012e+05 1.605573e+03
3.315966e+05 1.571755e+03
3.319920e+05 1.538616e+03
3.323874e+05 1.506158e+03
3.327828e+05 1.474327e+03
3.331782e+05 1.443443e+03
3.335736e+05 1.412985e+03
3.339690e+05 1.383197e+03
3.343644e+05 1.354270e+03
3.347598e+05 1.325683e+03
3.351552e+05 1.297867e+03
3.355506e+05 1.270414e+03
3.359459e+05 1.243758e+03
3.363413e+05 1.217608e+03
3.367367e+05 1.191926e+03
3.371321e+05 1.166775e+03
3.375275e+05 1.142276e+03
3.379229e+05 1.118198e+03
3.383183e+05 1.094685e+03
3.387137e+05 1.071563e+03
3.391091e+05 1.049031e+03
3.395045e+05 1.027141e+03
3.398999e+05 1.005301e+03
3.402953e+05 9.843804e+02
3.406907e+05 9.635083e+02
3.410861e+05 9.432710e+02
3.414815e+05 9.236119e+02
3.418769e+05 9.040391e+02
3.422723e+05 8.850147e+02
3.426677e+05 8.663936e+02
3.430631e+05 8.481069e+02
3.434585e+05 8.303237e+02
3.438539e+05 8.129796e+02
3.442492e+05 7.956753e+02
3.446446e+05 7.789910e+02
3.450400e+05 7.627508e+02
3.454354e+05 7.467081e+02
3.458308e+05 7.309912e+02
3.462262e+05 7.155990e+02
3.466216e+05 7.005928e+02
3.470170e+05 6.858334e+02
3.474124e+05 6.713954e+02
3.478078e+05 6.572777e+02
3.482032e+05 6.434886e+02
3.485986e+05 6.299951e+02
3.489940e+05 6.168189e+02
3.493894e+05 6.036724e+02
3.497848e+05 5.910840e+02
3.501802e+05 5.785543e+02
3.505756e+05 5.663381e+02
3.509710e+05 5.544343e+02
3.513664e+05 5.428419e+02
3.517618e+05 5.314512e+02
3.521572e+05 5.203032e+02
3.525526e+05 5.093554e+02
3.529479e+05 4.985680e+02
3.533433e+05 4.882219e+02
3.537387e+05 4.778991e+02
3.541341e+05 4.678816e+02
3.545295e+05 4.579698e+02
3.549249e+05 4.485474e+02
3.553203e+05 4.391459e+02
3.557157e+05 4.297654e+02
3.561111e+05 4.207177e+02
3.565065e+05 4.119265e+02
3.569019e+05 4.031547e+02
3.572973e+05 3.946899e+02
3.576927e+05 3.865082e+02
3.580881e+05 3.783522e+02
3.584835e+05 3.704931e+02
3.588789e+05 3.626513e+02
3.592743e+05 3.550335e+02
3.596697e+05 3.475755e+02
3.600651e+05 3.402431e+02
3.604605e+05 3.331207e+02
3.608559e+05 3.260718e+02
3.612513e+05 3.192896e+02
3.616466e+05 3.125154e+02
3.620420e+05 3.060137e+02
3.624374e+05 2.995701e+02
3.628328e+05 2.933468e+02
3.632282e+05 2.872317e+02
3.636236e+05 2.810101e+02
3.640190e+05 2.752582e+02
3.644144e+05 2.694403e+02
3.648098e+05 2.637866e+02
3.652052e+05 2.582521e+02
3.656006e+05 2.528365e+02
3.659960e+05 2.475132e+02
3.663914e+05 2.423331e+02
3.667868e+05 2.372445e+02
3.671822e+05 2.322510e+02
3.675776e+05 2.273920e+02
3.679730e+05 2.226075e+02
3.683684e+05 2.179332e+02
3.687638e+05 2.133750e+02
3.691592e+05 2.088893e+02
3.695546e+05 2.045091e+02
3.699499e+05 2.002169e+02
3.703453e+05 1.960123e+02
3.707407e+05 1.918952e+02
3.711361e+05 1.878824e+02
3.715315e+05 1.839404e+02
3.719269e+05 1.800778e+02
3.723223e+05 1.762891e+02
3.727177e+05 1.726013e+02
3.731131e+05 1.689784e+02
3.735085e+05 1.654387e+02
3.739039e+05 1.619611e+02
3.742993e+05 1.585686e+02
3.746947e+05 1.552355e+02
3.750901e+05 1.519868e+02
3.754855e+05 1.487958e+02
3.758809e+05 1.456673e+02
3.762763e+05 1.426188e+02
3.766717e+05 1.396274e+02
3.770671e+05 1.367015e+02
3.774625e+05 1.338348e+02
3.778579e+05 1.310159e+02
3.782533e+05 1.282656e+02
3.786486e+05 1.255868e+02
3.790440e+05 1.229522e+02
3.794394e+05 1.203759e+02
3.798348e+05 1.178404e+02
3.802302e+05 1.153787e+02
3.806256e+05 1.129552e+02
3.810210e+05 1.105867e+02
3.814164e+05 1.082689e+02
3.818118e+05 1.060082e+02
3.822072e+05 1.037803e+02
3.826026e+05 1.016062e+02
3.829980e+05 9.946267e+01
3.833934e+05 9.737574e+01
3.837888e+05 9.534230e+01
3.841842e+05 9.334079e+01
3.845796e+05 9.139010e+01
3.849750e+05 8.947349e+01
3.853704e+05 8.760502e+01
3.857658e+05 8.577280e+01
3.861612e+05 8.397022e+01
3.865566e+05 8.221183e+01
3.869520e+05 8.049291e+01
3.873473e+05 7.880332e+01
3.877427e+05 7.714296e+01
3.881381e+05 7.552157e+01
3.885335e+05 7.394396e+01
3.889289e+05 7.239527e+01
3.893243e+05 7.088166e+01
3.897197e+05 6.938935e+01
3.901151e+05 6.792958e+01
3.905105e+05 6.651893e+01
3.909059e+05 6.511113e+01
3.913013e+05 6.375729e+01
3.916967e+05 6.243087e+01
3.920921e+05 6.110881e+01
3.924875e+05 5.983635e+01
3.928829e+05 5.856846e+01
3.932783e+05 5.735397e+01
3.936737e+05 5.616064e+01
3.940691e+05 5.497521e+01
3.944645e+05 5.381751e+01
3.948599e+05 5.268746e+01
3.952553e+05 5.159894e+01
3.956507e+05 5.050994e+01
3.960460e+05 4.944870e+01
3.964414e+05 4.842724e+01
3.968368e+05 4.740782e+01
3.972322e+05 4.641560e+01
3.976276e+05 4.543231e+01
3.980230e+05 4.449311e+01
3.984184e+05 4.355579e+01
3.988138e+05 4.264539e+01
3.992092e+05 4.176185e+01
3.996046e+05 4.088120e+01
4.000000e+05 4.002500e+01
