2.000000e+03 3.410000e+09
3.447236e+03 2.725564e+09
4.894472e+03 2.314096e+09
6.341709e+03 2.017551e+09
7.788945e+03 1.787335e+09
9.236181e+03 1.598759e+09
1.068342e+04 1.439692e+09
1.213065e+04 1.302279e+09
1.357789e+04 1.182265e+09
1.502513e+04 1.076648e+09
1.647236e+04 9.825524e+08
1.791960e+04 8.984044e+08
1.936683e+04 8.226085e+08
2.081407e+04 7.541287e+08
2.226131e+04 6.920446e+08
2.370854e+04 6.358781e+08
2.515578e+04 5.843585e+08
2.660302e+04 5.376003e+08
2.805025e+04 4.948415e+08
2.949749e+04 4.557570e+08
3.094472e+04 4.197078e+08
3.239196e+04 3.868726e+08
3.383920e+04 3.567990e+08
3.528643e+04 3.290569e+08
3.673367e+04 3.035497e+08
3.818090e+04 2.800833e+08
3.962814e+04 2.585838e+08
4.107538e+04 2.387237e+08
4.252261e+04 2.204612e+08
4.396985e+04 2.036178e+08
4.541709e+04 1.880887e+08
4.686432e+04 1.737770e+08
4.831156e+04 1.605838e+08
4.975879e+04 1.484007e+08
5.120603e+04 1.371758e+08
5.265327e+04 1.268011e+08
5.410050e+04 1.172234e+08
5.554774e+04 1.083900e+08
5.699497e+04 1.002225e+08
5.844221e+04 9.267943e+07
5.988945e+04 8.571242e+07
6.133668e+04 7.927743e+07
6.278392e+04 7.333136e+07
6.423116e+04 6.783270e+07
6.567839e+04 6.275024e+07
6.712563e+04 5.806172e+07
6.857286e+04 5.371596e+07
7.002010e+04 4.969846e+07
7.146734e+04 4.598931e+07
7.291457e+04 4.255636e+07
7.436181e+04 3.938359e+07
7.580905e+04 3.644278e+07
7.725628e+04 3.373030e+07
7.870352e+04 3.121710e+07
8.015075e+04 2.888827e+07
8.159799e+04 2.674465e+07
8.304523e+04 2.475402e+07
8.449246e+04 2.291274e+07
8.593970e+04 2.121153e+07
8.738693e+04 1.963478e+07
8.883417e+04 1.817909e+07
9.028141e+04 1.682462e+07
9.172864e+04 1.557388e+07
9.317588e+04 1.442321e+07
9.462312e+04 1.335211e+07
9.607035e+04 1.236233e+07
9.751759e+04 1.144498e+07
9.896482e+04 1.060078e+07
1.004121e+05 9.811778e+06
1.018593e+05 9.085555e+06
1.033065e+05 8.412850e+06
1.047538e+05 7.790316e+06
1.062010e+05 7.213150e+06
1.076482e+05 6.679468e+06
1.090955e+05 6.185501e+06
1.105427e+05 5.727931e+06
1.119899e+05 5.304475e+06
1.134372e+05 4.912315e+06
1.148844e+05 4.549354e+06
1.163317e+05 4.212798e+06
1.177789e+05 3.901433e+06
1.192261e+05 3.613322e+06
1.206734e+05 3.346196e+06
1.221206e+05 3.099128e+06
1.235678e+05 2.870262e+06
1.250151e+05 2.658458e+06
1.264623e+05 2.462272e+06
1.279095e+05 2.280827e+06
1.293568e+05 2.112045e+06
1.308040e+05 1.956490e+06
1.322513e+05 1.812158e+06
1.336985e+05 1.678442e+06
1.351457e+05 1.554478e+06
1.365930e+05 1.439728e+06
1.380402e+05 1.333445e+06
1.394874e+05 1.235379e+06
1.409347e+05 1.144034e+06
1.423819e+05 1.059953e+06
1.438291e+05 9.815790e+05
1.452764e+05 9.095493e+05
1.467236e+05 8.425551e+05
1.481709e+05 7.800051e+05
1.496181e+05 7.225072e+05
1.510653e+05 6.692017e+05
1.525126e+05 6.200981e+05
1.539598e+05 5.744036e+05
1.554070e+05 5.320688e+05
1.568543e+05 4.928652e+05
1.583015e+05 4.565472e+05
1.597487e+05 4.229358e+05
1.611960e+05 3.917629e+05
1.626432e+05 3.629298e+05
1.640905e+05 3.362056e+05
1.655377e+05 3.114688e+05
1.669849e+05 2.885412e+05
1.684322e+05 2.672759e+05
1.698794e+05 2.476108e+05
1.713266e+05 2.293650e+05
1.727739e+05 2.124959e+05
1.742211e+05 1.968415e+05
1.756683e+05 1.823437e+05
1.771156e+05 1.689264e+05
1.785628e+05 1.565240e+05
1.800101e+05 1.450020e+05
1.814573e+05 1.343292e+05
1.829045e+05 1.244610e+05
1.843518e+05 1.152576e+05
1.857990e+05 1.068135e+05
1.872462e+05 9.894603e+04
1.886935e+05 9.165516e+04
1.901407e+05 8.491524e+04
1.915879e+05 7.866545e+04
1.930352e+05 7.287102e+04
1.944824e+05 6.752080e+04
1.959296e+05 6.256569e+04
1.973769e+05 5.793507e+04
1.988241e+05 5.369883e+04
2.002714e+05 4.974941e+04
2.017186e+05 4.608953e+04
2.031658e+05 4.269939e+04
2.046131e+05 3.956119e+04
2.060603e+05 3.665128e+04
2.075075e+05 3.395985e+04
2.089548e+05 3.146261e+04
2.104020e+05 2.914933e+04
2.118492e+05 2.700522e+04
2.132965e+05 2.502047e+04
2.147437e+05 2.317874e+04
2.161910e+05 2.147710e+04
2.176382e+05 1.989878e+04
2.190854e+05 1.843441e+04
2.205327e+05 1.708017e+04
2.219799e+05 1.582614e+04
2.234271e+05 1.466175e+04
2.248744e+05 1.358316e+04
2.263216e+05 1.258734e+04
2.277688e+05 1.166316e+04
2.292161e+05 1.080422e+04
2.306633e+05 1.001015e+04
2.321106e+05 9.275065e+03
2.335578e+05 8.594701e+03
2.350050e+05 7.961180e+03
2.364523e+05 7.375370e+03
2.378995e+05 6.835687e+03
2.393467e+05 6.330796e+03
2.407940e+05 5.868417e+03
2.422412e+05 5.436360e+03
2.436884e+05 5.036012e+03
2.451357e+05 4.666032e+03
2.465829e+05 4.323828e+03
2.480302e+05 4.006389e+03
2.494774e+05 3.712138e+03
2.509246e+05 3.439582e+03
2.523719e+05 3.186935e+03
2.538191e+05 2.952831e+03
2.552663e+05 2.735700e+03
2.567136e+05 2.534981e+03
2.581608e+05 2.348846e+03
2.596080e+05 2.176302e+03
2.610553e+05 2.016364e+03
2.625025e+05 1.868166e+03
2.639497e+05 1.731134e+03
2.653970e+05 1.604014e+03
2.668442e+05 1.486161e+03
2.682915e+05 1.376988e+03
2.697387e+05 1.275981e+03
2.711859e+05 1.182188e+03
2.726332e+05 1.095522e+03
2.740804e+05 1.014915e+03
2.755276e+05 9.405826e+02
2.769749e+05 8.714122e+02
2.784221e+05 8.074559e+02
2.798693e+05 7.482237e+02
2.813166e+05 6.933015e+02
2.827638e+05 6.422773e+02
2.842111e+05 5.950875e+02
2.856583e+05 5.513357e+02
2.871055e+05 5.109572e+02
2.885528e+05 4.735730e+02
2.900000e+05 4.386022e+02
