2.000000e+03 8.045853e+09
3.447236e+03 6.333977e+09
4.894472e+03 5.405420e+09
6.341709e+03 4.728441e+09
7.788945e+03 4.195033e+09
9.236181e+03 3.756602e+09
1.068342e+04 3.385955e+09
1.213065e+04 2.993217e+09
1.357789e+04 2.692702e+09
1.502513e+04 2.450081e+09
1.647236e+04 2.245052e+09
1.791960e+04 2.058293e+09
1.936683e+04 1.889166e+09
2.081407e+04 1.735215e+09
2.226131e+04 1.595216e+09
2.370854e+04 1.467540e+09
2.515578e+04 1.350878e+09
2.660302e+04 1.244283e+09
2.805025e+04 1.146880e+09
2.949749e+04 1.057405e+09
3.094472e+04 9.752806e+08
3.239196e+04 8.998342e+08
3.383920e+04 8.304875e+08
3.528643e+04 7.665926e+08
3.673367e+04 7.078448e+08
3.818090e+04 6.536754e+08
3.962814e+04 6.039007e+08
4.107538e+04 5.579016e+08
4.252261e+04 5.154325e+08
4.396985e+04 4.763406e+08
4.541709e+04 4.402223e+08
4.686432e+04 4.069291e+08
4.831156e+04 3.762214e+08
4.975879e+04 3.477730e+08
5.120603e+04 3.215552e+08
5.265327e+04 2.973505e+08
5.410050e+04 2.749676e+08
5.554774e+04 2.543207e+08
5.699497e+04 2.352275e+08
5.844221e+04 2.175405e+08
5.988945e+04 2.011986e+08
6.133668e+04 1.861630e+08
6.278392e+04 1.721873e+08
6.423116e+04 1.592524e+08
6.567839e+04 1.473157e+08
6.712563e+04 1.363053e+08
6.857286e+04 1.260714e+08
7.002010e+04 1.165916e+08
7.146734e+04 1.078141e+08
7.291457e+04 9.966288e+07
7.436181e+04 9.212985e+07
7.580905e+04 8.517548e+07
7.725628e+04 7.857479e+07
7.870352e+04 6.371296e+07
8.015075e+04 5.730567e+07
8.159799e+04 5.226282e+07
8.304523e+04 4.712054e+07
8.449246e+04 4.180474e+07
8.593970e+04 3.579356e+07
8.738693e+04 2.816499e+07
8.883417e+04 2.006369e+07
9.028141e+04 1.450615e+07
9.172864e+04 1.088895e+07
9.317588e+04 8.405551e+06
9.462312e+04 6.603487e+06
9.607035e+04 5.267736e+06
9.751759e+04 4.254712e+06
9.896482e+04 3.470101e+06
1.004121e+05 2.851580e+06
1.018593e+05 2.358218e+06
1.033065e+05 1.961901e+06
1.047538e+05 1.640684e+06
1.062010e+05 1.378333e+06
1.076482e+05 1.162315e+06
1.090955e+05 9.834743e+05
1.105427e+05 8.351392e+05
1.119899e+05 7.111844e+05
1.134372e+05 6.074926e+05
1.148844e+05 5.199577e+05
1.163317e+05 4.461023e+05
1.177789e+05 3.835803e+05
1.192261e+05 3.305595e+05
1.206734e+05 2.853305e+05
1.221206e+05 2.467744e+05
1.235678e+05 2.137565e+05
1.250151e+05 1.854498e+05
1.264623e+05 1.611696e+05
1.279095e+05 1.401845e+05
1.293568e+05 1.221657e+05
1.308040e+05 1.065327e+05
1.322513e+05 9.304027e+04
1.336985e+05 8.134153e+04
1.351457e+05 7.119782e+04
1.365930e+05 6.238161e+04
1.380402e+05 5.471601e+04
1.394874e+05 4.803367e+04
1.409347e+05 4.220727e+04
1.423819e+05 3.711948e+04
1.438291e+05 3.267303e+04
1.452764e+05 2.878091e+04
1.467236e+05 2.537676e+04
1.481709e+05 2.238947e+04
1.496181e+05 1.976930e+04
1.510653e+05 1.747009e+04
1.525126e+05 1.544905e+04
1.539598e+05 1.367048e+04
1.554070e+05 1.210373e+04
1.568543e+05 1.072319e+04
1.583015e+05 9.506347e+03
1.597487e+05 8.433551e+03
1.611960e+05 7.483834e+03
1.626432e+05 6.645742e+03
1.640905e+05 5.902950e+03
1.655377e+05 5.247384e+03
1.669849e+05 4.665603e+03
1.684322e+05 4.151160e+03
1.698794e+05 3.696257e+03
1.713266e+05 3.291199e+03
1.727739e+05 2.933028e+03
1.742211e+05 2.613751e+03
1.756683e+05 2.331093e+03
1.771156e+05 2.079220e+03
1.785628e+05 1.856430e+03
1.800101e+05 1.657452e+03
1.814573e+05 1.480199e+03
1.829045e+05 1.322577e+03
1.843518e+05 1.182804e+03
1.857990e+05 1.057548e+03
1.872462e+05 9.459881e+02
1.886935e+05 8.465035e+02
1.901407e+05 7.578268e+02
1.915879e+05 6.786206e+02
1.930352e+05 6.078758e+02
1.944824e+05 5.446563e+02
1.959296e+05 4.882530e+02
1.973769e+05 4.377435e+02
1.988241e+05 3.925963e+02
2.002714e+05 3.522507e+02
2.017186e+05 3.161252e+02
2.031658e+05 2.837437e+02
2.046131e+05 2.547991e+02
2.060603e+05 2.288590e+02
2.075075e+05 2.055817e+02
2.089548e+05 1.847892e+02
2.104020e+05 1.660864e+02
2.118492e+05 1.493497e+02
2.132965e+05 1.342984e+02
2.147437e+05 1.208004e+02
2.161910e+05 1.086968e+02
2.176382e+05 9.784226e+01
2.190854e+05 8.806967e+01
2.205327e+05 7.930506e+01
2.219799e+05 7.141753e+01
2.234271e+05 6.431840e+01
2.248744e+05 5.797168e+01
2.263216e+05 5.224232e+01
2.277688e+05 4.708228e+01
2.292161e+05 4.244983e+01
2.306633e+05 3.829379e+01
2.321106e+05 3.453572e+01
2.335578e+05 3.115077e+01
2.350050e+05 2.810918e+01
2.364523e+05 2.536677e+01
2.378995e+05 2.289777e+01
2.393467e+05 2.067284e+01
2.407940e+05 1.866756e+01
2.422412e+05 1.685847e+01
2.436884e+05 1.523002e+01
2.451357e+05 1.375957e+01
2.465829e+05 1.243252e+01
2.480302e+05 1.123797e+01
2.494774e+05 1.015773e+01
2.509246e+05 9.184195e+00
2.523719e+05 8.303610e+00
2.538191e+05 7.509367e+00
2.552663e+05 6.792324e+00
2.567136e+05 6.144999e+00
2.581608e+05 5.559912e+00
2.596080e+05 5.032095e+00
2.610553e+05 4.553802e+00
2.625025e+05 4.122923e+00
2.639497e+05 3.732708e+00
2.653970e+05 3.379536e+00
2.668442e+05 3.060218e+00
2.682915e+05 2.772132e+00
2.697387e+05 2.510666e+00
2.711859e+05 2.275243e+00
2.726332e+05 2.061631e+00
2.740804e+05 1.868119e+00
2.755276e+05 1.692771e+00
2.769749e+05 1.535231e+00
2.784221e+05 1.391602e+00
2.798693e+05 1.262037e+00
2.813166e+05 1.144226e+00
2.827638e+05 1.037719e+00
2.842111e+05 9.413125e-01
2.856583e+05 8.539361e-01
2.871055e+05 7.747208e-01
2.885528e+05 7.029961e-01
2.900000e+05 6.379461e-01
