1.000000e-01 0.000000e+00
5.003003e-01 0.000000e+00
9.006006e-01 9.632024e+08
1.300901e+00 1.147965e+10
1.701201e+00 1.489238e+09
2.101502e+00 3.129280e+08
2.501802e+00 3.177885e+08
2.902102e+00 2.028591e+09
3.302402e+00 1.514301e+08
3.702703e+00 2.281879e+08
4.103003e+00 2.952540e+09
4.503303e+00 8.374373e+08
4.903604e+00 1.756642e+08
5.303904e+00 2.841222e+08
5.704204e+00 2.206531e+11
6.104505e+00 1.340141e+08
6.504805e+00 1.126584e+08
6.905105e+00 1.196344e+10
7.305405e+00 5.992908e+08
7.705706e+00 1.072829e+08
8.106006e+00 2.317522e+08
8.506306e+00 4.496392e+11
8.906607e+00 1.214710e+08
9.306907e+00 7.780275e+07
9.707207e+00 2.698886e+10
1.010751e+01 5.808372e+08
1.050781e+01 6.832948e+07
1.090811e+01 1.041511e+09
1.130841e+01 2.423249e+11
1.170871e+01 1.018417e+08
1.210901e+01 8.151487e+07
1.250931e+01 2.029821e+10
1.290961e+01 3.621098e+09
1.330991e+01 4.820813e+07
1.371021e+01 1.915325e+09
1.411051e+01 8.378386e+10
1.451081e+01 8.873093e+07
1.491111e+01 2.178452e+08
1.531141e+01 7.326531e+09
1.571171e+01 6.609733e+10
1.611201e+01 5.112562e+07
1.651231e+01 1.185751e+09
1.691261e+01 2.791123e+10
1.731291e+01 7.748444e+07
1.771321e+01 2.540771e+08
1.811351e+01 2.402681e+09
1.851381e+01 4.176940e+10
1.891411e+01 7.228378e+07
1.931441e+01 3.871472e+08
1.971471e+01 1.663079e+10
2.011502e+01 9.825971e+07
2.051532e+01 1.197635e+08
2.091562e+01 2.853223e+09
2.131592e+01 3.059217e+10
2.171622e+01 5.828715e+07
2.211652e+01 5.078590e+08
2.251682e+01 1.158133e+10
2.291712e+01 1.301224e+09
2.331742e+01 8.649619e+07
2.371772e+01 2.945825e+09
2.411802e+01 2.078804e+10
2.451832e+01 3.310557e+07
2.491862e+01 7.486506e+08
2.531892e+01 6.192356e+09
2.571922e+01 7.414732e+09
2.611952e+01 1.742596e+08
2.651982e+01 1.847209e+09
2.692012e+01 1.025202e+10
2.732042e+01 4.933390e+07
2.772072e+01 5.804013e+08
2.812102e+01 2.950009e+09
2.852132e+01 8.691533e+09
2.892162e+01 1.846944e+08
2.932192e+01 9.257389e+08
2.972222e+01 5.325731e+09
3.012252e+01 1.450873e+08
3.052282e+01 3.060941e+08
3.092312e+01 1.841078e+09
3.132342e+01 5.359704e+09
3.172372e+01 1.142276e+08
3.212402e+01 5.960869e+08
3.252432e+01 3.598406e+09
3.292462e+01 6.305408e+08
3.332492e+01 1.895890e+08
3.372523e+01 1.338480e+09
3.412553e+01 3.570075e+09
3.452583e+01 6.698152e+07
3.492613e+01 4.616787e+08
3.532643e+01 2.337627e+09
3.572673e+01 1.312186e+09
3.612703e+01 1.609818e+08
3.652733e+01 8.166379e+08
3.692763e+01 2.398706e+09
3.732793e+01 6.180295e+07
3.772823e+01 2.992756e+08
3.812853e+01 1.268778e+09
3.852883e+01 1.514362e+09
3.892913e+01 1.190508e+08
3.932943e+01 4.253360e+08
3.972973e+01 1.382170e+09
4.013003e+01 9.136873e+07
4.053033e+01 1.676162e+08
4.093063e+01 6.813147e+08
4.133093e+01 1.181607e+09
4.173123e+01 7.288804e+07
4.213153e+01 2.547668e+08
4.253183e+01 8.136773e+08
4.293213e+01 1.866052e+08
4.333243e+01 1.109819e+08
4.373273e+01 4.384119e+08
4.413303e+01 7.661546e+08
4.453333e+01 5.013698e+07
4.493363e+01 1.887118e+08
4.533393e+01 5.451298e+08
4.573423e+01 2.829890e+08
4.613453e+01 8.722286e+07
4.653483e+01 2.943137e+08
4.693514e+01 5.032452e+08
4.733544e+01 4.451385e+07
4.773574e+01 1.303599e+08
4.813604e+01 3.566541e+08
4.853634e+01 3.003367e+08
4.893664e+01 6.079172e+07
4.933694e+01 1.758571e+08
4.973724e+01 3.312919e+08
5.013754e+01 4.773450e+07
5.053784e+01 7.632509e+07
5.093814e+01 2.133702e+08
5.133844e+01 2.502230e+08
5.173874e+01 3.556627e+07
5.213904e+01 1.001231e+08
5.253934e+01 2.067970e+08
5.293964e+01 5.925402e+07
5.333994e+01 4.461548e+07
5.374024e+01 1.292883e+08
5.414054e+01 1.775422e+08
5.454084e+01 2.187066e+07
5.494114e+01 6.358301e+07
5.534144e+01 1.296660e+08
5.574174e+01 6.976617e+07
5.614204e+01 3.075343e+07
5.654234e+01 8.446082e+07
5.694264e+01 1.174484e+08
5.734294e+01 1.788714e+07
5.774324e+01 4.336448e+07
5.814354e+01 8.508777e+07
5.854384e+01 6.872679e+07
5.894414e+01 2.198735e+07
5.934444e+01 5.491559e+07
5.974474e+01 7.792246e+07
6.014505e+01 1.755929e+07
6.054535e+01 2.772773e+07
6.094565e+01 5.566770e+07
6.134595e+01 5.719529e+07
6.174625e+01 1.415546e+07
6.214655e+01 3.386256e+07
6.254685e+01 5.147049e+07
6.294715e+01 1.784941e+07
6.334745e+01 1.672625e+07
6.374775e+01 3.541836e+07
6.414805e+01 4.205990e+07
6.454835e+01 8.903963e+06
6.494865e+01 2.093577e+07
6.534895e+01 3.315723e+07
6.574925e+01 1.766236e+07
6.614955e+01 1.063760e+07
6.654985e+01 2.264466e+07
6.695015e+01 2.877519e+07
6.735045e+01 6.667941e+06
6.775075e+01 1.359913e+07
6.815105e+01 2.134203e+07
6.855135e+01 1.622394e+07
6.895165e+01 7.257757e+06
6.935195e+01 1.478597e+07
6.975225e+01 1.926228e+07
7.015255e+01 5.957095e+06
7.055285e+01 8.896330e+06
7.095315e+01 1.401575e+07
7.135345e+01 1.345262e+07
7.175375e+01 4.866849e+06
7.215405e+01 9.629917e+06
7.255435e+01 1.287518e+07
7.295465e+01 5.487399e+06
7.335495e+01 5.639135e+06
7.375526e+01 9.237188e+06
7.415556e+01 1.012147e+07
7.455586e+01 3.193479e+06
7.495616e+01 6.193036e+06
7.535646e+01 8.499347e+06
7.575676e+01 4.894803e+06
7.615706e+01 3.566803e+06
7.655736e+01 6.021287e+06
7.695766e+01 7.120201e+06
7.735796e+01 2.276100e+06
7.775826e+01 3.996309e+06
7.815856e+01 5.538293e+06
7.855886e+01 4.181896e+06
7.895916e+01 2.338083e+06
7.935946e+01 3.921392e+06
7.975976e+01 4.860453e+06
8.016006e+01 1.845410e+06
8.056036e+01 2.606407e+06
8.096066e+01 3.629351e+06
8.136096e+01 3.372913e+06
8.176126e+01 1.569883e+06
8.216156e+01 2.577212e+06
8.256186e+01 3.286982e+06
8.296216e+01 1.576145e+06
8.336246e+01 1.699692e+06
8.376276e+01 2.407019e+06
8.416306e+01 2.542614e+06
8.456336e+01 1.067024e+06
8.496366e+01 1.698999e+06
8.536396e+01 2.198906e+06
8.576426e+01 1.325453e+06
8.616456e+01 1.104656e+06
8.656486e+01 1.593654e+06
8.696517e+01 1.811540e+06
8.736547e+01 7.600268e+05
8.776577e+01 1.115138e+06
8.816607e+01 1.452144e+06
8.856637e+01 1.080895e+06
8.896667e+01 7.234836e+05
8.936697e+01 1.046694e+06
8.976727e+01 1.250562e+06
9.016757e+01 5.833601e+05
9.056787e+01 7.305639e+05
9.096817e+01 9.571955e+05
9.136847e+01 8.508637e+05
9.176877e+01 4.825202e+05
9.216907e+01 6.885731e+05
9.256937e+01 8.523505e+05
9.296967e+01 4.684810e+05
9.336997e+01 4.806345e+05
9.377027e+01 6.358505e+05
9.417057e+01 6.411370e+05
9.457087e+01 3.302889e+05
9.497117e+01 4.567253e+05
9.537147e+01 5.752813e+05
9.577177e+01 3.763399e+05
9.617207e+01 3.180452e+05
9.657237e+01 4.234192e+05
9.697267e+01 4.625157e+05
9.737297e+01 2.349536e+05
9.777327e+01 3.035329e+05
9.817357e+01 3.840364e+05
9.857387e+01 2.960358e+05
9.897417e+01 2.117162e+05
9.937447e+01 2.804304e+05
9.977477e+01 3.235234e+05
1.001751e+02 1.746874e+05
1.005754e+02 2.008978e+05
1.009757e+02 2.550867e+05
1.013760e+02 2.268187e+05
1.017763e+02 1.426294e+05
1.021766e+02 1.853752e+05
1.025769e+02 2.225477e+05
1.029772e+02 1.339543e+05
1.033775e+02 1.329514e+05
1.037778e+02 1.698796e+05
1.041781e+02 1.686301e+05
1.045784e+02 9.844137e+04
1.049787e+02 1.232310e+05
1.053790e+02 1.514475e+05
1.057793e+02 1.035874e+05
1.061796e+02 8.861029e+04
1.065799e+02 1.133843e+05
1.069802e+02 1.215435e+05
1.073805e+02 7.025724e+04
1.077808e+02 8.229014e+04
1.081811e+02 1.020487e+05
1.085814e+02 7.946625e+04
1.089817e+02 5.961571e+04
1.093820e+02 7.548999e+04
1.097823e+02 8.541025e+04
1.101826e+02 5.173522e+04
1.105829e+02 5.487574e+04
1.109832e+02 6.832489e+04
1.113835e+02 5.993356e+04
1.117838e+02 4.056155e+04
1.121841e+02 5.016882e+04
1.125844e+02 5.903110e+04
1.129847e+02 3.882617e+04
1.133850e+02 3.656374e+04
1.137853e+02 4.569393e+04
1.141856e+02 4.421671e+04
1.145859e+02 2.810572e+04
1.149862e+02 3.344470e+04
1.153865e+02 4.034932e+04
1.157868e+02 2.929965e+04
1.161871e+02 2.451011e+04
1.165874e+02 3.057189e+04
1.169877e+02 3.187338e+04
1.173880e+02 1.997845e+04
1.177883e+02 2.238251e+04
1.181886e+02 2.734032e+04
1.185889e+02 2.201437e+04
1.189892e+02 1.661544e+04
1.193895e+02 2.042776e+04
1.197898e+02 2.251243e+04
1.201901e+02 1.454708e+04
1.205904e+02 1.498826e+04
1.209907e+02 1.841347e+04
1.213910e+02 1.634966e+04
1.217913e+02 1.141302e+04
1.221916e+02 1.363629e+04
1.225919e+02 1.565811e+04
1.229922e+02 1.075210e+04
1.233925e+02 1.004061e+04
1.237928e+02 1.236541e+04
1.241931e+02 1.194201e+04
1.245934e+02 7.965623e+03
1.249937e+02 9.117323e+03
1.253940e+02 1.076581e+04
1.257943e+02 7.985705e+03
1.261946e+02 6.761161e+03
1.265949e+02 8.294104e+03
1.269952e+02 8.566908e+03
1.273955e+02 5.671278e+03
1.277958e+02 6.115183e+03
1.281961e+02 7.339319e+03
1.285964e+02 5.919493e+03
1.289967e+02 4.599246e+03
1.293970e+02 5.556452e+03
1.297973e+02 6.045635e+03
1.301976e+02 4.111556e+03
1.305979e+02 4.107874e+03
1.309982e+02 4.971618e+03
1.313985e+02 4.355788e+03
1.317988e+02 3.167841e+03
1.321991e+02 3.720976e+03
1.325994e+02 4.211193e+03
1.329997e+02 3.014986e+03
1.334000e+02 2.765943e+03
1.338003e+02 3.355001e+03
1.342006e+02 3.167818e+03
1.346009e+02 2.212374e+03
1.350012e+02 2.494940e+03
1.354015e+02 2.902815e+03
1.358018e+02 2.217231e+03
1.362021e+02 1.872051e+03
1.366024e+02 2.257719e+03
1.370027e+02 2.271326e+03
1.374030e+02 1.569665e+03
1.378033e+02 1.676778e+03
1.382036e+02 1.985251e+03
1.386039e+02 1.627135e+03
1.390042e+02 1.279910e+03
1.394045e+02 1.517210e+03
1.398048e+02 1.606815e+03
1.402051e+02 1.130167e+03
1.406054e+02 1.129244e+03
1.410057e+02 1.349847e+03
1.414060e+02 1.186794e+03
1.418063e+02 8.848343e+02
1.422066e+02 1.018590e+03
1.426069e+02 1.122946e+03
1.430072e+02 8.212801e+02
1.434075e+02 7.625975e+02
1.438078e+02 9.140406e+02
1.442081e+02 8.578813e+02
1.446084e+02 6.196886e+02
1.450087e+02 6.849341e+02
1.454090e+02 7.775869e+02
1.458093e+02 5.990286e+02
1.462096e+02 5.178963e+02
1.466099e+02 6.170968e+02
1.470102e+02 6.132891e+02
1.474105e+02 4.395824e+02
1.478108e+02 4.613081e+02
1.482111e+02 5.340952e+02
1.486114e+02 4.360368e+02
1.490117e+02 3.545530e+02
1.494120e+02 4.156491e+02
1.498123e+02 4.333172e+02
1.502126e+02 3.154469e+02
1.506129e+02 3.115055e+02
1.510132e+02 3.648733e+02
1.514135e+02 3.162166e+02
1.518138e+02 2.451287e+02
1.522141e+02 2.797454e+02
1.526144e+02 3.029973e+02
1.530147e+02 2.280963e+02
1.534150e+02 2.111266e+02
1.538153e+02 2.481527e+02
1.542156e+02 2.277200e+02
1.546159e+02 1.712276e+02
1.550162e+02 1.883947e+02
1.554165e+02 2.099939e+02
1.558168e+02 1.653353e+02
1.562171e+02 1.439408e+02
1.566174e+02 1.682022e+02
1.570177e+02 1.627086e+02
1.574180e+02 1.209236e+02
1.578183e+02 1.270917e+02
1.582186e+02 1.445460e+02
1.586189e+02 1.196540e+02
1.590192e+02 9.896839e+01
1.594195e+02 1.137747e+02
1.598198e+02 1.151565e+02
1.602201e+02 8.625520e+01
1.606204e+02 8.594759e+01
1.610207e+02 9.894401e+01
1.614210e+02 8.618750e+01
1.618213e+02 6.854891e+01
1.622216e+02 7.682782e+01
1.626219e+02 8.081104e+01
1.630222e+02 6.200261e+01
1.634225e+02 5.833919e+01
1.638228e+02 6.744967e+01
1.642231e+02 6.173488e+01
1.646234e+02 4.790304e+01
1.650237e+02 5.187125e+01
1.654240e+02 5.616653e+01
1.658243e+02 4.467202e+01
1.662246e+02 3.984435e+01
1.666249e+02 4.587116e+01
1.670252e+02 4.396507e+01
1.674255e+02 3.379357e+01
1.678258e+02 3.510652e+01
1.682261e+02 3.885022e+01
1.686264e+02 3.220721e+01
1.690267e+02 2.741361e+01
1.694270e+02 3.111511e+01
1.698273e+02 3.106661e+01
1.702276e+02 2.399950e+01
1.706279e+02 2.377633e+01
1.710282e+02 2.666061e+01
1.714285e+02 2.309874e+01
1.718288e+02 1.900213e+01
1.722291e+02 2.108806e+01
1.726294e+02 2.181560e+01
1.730297e+02 1.717735e+01
1.734300e+02 1.619270e+01
1.738303e+02 1.827511e+01
1.742306e+02 1.653579e+01
1.746309e+02 1.328741e+01
1.750312e+02 1.429991e+01
1.754315e+02 1.520464e+01
1.758318e+02 1.231984e+01
1.762321e+02 1.106170e+01
1.766324e+02 1.243803e+01
1.770327e+02 1.172514e+01
1.774330e+02 9.335885e+00
1.778333e+02 9.700663e+00
1.782336e+02 1.052936e+01
1.786339e+02 8.843742e+00
1.790342e+02 7.631409e+00
1.794345e+02 8.485716e+00
1.798348e+02 8.302349e+00
1.802351e+02 6.610497e+00
1.806354e+02 6.595490e+00
1.810357e+02 7.252037e+00
1.814360e+02 6.326643e+00
1.818363e+02 5.286727e+00
1.822366e+02 5.754471e+00
1.826369e+02 5.816526e+00
1.830372e+02 4.692061e+00
1.834375e+02 4.495888e+00
1.838378e+02 4.977690e+00
1.842381e+02 4.520326e+00
1.846384e+02 3.712247e+00
1.850387e+02 3.926052e+00
1.854390e+02 4.072407e+00
1.858393e+02 3.347987e+00
1.862396e+02 3.075504e+00
1.866399e+02 3.400080e+00
1.870402e+02 3.202568e+00
1.874405e+02 2.608546e+00
1.878408e+02 2.663727e+00
1.882411e+02 2.818524e+00
1.886414e+02 2.385347e+00
1.890417e+02 2.117157e+00
1.894420e+02 2.322731e+00
1.898423e+02 2.263367e+00
1.902426e+02 1.854222e+00
1.906429e+02 1.828201e+00
1.910432e+02 1.955624e+00
1.914435e+02 1.703197e+00
1.918438e+02 1.463755e+00
1.922441e+02 1.578941e+00
1.926444e+02 1.583400e+00
1.930447e+02 1.309733e+00
1.934450e+02 1.244610e+00
1.938453e+02 1.339860e+00
1.942456e+02 1.208125e+00
1.946459e+02 1.020060e+00
1.950462e+02 1.076304e+00
1.954465e+02 1.108057e+00
1.958468e+02 9.369111e-01
1.962471e+02 8.633509e-01
1.966474e+02 9.261851e-01
1.970477e+02 8.597463e-01
1.974480e+02 7.153637e-01
1.978483e+02 7.312583e-01
1.982486e+02 7.666707e-01
1.986489e+02 6.634040e-01
1.990492e+02 5.934353e-01
1.994495e+02 6.313207e-01
1.998498e+02 6.045193e-01
2.002502e+02 5.040014e-01
2.006505e+02 4.999696e-01
2.010508e+02 5.308242e-01
2.014511e+02 4.714256e-01
2.018514e+02 4.131332e-01
2.022517e+02 4.343806e-01
2.026520e+02 4.269908e-01
2.030523e+02 3.580421e-01
2.034526e+02 3.426585e-01
2.038529e+02 3.655858e-01
2.042532e+02 3.341169e-01
2.046535e+02 2.883838e-01
2.050538e+02 2.964929e-01
2.054541e+02 2.969433e-01
2.058544e+02 2.528195e-01
2.062547e+02 2.350758e-01
2.066550e+02 2.503476e-01
2.070553e+02 2.344755e-01
2.074556e+02 2.010665e-01
2.078559e+02 2.036226e-01
2.082562e+02 2.081300e-01
2.086565e+02 1.804665e-01
2.090568e+02 1.629910e-01
2.094571e+02 1.719664e-01
2.098574e+02 1.656842e-01
2.102577e+02 1.424403e-01
2.106580e+02 1.404201e-01
2.110583e+02 1.447426e-01
2.114586e+02 1.276770e-01
2.118589e+02 1.122735e-01
2.122592e+02 1.165633e-01
2.126595e+02 1.146545e-01
2.130598e+02 9.912748e-02
2.134601e+02 9.588801e-02
2.138604e+02 1.000769e-01
2.142607e+02 9.061533e-02
2.146610e+02 7.872898e-02
2.150613e+02 8.030688e-02
2.154616e+02 8.053180e-02
2.158619e+02 7.065925e-02
2.162622e+02 6.679143e-02
2.166625e+02 6.940725e-02
2.170628e+02 6.378072e-02
2.174631e+02 5.449713e-02
2.178634e+02 5.434619e-02
2.182637e+02 5.545464e-02
2.186640e+02 4.933591e-02
2.190643e+02 4.569965e-02
2.194646e+02 4.766650e-02
2.198649e+02 4.514160e-02
2.202652e+02 3.874583e-02
2.206655e+02 3.790612e-02
2.210658e+02 3.921012e-02
2.214661e+02 3.562557e-02
2.218664e+02 3.245904e-02
2.222667e+02 3.354272e-02
2.226670e+02 3.212550e-02
2.230673e+02 2.728470e-02
2.234676e+02 2.578186e-02
2.238679e+02 2.667448e-02
2.242682e+02 2.480442e-02
2.246685e+02 2.232645e-02
2.250688e+02 2.275116e-02
2.254691e+02 2.246482e-02
2.258694e+02 1.965219e-02
2.262697e+02 1.851300e-02
2.266700e+02 1.920763e-02
2.270703e+02 1.804193e-02
2.274706e+02 1.605645e-02
2.278709e+02 1.616218e-02
2.282712e+02 1.612401e-02
2.286715e+02 1.411332e-02
2.290718e+02 1.286495e-02
2.294721e+02 1.329158e-02
2.298724e+02 1.277734e-02
2.302727e+02 1.129676e-02
2.306730e+02 1.111981e-02
2.310733e+02 1.127820e-02
2.314736e+02 1.020706e-02
2.318739e+02 9.397011e-03
2.322742e+02 9.707514e-03
2.326745e+02 9.470482e-03
2.330748e+02 8.407970e-03
2.334751e+02 8.241992e-03
2.338754e+02 8.505796e-03
2.342757e+02 7.772613e-03
2.346760e+02 6.942752e-03
2.350763e+02 6.949869e-03
2.354766e+02 6.829334e-03
2.358769e+02 6.146981e-03
2.362772e+02 5.813225e-03
2.366775e+02 5.865577e-03
2.370778e+02 5.540269e-03
2.374781e+02 5.089864e-03
2.378784e+02 5.105673e-03
2.382787e+02 5.107260e-03
2.386790e+02 4.675691e-03
2.390793e+02 4.424953e-03
2.394796e+02 4.525801e-03
2.398799e+02 4.353431e-03
2.402802e+02 3.961805e-03
2.406805e+02 3.869558e-03
2.410808e+02 3.832870e-03
2.414811e+02 3.490582e-03
2.418814e+02 3.203616e-03
2.422817e+02 3.228407e-03
2.426820e+02 3.183366e-03
2.430823e+02 2.945116e-03
2.434826e+02 2.818261e-03
2.438829e+02 2.809511e-03
2.442832e+02 2.693144e-03
2.446835e+02 2.555068e-03
2.450838e+02 2.587393e-03
2.454841e+02 2.542083e-03
2.458844e+02 2.286343e-03
2.462847e+02 2.126567e-03
2.466850e+02 2.108881e-03
2.470853e+02 2.019605e-03
2.474856e+02 1.909381e-03
2.478859e+02 1.930181e-03
2.482862e+02 1.937969e-03
2.486865e+02 1.817240e-03
2.490868e+02 1.733223e-03
2.494871e+02 1.775423e-03
2.498874e+02 1.797356e-03
2.502877e+02 1.730882e-03
2.506880e+02 1.684144e-03
2.510883e+02 1.622605e-03
2.514886e+02 1.449222e-03
2.518889e+02 1.303382e-03
2.522892e+02 1.296461e-03
2.526895e+02 1.307241e-03
2.530898e+02 1.282734e-03
2.534901e+02 1.300455e-03
2.538904e+02 1.307838e-03
2.542907e+02 1.211760e-03
2.546910e+02 1.094749e-03
2.550913e+02 1.082421e-03
2.554916e+02 1.127651e-03
2.558919e+02 1.125188e-03
2.562922e+02 1.125741e-03
2.566925e+02 1.142727e-03
2.570928e+02 1.054241e-03
2.574931e+02 9.170688e-04
2.578934e+02 8.814707e-04
2.582937e+02 9.130269e-04
2.586940e+02 9.401175e-04
2.590943e+02 9.814178e-04
2.594946e+02 1.010755e-03
2.598949e+02 9.555541e-04
2.602952e+02 8.803661e-04
2.606955e+02 8.928422e-04
2.610958e+02 9.542471e-04
2.614961e+02 9.937400e-04
2.618964e+02 1.028385e-03
2.622967e+02 1.046560e-03
2.626970e+02 9.709590e-04
2.630973e+02 8.438377e-04
2.634976e+02 7.887842e-04
2.638979e+02 8.066474e-04
2.642982e+02 8.402666e-04
2.646985e+02 8.822275e-04
2.650988e+02 9.148526e-04
2.654991e+02 8.877221e-04
2.658994e+02 8.070325e-04
2.662997e+02 7.552939e-04
2.667000e+02 7.621677e-04
2.671003e+02 7.898816e-04
2.675006e+02 8.284190e-04
2.679009e+02 8.804740e-04
2.683012e+02 8.769931e-04
2.687015e+02 7.821506e-04
2.691018e+02 7.009218e-04
2.695021e+02 7.038898e-04
2.699024e+02 7.554531e-04
2.703027e+02 8.264757e-04
2.707030e+02 9.002621e-04
2.711033e+02 9.220502e-04
2.715036e+02 8.621484e-04
2.719039e+02 7.941879e-04
2.723042e+02 7.900478e-04
2.727045e+02 8.179054e-04
2.731048e+02 8.379199e-04
2.735051e+02 8.600837e-04
2.739054e+02 8.692390e-04
2.743057e+02 8.236568e-04
2.747060e+02 7.505655e-04
2.751063e+02 7.163483e-04
2.755066e+02 7.323089e-04
2.759069e+02 7.767395e-04
2.763072e+02 8.346495e-04
2.767075e+02 8.733051e-04
2.771078e+02 8.391433e-04
2.775081e+02 7.614414e-04
2.779084e+02 7.295376e-04
2.783087e+02 7.523080e-04
2.787090e+02 7.934004e-04
2.791093e+02 8.362245e-04
2.795096e+02 8.457349e-04
2.799099e+02 7.829481e-04
2.803102e+02 6.978102e-04
2.807105e+02 6.737197e-04
2.811108e+02 7.083155e-04
2.815111e+02 7.604106e-04
2.819114e+02 8.205995e-04
2.823117e+02 8.728186e-04
2.827120e+02 8.607455e-04
2.831123e+02 7.954691e-04
2.835126e+02 7.654191e-04
2.839129e+02 7.827156e-04
2.843132e+02 8.093355e-04
2.847135e+02 8.442824e-04
2.851138e+02 8.683816e-04
2.855141e+02 8.319846e-04
2.859144e+02 7.548379e-04
2.863147e+02 7.121574e-04
2.867150e+02 7.147945e-04
2.871153e+02 7.395037e-04
2.875156e+02 7.935209e-04
2.879159e+02 8.525815e-04
2.883162e+02 8.441658e-04
2.887165e+02 7.672918e-04
2.891168e+02 7.089460e-04
2.895171e+02 7.054754e-04
2.899174e+02 7.237234e-04
2.903177e+02 7.441198e-04
2.907180e+02 7.579590e-04
2.911183e+02 7.333511e-04
2.915186e+02 6.630401e-04
2.919189e+02 6.058499e-04
2.923192e+02 6.072222e-04
2.927195e+02 6.558281e-04
2.931198e+02 7.283626e-04
2.935201e+02 7.917667e-04
2.939204e+02 7.985268e-04
2.943207e+02 7.449976e-04
2.947210e+02 7.025711e-04
2.951213e+02 7.152015e-04
2.955216e+02 7.433615e-04
2.959219e+02 7.566165e-04
2.963222e+02 7.642565e-04
2.967225e+02 7.561687e-04
2.971228e+02 7.137344e-04
2.975231e+02 6.708220e-04
2.979234e+02 6.708524e-04
2.983237e+02 7.095122e-04
2.987240e+02 7.680366e-04
2.991243e+02 8.287572e-04
2.995246e+02 8.539912e-04
2.999249e+02 8.117582e-04
3.003252e+02 7.376206e-04
3.007255e+02 6.998911e-04
3.011258e+02 7.132015e-04
3.015261e+02 7.567493e-04
3.019264e+02 8.064430e-04
3.023267e+02 8.177730e-04
3.027270e+02 7.583222e-04
3.031273e+02 6.729964e-04
3.035276e+02 6.336707e-04
3.039279e+02 6.484402e-04
3.043282e+02 6.902513e-04
3.047285e+02 7.389550e-04
3.051288e+02 7.656322e-04
3.055291e+02 7.454332e-04
3.059294e+02 7.041197e-04
3.063297e+02 6.901147e-04
3.067300e+02 7.055227e-04
3.071303e+02 7.266787e-04
3.075306e+02 7.462248e-04
3.079309e+02 7.550386e-04
3.083312e+02 7.290255e-04
3.087315e+02 6.740156e-04
3.091318e+02 6.375477e-04
3.095321e+02 6.494949e-04
3.099324e+02 7.030324e-04
3.103327e+02 7.739639e-04
3.107330e+02 8.212142e-04
3.111333e+02 8.051815e-04
3.115336e+02 7.442593e-04
3.119339e+02 7.055991e-04
3.123342e+02 7.128274e-04
3.127345e+02 7.340897e-04
3.131348e+02 7.508746e-04
3.135351e+02 7.654627e-04
3.139354e+02 7.578044e-04
3.143357e+02 7.128552e-04
3.147360e+02 6.695077e-04
3.151363e+02 6.651800e-04
3.155366e+02 6.931711e-04
3.159369e+02 7.413262e-04
3.163372e+02 7.920387e-04
3.167375e+02 8.062141e-04
3.171378e+02 7.722094e-04
3.175381e+02 7.324439e-04
3.179384e+02 7.205467e-04
3.183387e+02 7.317673e-04
3.187390e+02 7.618046e-04
3.191393e+02 8.044399e-04
3.195396e+02 8.226524e-04
3.199399e+02 7.879653e-04
3.203402e+02 7.320187e-04
3.207405e+02 7.033951e-04
3.211408e+02 7.109408e-04
3.215411e+02 7.419511e-04
3.219414e+02 7.803845e-04
3.223417e+02 7.972450e-04
3.227420e+02 7.699332e-04
3.231423e+02 7.230389e-04
3.235426e+02 7.020329e-04
3.239429e+02 7.171176e-04
3.243432e+02 7.536181e-04
3.247435e+02 7.923829e-04
3.251438e+02 8.026029e-04
3.255441e+02 7.634686e-04
3.259444e+02 7.037497e-04
3.263447e+02 6.773807e-04
3.267450e+02 7.013592e-04
3.271453e+02 7.554675e-04
3.275456e+02 8.107515e-04
3.279459e+02 8.366462e-04
3.283462e+02 8.165008e-04
3.287465e+02 7.682945e-04
3.291468e+02 7.271925e-04
3.295471e+02 7.065428e-04
3.299474e+02 7.029787e-04
3.303477e+02 7.194813e-04
3.307480e+02 7.480463e-04
3.311483e+02 7.548376e-04
3.315486e+02 7.229450e-04
3.319489e+02 6.855168e-04
3.323492e+02 6.811575e-04
3.327495e+02 7.128616e-04
3.331498e+02 7.584914e-04
3.335502e+02 7.865624e-04
3.339505e+02 7.738484e-04
3.343508e+02 7.293788e-04
3.347511e+02 6.889818e-04
3.351514e+02 6.766941e-04
3.355517e+02 6.924011e-04
3.359520e+02 7.285985e-04
3.363523e+02 7.665157e-04
3.367526e+02 7.731928e-04
3.371529e+02 7.383768e-04
3.375532e+02 6.978634e-04
3.379535e+02 6.901161e-04
3.383538e+02 7.168983e-04
3.387541e+02 7.584991e-04
3.391544e+02 7.915693e-04
3.395547e+02 7.940360e-04
3.399550e+02 7.644824e-04
3.403553e+02 7.315413e-04
3.407556e+02 7.212899e-04
3.411559e+02 7.340383e-04
3.415562e+02 7.636253e-04
3.419565e+02 8.001632e-04
3.423568e+02 8.141048e-04
3.427571e+02 7.831075e-04
3.431574e+02 7.311326e-04
3.435577e+02 7.029625e-04
3.439580e+02 7.151408e-04
3.443583e+02 7.544477e-04
3.447586e+02 7.931767e-04
3.451589e+02 8.000959e-04
3.455592e+02 7.666287e-04
3.459595e+02 7.216638e-04
3.463598e+02 7.000110e-04
3.467601e+02 7.077586e-04
3.471604e+02 7.334156e-04
3.475607e+02 7.651209e-04
3.479610e+02 7.833817e-04
3.483613e+02 7.676921e-04
3.487616e+02 7.265253e-04
3.491619e+02 6.961782e-04
3.495622e+02 7.028379e-04
3.499625e+02 7.447379e-04
3.503628e+02 7.976199e-04
3.507631e+02 8.252129e-04
3.511634e+02 8.063211e-04
3.515637e+02 7.594862e-04
3.519640e+02 7.252510e-04
3.523643e+02 7.247575e-04
3.527646e+02 7.488236e-04
3.531649e+02 7.758908e-04
3.535652e+02 7.844409e-04
3.539655e+02 7.592988e-04
3.543658e+02 7.084475e-04
3.547661e+02 6.682681e-04
3.551664e+02 6.703507e-04
3.555667e+02 7.127287e-04
3.559670e+02 7.682520e-04
3.563673e+02 8.027009e-04
3.567676e+02 7.935467e-04
3.571679e+02 7.514033e-04
3.575682e+02 7.164732e-04
3.579685e+02 7.183069e-04
3.583688e+02 7.500835e-04
3.587691e+02 7.869168e-04
3.591694e+02 8.055846e-04
3.595697e+02 7.905835e-04
3.599700e+02 7.476957e-04
3.603703e+02 7.089167e-04
3.607706e+02 7.053744e-04
3.611709e+02 7.407239e-04
3.615712e+02 7.940007e-04
3.619715e+02 8.342511e-04
3.623718e+02 8.370755e-04
3.627721e+02 8.016202e-04
3.631724e+02 7.539351e-04
3.635727e+02 7.260894e-04
3.639730e+02 7.304688e-04
3.643733e+02 7.553111e-04
3.647736e+02 7.747105e-04
3.651739e+02 7.642034e-04
3.655742e+02 7.222663e-04
3.659745e+02 6.777280e-04
3.663748e+02 6.643804e-04
3.667751e+02 6.900521e-04
3.671754e+02 7.357890e-04
3.675757e+02 7.737811e-04
3.679760e+02 7.816885e-04
3.683763e+02 7.550316e-04
3.687766e+02 7.162319e-04
3.691769e+02 6.979793e-04
3.695772e+02 7.102906e-04
3.699775e+02 7.371582e-04
3.703778e+02 7.593538e-04
3.707781e+02 7.613759e-04
3.711784e+02 7.366206e-04
3.715787e+02 6.994112e-04
3.719790e+02 6.819826e-04
3.723793e+02 7.015974e-04
3.727796e+02 7.465798e-04
3.731799e+02 7.927458e-04
3.735802e+02 8.159044e-04
3.739805e+02 8.053348e-04
3.743808e+02 7.715685e-04
3.747811e+02 7.414598e-04
3.751814e+02 7.339158e-04
3.755817e+02 7.485124e-04
3.759820e+02 7.743607e-04
3.763823e+02 7.886372e-04
3.767826e+02 7.733160e-04
3.771829e+02 7.361595e-04
3.775832e+02 7.045534e-04
3.779835e+02 7.075609e-04
3.783838e+02 7.377677e-04
3.787841e+02 7.707757e-04
3.791844e+02 7.858751e-04
3.795847e+02 7.757522e-04
3.799850e+02 7.480347e-04
3.803853e+02 7.241713e-04
3.807856e+02 7.214922e-04
3.811859e+02 7.414100e-04
3.815862e+02 7.688436e-04
3.819865e+02 7.833109e-04
3.823868e+02 7.692635e-04
3.827871e+02 7.314312e-04
3.831874e+02 6.974558e-04
3.835877e+02 6.907412e-04
3.839880e+02 7.115956e-04
3.843883e+02 7.410673e-04
3.847886e+02 7.626509e-04
3.851889e+02 7.693586e-04
3.855892e+02 7.603113e-04
3.859895e+02 7.463848e-04
3.863898e+02 7.417072e-04
3.867901e+02 7.548033e-04
3.871904e+02 7.761045e-04
3.875907e+02 7.895734e-04
3.879910e+02 7.828785e-04
3.883913e+02 7.556164e-04
3.887916e+02 7.239801e-04
3.891919e+02 7.069785e-04
3.895922e+02 7.164314e-04
3.899925e+02 7.429928e-04
3.903928e+02 7.675220e-04
3.907931e+02 7.731876e-04
3.911934e+02 7.568764e-04
3.915937e+02 7.349158e-04
3.919940e+02 7.236638e-04
3.923943e+02 7.321515e-04
3.927946e+02 7.505522e-04
3.931949e+02 7.673926e-04
3.935952e+02 7.640229e-04
3.939955e+02 7.421519e-04
3.943958e+02 7.121918e-04
3.947961e+02 6.929599e-04
3.951964e+02 6.990309e-04
3.955967e+02 7.257067e-04
3.959970e+02 7.599958e-04
3.963973e+02 7.764697e-04
3.967976e+02 7.725235e-04
3.971979e+02 7.528829e-04
3.975982e+02 7.345781e-04
3.979985e+02 7.322677e-04
3.983988e+02 7.444434e-04
3.987991e+02 7.626115e-04
3.991994e+02 7.655313e-04
3.995997e+02 7.522421e-04
4.000000e+02 7.287353e-04
