1.000000e-01 0.000000e+00
5.003003e-01 0.000000e+00
9.006006e-01 1.078340e+09
1.300901e+00 1.341749e+10
1.701201e+00 1.638397e+09
2.101502e+00 3.508454e+08
2.501802e+00 3.772265e+08
2.902102e+00 2.161328e+09
3.302402e+00 1.602495e+08
3.702703e+00 2.327586e+08
4.103003e+00 3.990552e+09
4.503303e+00 8.112736e+08
4.903604e+00 1.775218e+08
5.303904e+00 3.631792e+08
5.704204e+00 1.581543e+11
6.104505e+00 1.304283e+08
6.504805e+00 1.100525e+08
6.905105e+00 1.447538e+10
7.305405e+00 5.118874e+08
7.705706e+00 9.593776e+07
8.106006e+00 2.737029e+08
8.506306e+00 3.018183e+11
8.906607e+00 1.048016e+08
9.306907e+00 7.889668e+07
9.707207e+00 2.855923e+10
1.010751e+01 4.405157e+08
1.050781e+01 5.854180e+07
1.090811e+01 1.567978e+09
1.130841e+01 1.542700e+11
1.170871e+01 7.740666e+07
1.210901e+01 9.814030e+07
1.250931e+01 1.980699e+10
1.290961e+01 2.157771e+09
1.330991e+01 3.951400e+07
1.371021e+01 2.512105e+09
1.411051e+01 5.298873e+10
1.451081e+01 5.870394e+07
1.491111e+01 3.232546e+08
1.531141e+01 7.256565e+09
1.571171e+01 3.333416e+10
1.611201e+01 5.084634e+07
1.651231e+01 1.489500e+09
1.691261e+01 1.842318e+10
1.731291e+01 4.660172e+07
1.771321e+01 3.648365e+08
1.811351e+01 2.312212e+09
1.851381e+01 1.882613e+10
1.891411e+01 9.074866e+07
1.931441e+01 4.837663e+08
1.971471e+01 1.012151e+10
2.011502e+01 5.938811e+07
2.051532e+01 1.671305e+08
2.091562e+01 1.801435e+09
2.131592e+01 1.240358e+10
2.171622e+01 7.269329e+07
2.211652e+01 3.655455e+08
2.251682e+01 6.110156e+09
2.291712e+01 5.157267e+08
2.331742e+01 8.085374e+07
2.371772e+01 1.532358e+09
2.411802e+01 7.785169e+09
2.451832e+01 3.283768e+07
2.491862e+01 4.318071e+08
2.531892e+01 2.902672e+09
2.571922e+01 2.547078e+09
2.611952e+01 1.112182e+08
2.651982e+01 8.749119e+08
2.692012e+01 3.511681e+09
2.732042e+01 3.113795e+07
2.772072e+01 3.112986e+08
2.812102e+01 1.227452e+09
2.852132e+01 2.701119e+09
2.892162e+01 1.084693e+08
2.932192e+01 4.131315e+08
2.972222e+01 1.636058e+09
3.012252e+01 6.193365e+07
3.052282e+01 1.594172e+08
3.092312e+01 6.761636e+08
3.132342e+01 1.494445e+09
3.172372e+01 6.523275e+07
3.212402e+01 2.471102e+08
3.252432e+01 1.015157e+09
3.292462e+01 1.822215e+08
3.332492e+01 9.131393e+07
3.372523e+01 4.512117e+08
3.412553e+01 8.936813e+08
3.452583e+01 3.576163e+07
3.492613e+01 1.737425e+08
3.532643e+01 6.228540e+08
3.572673e+01 3.175149e+08
3.612703e+01 6.648584e+07
3.652733e+01 2.589169e+08
3.692763e+01 5.483946e+08
3.732793e+01 2.677794e+07
3.772823e+01 1.017275e+08
3.812853e+01 3.190587e+08
3.852883e+01 3.247368e+08
3.892913e+01 4.246746e+07
3.932943e+01 1.239716e+08
3.972973e+01 2.867521e+08
4.013003e+01 2.692167e+07
4.053033e+01 4.935467e+07
4.093063e+01 1.572810e+08
4.133093e+01 2.285426e+08
4.173123e+01 2.193670e+07
4.213153e+01 6.361679e+07
4.253183e+01 1.506944e+08
4.293213e+01 3.791953e+07
4.333243e+01 2.695945e+07
4.373273e+01 9.116165e+07
4.413303e+01 1.328543e+08
4.453333e+01 1.240768e+07
4.493363e+01 4.074955e+07
4.533393e+01 9.114340e+07
4.573423e+01 4.762670e+07
4.613453e+01 1.881639e+07
4.653483e+01 5.627877e+07
4.693514e+01 7.804661e+07
4.733544e+01 9.661841e+06
4.773574e+01 2.590698e+07
4.813604e+01 5.477913e+07
4.853634e+01 4.476418e+07
4.893664e+01 1.249026e+07
4.933694e+01 3.125120e+07
4.973724e+01 4.658420e+07
5.013754e+01 8.824485e+06
5.053784e+01 1.412960e+07
5.093814e+01 3.003291e+07
5.133844e+01 3.362036e+07
5.173874e+01 6.898329e+06
5.213904e+01 1.617511e+07
5.253934e+01 2.645683e+07
5.293964e+01 8.663647e+06
5.333994e+01 7.361267e+06
5.374024e+01 1.652005e+07
5.414054e+01 2.145152e+07
5.454084e+01 3.685914e+06
5.494114e+01 9.128491e+06
5.534144e+01 1.492121e+07
5.574174e+01 8.330115e+06
5.614204e+01 4.407094e+06
5.654234e+01 9.841098e+06
5.694264e+01 1.264487e+07
5.734294e+01 2.480470e+06
5.774324e+01 5.633880e+06
5.814354e+01 8.770326e+06
5.854384e+01 7.103290e+06
5.894414e+01 2.853652e+06
5.934444e+01 5.890975e+06
5.974474e+01 7.499111e+06
6.014505e+01 2.057472e+06
6.054535e+01 3.312291e+06
6.094565e+01 5.180685e+06
6.134595e+01 5.281322e+06
6.174625e+01 1.698770e+06
6.214655e+01 3.333667e+06
6.254685e+01 4.483690e+06
6.294715e+01 1.766968e+06
6.334745e+01 1.806718e+06
6.374775e+01 2.990162e+06
6.414805e+01 3.495383e+06
6.454835e+01 9.502793e+05
6.494865e+01 1.871379e+06
6.534895e+01 2.617633e+06
6.574925e+01 1.472841e+06
6.614955e+01 1.014149e+06
6.654985e+01 1.731977e+06
6.695015e+01 2.140331e+06
6.735045e+01 6.009146e+05
6.775075e+01 1.103213e+06
6.815105e+01 1.512436e+06
6.855135e+01 1.167316e+06
6.895165e+01 6.183524e+05
6.935195e+01 1.024700e+06
6.975225e+01 1.278992e+06
7.015255e+01 4.582580e+05
7.055285e+01 6.611298e+05
7.095315e+01 8.898279e+05
7.135345e+01 8.586765e+05
7.175375e+01 3.783877e+05
7.215405e+01 6.059174e+05
7.255435e+01 7.690529e+05
7.295465e+01 3.662311e+05
7.335495e+01 3.836392e+05
7.375526e+01 5.295067e+05
7.415556e+01 5.797534e+05
7.455586e+01 2.235487e+05
7.495616e+01 3.538987e+05
7.535646e+01 4.593990e+05
7.575676e+01 2.817250e+05
7.615706e+01 2.194365e+05
7.655736e+01 3.125474e+05
7.695766e+01 3.649196e+05
7.735796e+01 1.383573e+05
7.775826e+01 2.074106e+05
7.815856e+01 2.694699e+05
7.855886e+01 2.082674e+05
7.895916e+01 1.292585e+05
7.935946e+01 1.832962e+05
7.975976e+01 2.220788e+05
8.016006e+01 9.631606e+04
8.056036e+01 1.229841e+05
8.096066e+01 1.579677e+05
8.136096e+01 1.480622e+05
8.176126e+01 7.836558e+04
8.216156e+01 1.081604e+05
8.256186e+01 1.345588e+05
8.296216e+01 7.144024e+04
8.336246e+01 7.289520e+04
8.376276e+01 9.406821e+04
8.416306e+01 9.984601e+04
8.456336e+01 4.797917e+04
8.496366e+01 6.437859e+04
8.536396e+01 8.124208e+04
8.576426e+01 5.235922e+04
8.616456e+01 4.297922e+04
8.656486e+01 5.628910e+04
8.696517e+01 6.373721e+04
8.736547e+01 3.026779e+04
8.776577e+01 3.836430e+04
8.816607e+01 4.836508e+04
8.856637e+01 3.725574e+04
8.896667e+01 2.552627e+04
8.936697e+01 3.335518e+04
8.976727e+01 3.927669e+04
9.016757e+01 2.031091e+04
9.056787e+01 2.277557e+04
9.096817e+01 2.856713e+04
9.136847e+01 2.582684e+04
9.176877e+01 1.543424e+04
9.216907e+01 1.968718e+04
9.256937e+01 2.393517e+04
9.296967e+01 1.426843e+04
9.336997e+01 1.350302e+04
9.377027e+01 1.699362e+04
9.417057e+01 1.732670e+04
9.457087e+01 9.525731e+03
9.497117e+01 1.172726e+04
9.537147e+01 1.453052e+04
9.577177e+01 1.006250e+04
9.617207e+01 8.054975e+03
9.657237e+01 1.019252e+04
9.697267e+01 1.117372e+04
9.737297e+01 6.051167e+03
9.777327e+01 7.038589e+03
9.817357e+01 8.738313e+03
9.857387e+01 6.964044e+03
9.897417e+01 4.857871e+03
9.937447e+01 6.091597e+03
9.977477e+01 6.976901e+03
1.001751e+02 3.993054e+03
1.005754e+02 4.209697e+03
1.009757e+02 5.207107e+03
1.013760e+02 4.716798e+03
1.017763e+02 2.969073e+03
1.021766e+02 3.620553e+03
1.025769e+02 4.288700e+03
1.029772e+02 2.714132e+03
1.033775e+02 2.506634e+03
1.037778e+02 3.105242e+03
1.041781e+02 3.119546e+03
1.045784e+02 1.846026e+03
1.049787e+02 2.157576e+03
1.053790e+02 2.618075e+03
1.057793e+02 1.859551e+03
1.061796e+02 1.501103e+03
1.065799e+02 1.862700e+03
1.069802e+02 2.007649e+03
1.073805e+02 1.178687e+03
1.077808e+02 1.295286e+03
1.081811e+02 1.586463e+03
1.085814e+02 1.263856e+03
1.089817e+02 9.112468e+02
1.093820e+02 1.117943e+03
1.097823e+02 1.260012e+03
1.101826e+02 7.746663e+02
1.105829e+02 7.784478e+02
1.109832e+02 9.531321e+02
1.113835e+02 8.461825e+02
1.117838e+02 5.606917e+02
1.121841e+02 6.685502e+02
1.125844e+02 7.786507e+02
1.129847e+02 5.192743e+02
1.133850e+02 4.666551e+02
1.137853e+02 5.710863e+02
1.141856e+02 5.562313e+02
1.145859e+02 3.497459e+02
1.149862e+02 3.996572e+02
1.153865e+02 4.770150e+02
1.157868e+02 3.497524e+02
1.161871e+02 2.809940e+02
1.165874e+02 3.430413e+02
1.169877e+02 3.579491e+02
1.173880e+02 2.225104e+02
1.177883e+02 2.399307e+02
1.181886e+02 2.900918e+02
1.185889e+02 2.341016e+02
1.189892e+02 1.713215e+02
1.193895e+02 2.062651e+02
1.197898e+02 2.259902e+02
1.201901e+02 1.448697e+02
1.205904e+02 1.444838e+02
1.209907e+02 1.752824e+02
1.213910e+02 1.550261e+02
1.217913e+02 1.060864e+02
1.221916e+02 1.238980e+02
1.225919e+02 1.406164e+02
1.229922e+02 9.584734e+01
1.233925e+02 8.700604e+01
1.237928e+02 1.054418e+02
1.241931e+02 1.010898e+02
1.245934e+02 6.654463e+01
1.249937e+02 7.431031e+01
1.253940e+02 8.666287e+01
1.257943e+02 6.376154e+01
1.261946e+02 5.264598e+01
1.265949e+02 6.350481e+01
1.269952e+02 6.490982e+01
1.273955e+02 4.244429e+01
1.277958e+02 4.474793e+01
1.281961e+02 5.301087e+01
1.285964e+02 4.224775e+01
1.289967e+02 3.218176e+01
1.293970e+02 3.824697e+01
1.297973e+02 4.099548e+01
1.301976e+02 2.750540e+01
1.305979e+02 2.700142e+01
1.309982e+02 3.221502e+01
1.313985e+02 2.778778e+01
1.317988e+02 1.994253e+01
1.321991e+02 2.303478e+01
1.325994e+02 2.558697e+01
1.329997e+02 1.806401e+01
1.334000e+02 1.633877e+01
1.338003e+02 1.948462e+01
1.342006e+02 1.807489e+01
1.346009e+02 1.251509e+01
1.350012e+02 1.387293e+01
1.354015e+02 1.582068e+01
1.358018e+02 1.189528e+01
1.362021e+02 9.919418e+00
1.366024e+02 1.175530e+01
1.370027e+02 1.160227e+01
1.374030e+02 7.955058e+00
1.378033e+02 8.368950e+00
1.382036e+02 9.717122e+00
1.386039e+02 7.816444e+00
1.390042e+02 6.091551e+00
1.394045e+02 7.101743e+00
1.398048e+02 7.355717e+00
1.402051e+02 5.126630e+00
1.406054e+02 5.064688e+00
1.410057e+02 5.932694e+00
1.414060e+02 5.103139e+00
1.418063e+02 3.782393e+00
1.422066e+02 4.286642e+00
1.426069e+02 4.603920e+00
1.430072e+02 3.330180e+00
1.434075e+02 3.067073e+00
1.438078e+02 3.604398e+00
1.442081e+02 3.304487e+00
1.446084e+02 2.372099e+00
1.450087e+02 2.584138e+00
1.454090e+02 2.861734e+00
1.458093e+02 2.177717e+00
1.462096e+02 1.871982e+00
1.466099e+02 2.184051e+00
1.470102e+02 2.116946e+00
1.474105e+02 1.509177e+00
1.478108e+02 1.565445e+00
1.482111e+02 1.763953e+00
1.486114e+02 1.416239e+00
1.490117e+02 1.146663e+00
1.494120e+02 1.319001e+00
1.498123e+02 1.338750e+00
1.502126e+02 9.642144e-01
1.506129e+02 9.435581e-01
1.510132e+02 1.081130e+00
1.514135e+02 9.185645e-01
1.518138e+02 7.084515e-01
1.522141e+02 7.942543e-01
1.526144e+02 8.371557e-01
1.530147e+02 6.226331e-01
1.534150e+02 5.722910e-01
1.538153e+02 6.581082e-01
1.542156e+02 5.918274e-01
1.546159e+02 4.443860e-01
1.550162e+02 4.806688e-01
1.554165e+02 5.202001e-01
1.558168e+02 4.041643e-01
1.562171e+02 3.495465e-01
1.566174e+02 3.998500e-01
1.570177e+02 3.779662e-01
1.574180e+02 2.791715e-01
1.578183e+02 2.897058e-01
1.582186e+02 3.212779e-01
1.586189e+02 2.627867e-01
1.590192e+02 2.165497e-01
1.594195e+02 2.436404e-01
1.598198e+02 2.394022e-01
1.602201e+02 1.788318e-01
1.606204e+02 1.762333e-01
1.610207e+02 1.976207e-01
1.614210e+02 1.701645e-01
1.618213e+02 1.353329e-01
1.622216e+02 1.481990e-01
1.626219e+02 1.517733e-01
1.630222e+02 1.156767e-01
1.634225e+02 1.076680e-01
1.638228e+02 1.212986e-01
1.642231e+02 1.092756e-01
1.646234e+02 8.461911e-02
1.650237e+02 8.932435e-02
1.654240e+02 9.394050e-02
1.658243e+02 7.440586e-02
1.662246e+02 6.602518e-02
1.666249e+02 7.431187e-02
1.670252e+02 7.078350e-02
1.674255e+02 5.524227e-02
1.678258e+02 5.617096e-02
1.682261e+02 6.015355e-02
1.686264e+02 4.963685e-02
1.690267e+02 4.211625e-02
1.694270e+02 4.603233e-02
1.698273e+02 4.487693e-02
1.702276e+02 3.505810e-02
1.706279e+02 3.387512e-02
1.710282e+02 3.658784e-02
1.714285e+02 3.167980e-02
1.718288e+02 2.629671e-02
1.722291e+02 2.854143e-02
1.726294e+02 2.904113e-02
1.730297e+02 2.351450e-02
1.734300e+02 2.188630e-02
1.738303e+02 2.363506e-02
1.742306e+02 2.127968e-02
1.746309e+02 1.730793e-02
1.750312e+02 1.808221e-02
1.754315e+02 1.852641e-02
1.758318e+02 1.514842e-02
1.762321e+02 1.337968e-02
1.766324e+02 1.447320e-02
1.770327e+02 1.362184e-02
1.774330e+02 1.106141e-02
1.778333e+02 1.120399e-02
1.782336e+02 1.170843e-02
1.786339e+02 1.009155e-02
1.790342e+02 8.902930e-03
1.794345e+02 9.497442e-03
1.798348e+02 9.056707e-03
1.802351e+02 7.260687e-03
1.806354e+02 7.159074e-03
1.810357e+02 7.585294e-03
1.814360e+02 6.608309e-03
1.818363e+02 5.572066e-03
1.822366e+02 5.885386e-03
1.826369e+02 5.912741e-03
1.830372e+02 4.836870e-03
1.834375e+02 4.544744e-03
1.838378e+02 4.834977e-03
1.842381e+02 4.439272e-03
1.846384e+02 3.792374e-03
1.850387e+02 3.973057e-03
1.854390e+02 4.057043e-03
1.858393e+02 3.279297e-03
1.862396e+02 2.944725e-03
1.866399e+02 3.173105e-03
1.870402e+02 2.984469e-03
1.874405e+02 2.583942e-03
1.878408e+02 2.654278e-03
1.882411e+02 2.691091e-03
1.886414e+02 2.220157e-03
1.890417e+02 1.954882e-03
1.894420e+02 2.118849e-03
1.898423e+02 2.112909e-03
1.902426e+02 1.917508e-03
1.906429e+02 1.979796e-03
1.910432e+02 2.039210e-03
1.914435e+02 1.724814e-03
1.918438e+02 1.449118e-03
1.922441e+02 1.514763e-03
1.926444e+02 1.512804e-03
1.930447e+02 1.354485e-03
1.934450e+02 1.386591e-03
1.938453e+02 1.494459e-03
1.942456e+02 1.282202e-03
1.946459e+02 1.024405e-03
1.950462e+02 1.083757e-03
1.954465e+02 1.158072e-03
1.958468e+02 1.094321e-03
1.962471e+02 1.174073e-03
1.966474e+02 1.297757e-03
1.970477e+02 1.168128e-03
1.974480e+02 9.312355e-04
1.978483e+02 9.012829e-04
1.982486e+02 9.662159e-04
1.986489e+02 9.798022e-04
1.990492e+02 1.007122e-03
1.994495e+02 1.061253e-03
1.998498e+02 9.875714e-04
2.002502e+02 8.150693e-04
2.006505e+02 7.841679e-04
2.010508e+02 8.279272e-04
2.014511e+02 8.504243e-04
2.018514e+02 9.109382e-04
2.022517e+02 1.022770e-03
2.026520e+02 1.003352e-03
2.030523e+02 8.335191e-04
2.034526e+02 7.783083e-04
2.038529e+02 8.188601e-04
2.042532e+02 8.528868e-04
2.046535e+02 9.116873e-04
2.050538e+02 9.927526e-04
2.054541e+02 9.622772e-04
2.058544e+02 8.013654e-04
2.062547e+02 7.213152e-04
2.066550e+02 7.348837e-04
2.070553e+02 7.631654e-04
2.074556e+02 7.864132e-04
2.078559e+02 8.247736e-04
2.082562e+02 8.285547e-04
2.086565e+02 6.910189e-04
2.090568e+02 6.043461e-04
2.094571e+02 6.509574e-04
2.098574e+02 7.154906e-04
2.102577e+02 7.539572e-04
2.106580e+02 8.217614e-04
2.110583e+02 8.587510e-04
2.114586e+02 7.477844e-04
2.118589e+02 6.272507e-04
2.122592e+02 6.312575e-04
2.126595e+02 6.849190e-04
2.130598e+02 7.367405e-04
2.134601e+02 7.910601e-04
2.138604e+02 8.208683e-04
2.142607e+02 7.637709e-04
2.146610e+02 6.820873e-04
2.150613e+02 6.663724e-04
2.154616e+02 6.895654e-04
2.158619e+02 7.354403e-04
2.162622e+02 8.056446e-04
2.166625e+02 8.397366e-04
2.170628e+02 7.542156e-04
2.174631e+02 6.370945e-04
2.178634e+02 6.291696e-04
2.182637e+02 6.897077e-04
2.186640e+02 7.364942e-04
2.190643e+02 7.603050e-04
2.194646e+02 7.934928e-04
2.198649e+02 7.645466e-04
2.202652e+02 6.859539e-04
2.206655e+02 6.835068e-04
2.210658e+02 7.094309e-04
2.214661e+02 7.181737e-04
2.218664e+02 7.430670e-04
2.222667e+02 7.943813e-04
2.226670e+02 7.657681e-04
2.230673e+02 6.396671e-04
2.234676e+02 5.788056e-04
2.238679e+02 6.092373e-04
2.242682e+02 6.637253e-04
2.246685e+02 7.102470e-04
2.250688e+02 7.396991e-04
2.254691e+02 7.239094e-04
2.258694e+02 6.574302e-04
2.262697e+02 6.214812e-04
2.266700e+02 6.295411e-04
2.270703e+02 6.542093e-04
2.274706e+02 7.156868e-04
2.278709e+02 8.051246e-04
2.282712e+02 8.040781e-04
2.286715e+02 6.785551e-04
2.290718e+02 5.924525e-04
2.294721e+02 6.127200e-04
2.298724e+02 6.745713e-04
2.302727e+02 7.196836e-04
2.306730e+02 7.590663e-04
2.310733e+02 7.779534e-04
2.314736e+02 7.276124e-04
2.318739e+02 6.762830e-04
2.322742e+02 6.833288e-04
2.326745e+02 6.991193e-04
2.330748e+02 7.175801e-04
2.334751e+02 7.790671e-04
2.338754e+02 8.129863e-04
2.342757e+02 7.177944e-04
2.346760e+02 6.025966e-04
2.350763e+02 5.855595e-04
2.354766e+02 6.266971e-04
2.358769e+02 6.876649e-04
2.362772e+02 7.634001e-04
2.366775e+02 8.110983e-04
2.370778e+02 7.638336e-04
2.374781e+02 6.822368e-04
2.378784e+02 6.575814e-04
2.382787e+02 6.822960e-04
2.386790e+02 7.488568e-04
2.390793e+02 8.312542e-04
2.394796e+02 8.630857e-04
2.398799e+02 7.893882e-04
2.402802e+02 6.710212e-04
2.406805e+02 6.238230e-04
2.410808e+02 6.438790e-04
2.414811e+02 6.815770e-04
2.418814e+02 7.324095e-04
2.422817e+02 7.796289e-04
2.426820e+02 7.480714e-04
2.430823e+02 6.661296e-04
2.434826e+02 6.444152e-04
2.438829e+02 6.690549e-04
2.442832e+02 7.014176e-04
2.446835e+02 7.626020e-04
2.450838e+02 8.098520e-04
2.454841e+02 7.614201e-04
2.458844e+02 6.579642e-04
2.462847e+02 6.159345e-04
2.466850e+02 6.386081e-04
2.470853e+02 6.742754e-04
2.474856e+02 7.160271e-04
2.478859e+02 7.651997e-04
2.482862e+02 7.675149e-04
2.486865e+02 6.974926e-04
2.490868e+02 6.457017e-04
2.494871e+02 6.623536e-04
2.498874e+02 7.162219e-04
2.502877e+02 7.858162e-04
2.506880e+02 8.305844e-04
2.510883e+02 8.042030e-04
2.514886e+02 7.120832e-04
2.518889e+02 6.316215e-04
2.522892e+02 6.268564e-04
2.526895e+02 6.582942e-04
2.530898e+02 6.951661e-04
2.534901e+02 7.442378e-04
2.538904e+02 7.455670e-04
2.542907e+02 6.695742e-04
2.546910e+02 5.979334e-04
2.550913e+02 5.964871e-04
2.554916e+02 6.436169e-04
2.558919e+02 6.990384e-04
2.562922e+02 7.499571e-04
2.566925e+02 7.562512e-04
2.570928e+02 6.837716e-04
2.574931e+02 5.940598e-04
2.578934e+02 5.610139e-04
2.582937e+02 5.755564e-04
2.586940e+02 6.169299e-04
2.590943e+02 6.844669e-04
2.594946e+02 7.318811e-04
2.598949e+02 6.922942e-04
2.602952e+02 6.137597e-04
2.606955e+02 5.970799e-04
2.610958e+02 6.339790e-04
2.614961e+02 6.792216e-04
2.618964e+02 7.226186e-04
2.622967e+02 7.397734e-04
2.626970e+02 6.951162e-04
2.630973e+02 6.224010e-04
2.634976e+02 5.954358e-04
2.638979e+02 6.194013e-04
2.642982e+02 6.672962e-04
2.646985e+02 7.252243e-04
2.650988e+02 7.585806e-04
2.654991e+02 7.245934e-04
2.658994e+02 6.623172e-04
2.662997e+02 6.518985e-04
2.667000e+02 6.884783e-04
2.671003e+02 7.324784e-04
2.675006e+02 7.819437e-04
2.679009e+02 8.226330e-04
2.683012e+02 7.888929e-04
2.687015e+02 6.801445e-04
2.691018e+02 6.048969e-04
2.695021e+02 6.128649e-04
2.699024e+02 6.630422e-04
2.703027e+02 7.252909e-04
2.707030e+02 7.723569e-04
2.711033e+02 7.548544e-04
2.715036e+02 6.782587e-04
2.719039e+02 6.319343e-04
2.723042e+02 6.601267e-04
2.727045e+02 7.147767e-04
2.731048e+02 7.598282e-04
2.735051e+02 7.860816e-04
2.739054e+02 7.660219e-04
2.743057e+02 6.895295e-04
2.747060e+02 6.174187e-04
2.751063e+02 6.095513e-04
2.755066e+02 6.517773e-04
2.759069e+02 7.075055e-04
2.763072e+02 7.525547e-04
2.767075e+02 7.586896e-04
2.771078e+02 7.166736e-04
2.775081e+02 6.695772e-04
2.779084e+02 6.568351e-04
2.783087e+02 6.688000e-04
2.787090e+02 7.001787e-04
2.791093e+02 7.524953e-04
2.795096e+02 7.750038e-04
2.799099e+02 7.109183e-04
2.803102e+02 6.190789e-04
2.807105e+02 5.968973e-04
2.811108e+02 6.458524e-04
2.815111e+02 7.189745e-04
2.819114e+02 7.781946e-04
2.823117e+02 7.898067e-04
2.827120e+02 7.415462e-04
2.831123e+02 6.743894e-04
2.835126e+02 6.462923e-04
2.839129e+02 6.582688e-04
2.843132e+02 6.910110e-04
2.847135e+02 7.404446e-04
2.851138e+02 7.690009e-04
2.855141e+02 7.236343e-04
2.859144e+02 6.355498e-04
2.863147e+02 5.945994e-04
2.867150e+02 6.191412e-04
2.871153e+02 6.675182e-04
2.875156e+02 7.151434e-04
2.879159e+02 7.436613e-04
2.883162e+02 7.243141e-04
2.887165e+02 6.669156e-04
2.891168e+02 6.292492e-04
2.895171e+02 6.387875e-04
2.899174e+02 6.792793e-04
2.903177e+02 7.320735e-04
2.907180e+02 7.635252e-04
2.911183e+02 7.312990e-04
2.915186e+02 6.563219e-04
2.919189e+02 6.128565e-04
2.923192e+02 6.267400e-04
2.927195e+02 6.730474e-04
2.931198e+02 7.280157e-04
2.935201e+02 7.605134e-04
2.939204e+02 7.422157e-04
2.943207e+02 6.890887e-04
2.947210e+02 6.513808e-04
2.951213e+02 6.560530e-04
2.955216e+02 6.923221e-04
2.959219e+02 7.419915e-04
2.963222e+02 7.808220e-04
2.967225e+02 7.693532e-04
2.971228e+02 7.005429e-04
2.975231e+02 6.354926e-04
2.979234e+02 6.249512e-04
2.983237e+02 6.542444e-04
2.987240e+02 6.960845e-04
2.991243e+02 7.369739e-04
2.995246e+02 7.512555e-04
2.999249e+02 7.143144e-04
3.003252e+02 6.572984e-04
3.007255e+02 6.377933e-04
3.011258e+02 6.660878e-04
3.015261e+02 7.145236e-04
3.019264e+02 7.508299e-04
3.023267e+02 7.461757e-04
3.027270e+02 6.943655e-04
3.031273e+02 6.341277e-04
3.035276e+02 6.168207e-04
3.039279e+02 6.474032e-04
3.043282e+02 6.955371e-04
3.047285e+02 7.373793e-04
3.051288e+02 7.538480e-04
3.055291e+02 7.247021e-04
3.059294e+02 6.658465e-04
3.063297e+02 6.299247e-04
3.067300e+02 6.423348e-04
3.071303e+02 6.883015e-04
3.075306e+02 7.428038e-04
3.079309e+02 7.712996e-04
3.083312e+02 7.427381e-04
3.087315e+02 6.823843e-04
3.091318e+02 6.534691e-04
3.095321e+02 6.697160e-04
3.099324e+02 7.020185e-04
3.103327e+02 7.304965e-04
3.107330e+02 7.410220e-04
3.111333e+02 7.182352e-04
3.115336e+02 6.734555e-04
3.119339e+02 6.498824e-04
3.123342e+02 6.708356e-04
3.127345e+02 7.177312e-04
3.131348e+02 7.575364e-04
3.135351e+02 7.655291e-04
3.139354e+02 7.331072e-04
3.143357e+02 6.786055e-04
3.147360e+02 6.448286e-04
3.151363e+02 6.557769e-04
3.155366e+02 6.970469e-04
3.159369e+02 7.418115e-04
3.163372e+02 7.645036e-04
3.167375e+02 7.469786e-04
3.171378e+02 6.998143e-04
3.175381e+02 6.616661e-04
3.179384e+02 6.574494e-04
3.183387e+02 6.804755e-04
3.187390e+02 7.143057e-04
3.191393e+02 7.404240e-04
3.195396e+02 7.352400e-04
3.199399e+02 6.945605e-04
3.203402e+02 6.550186e-04
3.207405e+02 6.537684e-04
3.211408e+02 6.885260e-04
3.215411e+02 7.362776e-04
3.219414e+02 7.735437e-04
3.223417e+02 7.751378e-04
3.227420e+02 7.315647e-04
3.231423e+02 6.760668e-04
3.235426e+02 6.540805e-04
3.239429e+02 6.729171e-04
3.243432e+02 7.106192e-04
3.247435e+02 7.407567e-04
3.251438e+02 7.403767e-04
3.255441e+02 7.039388e-04
3.259444e+02 6.563226e-04
3.263447e+02 6.367021e-04
3.267450e+02 6.626706e-04
3.271453e+02 7.165578e-04
3.275456e+02 7.615553e-04
3.279459e+02 7.666719e-04
3.283462e+02 7.276155e-04
3.287465e+02 6.741742e-04
3.291468e+02 6.443675e-04
3.295471e+02 6.490536e-04
3.299474e+02 6.764777e-04
3.303477e+02 7.098478e-04
3.307480e+02 7.266953e-04
3.311483e+02 7.091921e-04
3.315486e+02 6.699453e-04
3.319489e+02 6.453577e-04
3.323492e+02 6.547344e-04
3.327495e+02 6.845844e-04
3.331498e+02 7.096591e-04
3.335502e+02 7.140211e-04
3.339505e+02 6.955666e-04
3.343508e+02 6.678563e-04
3.347511e+02 6.552140e-04
3.351514e+02 6.678919e-04
3.355517e+02 6.936387e-04
3.359520e+02 7.174632e-04
3.363523e+02 7.276066e-04
3.367526e+02 7.103882e-04
3.371529e+02 6.701756e-04
3.375532e+02 6.406699e-04
3.379535e+02 6.485184e-04
3.383538e+02 6.854673e-04
3.387541e+02 7.247580e-04
3.391544e+02 7.437176e-04
3.395547e+02 7.333629e-04
3.399550e+02 7.020231e-04
3.403553e+02 6.713717e-04
3.407556e+02 6.634269e-04
3.411559e+02 6.850017e-04
3.415562e+02 7.220349e-04
3.419565e+02 7.499192e-04
3.423568e+02 7.495744e-04
3.427571e+02 7.209474e-04
3.431574e+02 6.881596e-04
3.435577e+02 6.786396e-04
3.439580e+02 6.951241e-04
3.443583e+02 7.207080e-04
3.447586e+02 7.398569e-04
3.451589e+02 7.424915e-04
3.455592e+02 7.229935e-04
3.459595e+02 6.933202e-04
3.463598e+02 6.794138e-04
3.467601e+02 6.918524e-04
3.471604e+02 7.210423e-04
3.475607e+02 7.510557e-04
3.479610e+02 7.606606e-04
3.483613e+02 7.350399e-04
3.487616e+02 6.894869e-04
3.491619e+02 6.587741e-04
3.495622e+02 6.613333e-04
3.499625e+02 6.902784e-04
3.503628e+02 7.264051e-04
3.507631e+02 7.471377e-04
3.511634e+02 7.372359e-04
3.515637e+02 7.047737e-04
3.519640e+02 6.797674e-04
3.523643e+02 6.852971e-04
3.527646e+02 7.147258e-04
3.531649e+02 7.404544e-04
3.535652e+02 7.369984e-04
3.539655e+02 6.987262e-04
3.543658e+02 6.469007e-04
3.547661e+02 6.152079e-04
3.551664e+02 6.191821e-04
3.555667e+02 6.453449e-04
3.559670e+02 6.709260e-04
3.563673e+02 6.823253e-04
3.567676e+02 6.761105e-04
3.571679e+02 6.599704e-04
3.575682e+02 6.523745e-04
3.579685e+02 6.660743e-04
3.583688e+02 6.962077e-04
3.587691e+02 7.274993e-04
3.591694e+02 7.409391e-04
3.595697e+02 7.215107e-04
3.599700e+02 6.767935e-04
3.603703e+02 6.378970e-04
3.607706e+02 6.292067e-04
3.611709e+02 6.486531e-04
3.615712e+02 6.801258e-04
3.619715e+02 7.066257e-04
3.623718e+02 7.118244e-04
3.627721e+02 6.922341e-04
3.631724e+02 6.695187e-04
3.635727e+02 6.695893e-04
3.639730e+02 6.911857e-04
3.643733e+02 7.148632e-04
3.647736e+02 7.154806e-04
3.651739e+02 6.976600e-04
3.655742e+02 6.647288e-04
3.659745e+02 6.335183e-04
3.663748e+02 6.246988e-04
3.667751e+02 6.413624e-04
3.671754e+02 6.724443e-04
3.675757e+02 6.950237e-04
3.679760e+02 7.068110e-04
3.683763e+02 6.973582e-04
3.687766e+02 6.718156e-04
3.691769e+02 6.527068e-04
3.695772e+02 6.580135e-04
3.699775e+02 6.819804e-04
3.703778e+02 7.051354e-04
3.707781e+02 7.057374e-04
3.711784e+02 6.810484e-04
3.715787e+02 6.457676e-04
3.719790e+02 6.242539e-04
3.723793e+02 6.295124e-04
3.727796e+02 6.573430e-04
3.731799e+02 6.958140e-04
3.735802e+02 7.236097e-04
3.739805e+02 7.283437e-04
3.743808e+02 7.117673e-04
3.747811e+02 6.927466e-04
3.751814e+02 6.891792e-04
3.755817e+02 7.005334e-04
3.759820e+02 7.180363e-04
3.763823e+02 7.232960e-04
3.767826e+02 7.078696e-04
3.771829e+02 6.752281e-04
3.775832e+02 6.484620e-04
3.779835e+02 6.499804e-04
3.783838e+02 6.754346e-04
3.787841e+02 7.046649e-04
3.791844e+02 7.191954e-04
3.795847e+02 7.111859e-04
3.799850e+02 6.868238e-04
3.803853e+02 6.639080e-04
3.807856e+02 6.574790e-04
3.811859e+02 6.693012e-04
3.815862e+02 6.884863e-04
3.819865e+02 7.012568e-04
3.823868e+02 6.974893e-04
3.827871e+02 6.772333e-04
3.831874e+02 6.548493e-04
3.835877e+02 6.466524e-04
3.839880e+02 6.575978e-04
3.843883e+02 6.803908e-04
3.847886e+02 7.030853e-04
3.851889e+02 7.128248e-04
3.855892e+02 7.034175e-04
3.859895e+02 6.853130e-04
3.863898e+02 6.757268e-04
3.867901e+02 6.823164e-04
3.871904e+02 6.974918e-04
3.875907e+02 7.084047e-04
3.879910e+02 7.041275e-04
3.883913e+02 6.828462e-04
3.887916e+02 6.585932e-04
3.891919e+02 6.494265e-04
3.895922e+02 6.643894e-04
3.899925e+02 6.923996e-04
3.903928e+02 7.163543e-04
3.907931e+02 7.198004e-04
3.911934e+02 7.070124e-04
3.915937e+02 6.910057e-04
3.919940e+02 6.863599e-04
3.923943e+02 6.960156e-04
3.927946e+02 7.106270e-04
3.931949e+02 7.205170e-04
3.935952e+02 7.160188e-04
3.939955e+02 7.003507e-04
3.943958e+02 6.814960e-04
3.947961e+02 6.724124e-04
3.951964e+02 6.821353e-04
3.955967e+02 7.051872e-04
3.959970e+02 7.311794e-04
3.963973e+02 7.410981e-04
3.967976e+02 7.340006e-04
3.971979e+02 7.143790e-04
3.975982e+02 6.981673e-04
3.979985e+02 6.982383e-04
3.983988e+02 7.121646e-04
3.987991e+02 7.292770e-04
3.991994e+02 7.301887e-04
3.995997e+02 7.148519e-04
4.000000e+02 6.879028e-04
