1.000000e-01 0.000000e+00
5.003003e-01 0.000000e+00
9.006006e-01 0.000000e+00
1.300901e+00 0.000000e+00
1.701201e+00 4.639238e+08
2.101502e+00 7.202130e+08
2.501802e+00 2.125969e+09
2.902102e+00 2.094887e+12
3.302402e+00 2.316667e+09
3.702703e+00 4.974192e+08
4.103003e+00 2.282293e+08
4.503303e+00 1.519560e+08
4.903604e+00 1.402492e+08
5.303904e+00 1.128438e+09
5.704204e+00 7.949070e+10
6.104505e+00 3.804407e+08
6.504805e+00 5.849477e+07
6.905105e+00 2.983412e+07
7.305405e+00 2.427517e+07
7.705706e+00 3.731812e+07
8.106006e+00 2.284526e+08
8.506306e+00 1.358179e+09
8.906607e+00 1.223173e+11
9.306907e+00 1.257353e+08
9.707207e+00 3.337074e+07
1.010751e+01 1.807299e+07
1.050781e+01 1.615947e+07
1.090811e+01 1.679147e+08
1.130841e+01 3.828807e+09
1.170871e+01 1.940628e+10
1.210901e+01 5.413374e+07
1.250931e+01 1.045910e+07
1.290961e+01 6.257211e+06
1.330991e+01 2.182627e+07
1.371021e+01 1.786359e+08
1.411051e+01 6.766596e+08
1.451081e+01 9.315906e+08
1.491111e+01 7.867790e+09
1.531141e+01 9.327255e+06
1.571171e+01 4.425962e+06
1.611201e+01 9.547846e+06
1.651231e+01 1.650257e+07
1.691261e+01 3.611915e+07
1.731291e+01 7.273538e+08
1.771321e+01 2.032642e+09
1.811351e+01 6.649001e+06
1.851381e+01 1.393469e+06
1.891411e+01 1.084500e+06
1.931441e+01 9.792590e+06
1.971471e+01 7.346969e+07
2.011502e+01 2.033249e+08
2.051532e+01 3.173407e+08
2.091562e+01 6.125895e+08
2.131592e+01 1.094376e+06
2.171622e+01 2.363056e+06
2.211652e+01 8.233614e+06
2.251682e+01 1.523410e+07
2.291712e+01 1.456383e+07
2.331742e+01 9.257519e+07
2.371772e+01 1.988453e+08
2.411802e+01 1.013040e+06
2.451832e+01 8.102808e+05
2.491862e+01 8.284512e+05
2.531892e+01 1.505986e+06
2.571922e+01 1.115128e+07
2.611952e+01 3.023840e+07
2.651982e+01 4.022985e+07
2.692012e+01 5.176438e+07
2.732042e+01 1.340942e+05
2.772072e+01 4.654002e+05
2.812102e+01 1.975260e+06
2.852132e+01 4.026805e+06
2.892162e+01 4.805991e+06
2.932192e+01 9.256132e+06
2.972222e+01 1.916920e+07
3.012252e+01 2.237687e+05
3.052282e+01 3.270685e+05
3.092312e+01 4.548449e+05
3.132342e+01 4.663562e+05
3.172372e+01 1.373836e+06
3.212402e+01 3.826619e+06
3.252432e+01 4.899326e+06
3.292462e+01 4.594607e+06
3.332492e+01 4.601058e+04
3.372523e+01 6.840084e+04
3.412553e+01 2.651209e+05
3.452583e+01 5.997201e+05
3.492613e+01 1.012739e+06
3.532643e+01 9.890951e+05
3.572673e+01 1.852160e+06
3.612703e+01 3.741704e+04
3.652733e+01 6.047893e+04
3.692763e+01 1.045640e+05
3.732793e+01 1.282404e+05
3.772823e+01 1.902132e+05
3.812853e+01 3.946071e+05
3.852883e+01 5.696154e+05
3.892913e+01 4.305915e+05
3.932943e+01 1.620545e+04
3.972973e+01 1.769707e+04
4.013003e+01 3.328559e+04
4.053033e+01 6.854389e+04
4.093063e+01 1.465323e+05
4.133093e+01 1.208832e+05
4.173123e+01 1.826468e+05
4.213153e+01 6.354626e+03
4.253183e+01 7.633027e+03
4.293213e+01 1.488931e+04
4.333243e+01 2.408263e+04
4.373273e+01 3.007795e+04
4.413303e+01 3.801804e+04
4.453333e+01 6.339301e+04
4.493363e+01 4.202006e+04
4.533393e+01 3.204973e+03
4.573423e+01 4.157058e+03
4.613453e+01 5.159770e+03
4.653483e+01 7.884966e+03
4.693514e+01 1.678656e+04
4.733544e+01 1.540753e+04
4.773574e+01 1.864304e+04
4.813604e+01 1.290723e+03
4.853634e+01 1.014270e+03
4.893664e+01 1.672534e+03
4.933694e+01 3.462342e+03
4.973724e+01 4.504370e+03
5.013754e+01 3.969346e+03
5.053784e+01 6.882460e+03
5.093814e+01 4.249993e+03
5.133844e+01 4.293194e+02
5.173874e+01 7.091624e+02
5.213904e+01 8.610741e+02
5.253934e+01 1.016228e+03
5.293964e+01 1.753034e+03
5.333994e+01 1.918317e+03
5.374024e+01 1.957686e+03
5.414054e+01 2.401196e+02
5.454084e+01 1.696426e+02
5.494114e+01 1.918085e+02
5.534144e+01 4.201287e+02
5.574174e+01 5.913634e+02
5.614204e+01 4.626916e+02
5.654234e+01 7.450942e+02
5.694264e+01 4.513085e+02
5.734294e+01 4.835327e+01
5.774324e+01 9.417657e+01
5.814354e+01 1.333244e+02
5.854384e+01 1.355090e+02
5.894414e+01 1.792985e+02
5.934444e+01 2.306021e+02
5.974474e+01 2.092086e+02
6.014505e+01 3.693993e+01
6.054535e+01 2.873840e+01
6.094565e+01 2.738040e+01
6.134595e+01 4.679596e+01
6.174625e+01 7.064650e+01
6.214655e+01 5.729096e+01
6.254685e+01 8.109977e+01
6.294715e+01 5.074507e+01
6.334745e+01 6.033608e+00
6.374775e+01 1.075291e+01
6.414805e+01 1.822378e+01
6.454835e+01 1.821807e+01
6.494865e+01 1.899226e+01
6.534895e+01 2.709744e+01
6.574925e+01 2.280671e+01
6.614955e+01 4.816972e+00
6.654985e+01 4.238229e+00
6.695015e+01 4.390105e+00
6.735045e+01 5.190819e+00
6.775075e+01 7.936835e+00
6.815105e+01 7.160836e+00
6.855135e+01 8.835231e+00
6.895165e+01 5.916192e+00
6.935195e+01 9.443774e-01
6.975225e+01 1.220175e+00
7.015255e+01 2.187886e+00
7.055285e+01 2.391006e+00
7.095315e+01 2.145277e+00
7.135345e+01 3.156573e+00
7.175375e+01 2.591821e+00
7.215405e+01 5.860757e-01
7.255435e+01 5.395936e-01
7.295465e+01 6.632803e-01
7.335495e+01 6.186071e-01
7.375526e+01 8.677625e-01
7.415556e+01 8.875544e-01
7.455586e+01 9.611712e-01
7.495616e+01 6.824382e-01
7.535646e+01 1.500143e-01
7.575676e+01 1.534403e-01
7.615706e+01 2.352316e-01
7.655736e+01 2.954904e-01
7.695766e+01 2.496913e-01
7.735796e+01 3.642918e-01
7.775826e+01 3.031890e-01
7.815856e+01 7.266859e-02
7.855886e+01 6.236246e-02
7.895916e+01 8.848497e-02
7.935946e+01 7.847225e-02
7.975976e+01 9.530054e-02
8.016006e+01 1.090775e-01
8.056036e+01 1.062781e-01
8.096066e+01 7.733941e-02
8.136096e+01 2.198494e-02
8.176126e+01 2.153302e-02
8.216156e+01 2.564189e-02
8.256186e+01 3.430818e-02
8.296216e+01 2.980269e-02
8.336246e+01 4.038663e-02
8.376276e+01 3.755473e-02
8.416306e+01 1.012304e-02
8.456336e+01 7.226166e-03
8.496366e+01 1.084005e-02
8.536396e+01 1.034781e-02
8.576426e+01 1.082484e-02
8.616456e+01 1.364391e-02
8.656486e+01 1.242766e-02
8.696517e+01 9.020906e-03
8.736547e+01 3.485081e-03
8.776577e+01 4.322473e-03
8.816607e+01 3.708253e-03
8.856637e+01 4.586022e-03
8.896667e+01 4.473400e-03
8.936697e+01 5.480258e-03
8.976727e+01 5.044716e-03
9.016757e+01 1.537046e-03
9.056787e+01 9.856189e-04
9.096817e+01 1.382446e-03
9.136847e+01 1.477707e-03
9.176877e+01 1.434058e-03
9.216907e+01 1.905752e-03
9.256937e+01 1.850616e-03
9.296967e+01 1.363960e-03
9.336997e+01 7.382098e-04
9.377027e+01 9.843891e-04
9.417057e+01 6.889760e-04
9.457087e+01 8.000476e-04
9.497117e+01 8.579052e-04
9.537147e+01 1.114449e-03
9.577177e+01 1.279819e-03
9.617207e+01 4.900312e-04
9.657237e+01 3.697853e-04
9.697267e+01 4.391604e-04
9.737297e+01 5.163820e-04
9.777327e+01 5.374653e-04
9.817357e+01 6.511713e-04
9.857387e+01 7.693478e-04
9.897417e+01 5.892373e-04
9.937447e+01 5.378864e-04
9.977477e+01 4.835327e-04
1.001751e+02 3.760903e-04
1.005754e+02 4.447204e-04
1.009757e+02 5.403038e-04
1.013760e+02 6.659439e-04
1.017763e+02 7.082356e-04
1.021766e+02 2.265777e-04
1.025769e+02 1.479995e-04
1.029772e+02 1.747546e-04
1.033775e+02 2.187925e-04
1.037778e+02 2.231707e-04
1.041781e+02 2.423953e-04
1.045784e+02 3.020872e-04
1.049787e+02 3.319382e-04
1.053790e+02 3.996956e-04
1.057793e+02 3.959356e-04
1.061796e+02 3.919907e-04
1.065799e+02 4.028232e-04
1.069802e+02 4.982172e-04
1.073805e+02 6.299173e-04
1.077808e+02 5.947292e-04
1.081811e+02 1.815939e-04
1.085814e+02 1.273590e-04
1.089817e+02 1.548846e-04
1.093820e+02 1.672451e-04
1.097823e+02 2.176273e-04
1.101826e+02 2.491223e-04
1.105829e+02 2.923183e-04
1.109832e+02 3.382220e-04
1.113835e+02 3.919811e-04
1.117838e+02 3.918102e-04
1.121841e+02 3.615548e-04
1.125844e+02 3.930084e-04
1.129847e+02 3.700662e-04
1.133850e+02 4.099093e-04
1.137853e+02 4.452990e-04
1.141856e+02 2.265089e-04
1.145859e+02 1.985278e-04
1.149862e+02 2.214393e-04
1.153865e+02 2.861347e-04
1.157868e+02 2.978503e-04
1.161871e+02 3.627835e-04
1.165874e+02 3.958866e-04
1.169877e+02 3.883875e-04
1.173880e+02 3.425512e-04
1.177883e+02 3.490229e-04
1.181886e+02 4.217922e-04
1.185889e+02 4.462998e-04
1.189892e+02 4.880249e-04
1.193895e+02 5.170222e-04
1.197898e+02 4.673116e-04
1.201901e+02 2.630981e-04
1.205904e+02 2.357667e-04
1.209907e+02 2.490492e-04
1.213910e+02 2.772730e-04
1.217913e+02 3.344913e-04
1.221916e+02 3.973799e-04
1.225919e+02 4.191858e-04
1.229922e+02 4.121717e-04
1.233925e+02 3.557627e-04
1.237928e+02 3.583839e-04
1.241931e+02 3.553104e-04
1.245934e+02 3.738385e-04
1.249937e+02 3.870635e-04
1.253940e+02 4.047438e-04
1.257943e+02 3.673424e-04
1.261946e+02 1.962336e-04
1.265949e+02 1.718604e-04
1.269952e+02 1.990311e-04
1.273955e+02 2.333726e-04
1.277958e+02 2.902493e-04
1.281961e+02 3.493218e-04
1.285964e+02 3.611935e-04
1.289967e+02 3.327739e-04
1.293970e+02 3.122025e-04
1.297973e+02 3.526511e-04
1.301976e+02 3.827161e-04
1.305979e+02 4.111592e-04
1.309982e+02 4.959800e-04
1.313985e+02 4.978559e-04
1.317988e+02 3.746885e-04
1.321991e+02 1.805070e-04
1.325994e+02 1.381963e-04
1.329997e+02 1.438256e-04
1.334000e+02 1.744989e-04
1.338003e+02 2.225653e-04
1.342006e+02 2.782782e-04
1.346009e+02 3.080472e-04
1.350012e+02 3.048793e-04
1.354015e+02 2.934675e-04
1.358018e+02 3.006258e-04
1.362021e+02 3.059454e-04
1.366024e+02 3.253470e-04
1.370027e+02 3.501566e-04
1.374030e+02 4.047924e-04
1.378033e+02 3.687089e-04
1.382036e+02 2.010587e-04
1.386039e+02 1.849861e-04
1.390042e+02 2.016053e-04
1.394045e+02 2.292283e-04
1.398048e+02 2.759040e-04
1.402051e+02 2.944045e-04
1.406054e+02 3.146117e-04
1.410057e+02 3.280439e-04
1.414060e+02 3.467139e-04
1.418063e+02 3.896651e-04
1.422066e+02 4.449911e-04
1.426069e+02 5.140343e-04
1.430072e+02 5.223597e-04
1.434075e+02 5.045828e-04
1.438078e+02 4.269815e-04
1.442081e+02 2.674255e-04
1.446084e+02 2.197547e-04
1.450087e+02 2.550049e-04
1.454090e+02 3.025778e-04
1.458093e+02 3.295259e-04
1.462096e+02 3.667993e-04
1.466099e+02 4.055012e-04
1.470102e+02 3.508257e-04
1.474105e+02 2.850381e-04
1.478108e+02 2.881901e-04
1.482111e+02 2.887437e-04
1.486114e+02 3.290252e-04
1.490117e+02 4.088453e-04
1.494120e+02 4.862910e-04
1.498123e+02 4.191186e-04
1.502126e+02 2.373049e-04
1.506129e+02 2.017317e-04
1.510132e+02 2.322264e-04
1.514135e+02 2.583811e-04
1.518138e+02 2.783726e-04
1.522141e+02 3.167632e-04
1.526144e+02 3.783592e-04
1.530147e+02 3.987844e-04
1.534150e+02 3.858968e-04
1.538153e+02 3.750934e-04
1.542156e+02 3.704035e-04
1.546159e+02 3.884699e-04
1.550162e+02 4.220266e-04
1.554165e+02 4.361466e-04
1.558168e+02 3.237661e-04
1.562171e+02 1.766022e-04
1.566174e+02 1.574484e-04
1.570177e+02 1.792905e-04
1.574180e+02 2.153439e-04
1.578183e+02 2.622223e-04
1.582186e+02 2.942900e-04
1.586189e+02 2.950382e-04
1.590192e+02 3.059390e-04
1.594195e+02 3.133910e-04
1.598198e+02 3.250737e-04
1.602201e+02 3.449639e-04
1.606204e+02 3.731711e-04
1.610207e+02 3.853812e-04
1.614210e+02 3.718670e-04
1.618213e+02 2.911745e-04
1.622216e+02 1.931169e-04
1.626219e+02 1.782403e-04
1.630222e+02 2.129167e-04
1.634225e+02 2.511793e-04
1.638228e+02 2.569766e-04
1.642231e+02 2.752090e-04
1.646234e+02 2.840688e-04
1.650237e+02 2.667822e-04
1.654240e+02 2.610311e-04
1.658243e+02 2.825679e-04
1.662246e+02 3.077084e-04
1.666249e+02 3.244714e-04
1.670252e+02 3.376074e-04
1.674255e+02 3.734480e-04
1.678258e+02 3.675644e-04
1.682261e+02 2.523111e-04
1.686264e+02 2.068397e-04
1.690267e+02 2.349993e-04
1.694270e+02 2.709077e-04
1.698273e+02 2.843353e-04
1.702276e+02 3.069240e-04
1.706279e+02 3.001305e-04
1.710282e+02 2.916721e-04
1.714285e+02 2.819096e-04
1.718288e+02 2.960537e-04
1.722291e+02 3.246383e-04
1.726294e+02 3.428029e-04
1.730297e+02 3.664147e-04
1.734300e+02 3.907119e-04
1.738303e+02 3.316571e-04
1.742306e+02 2.157227e-04
1.746309e+02 2.033919e-04
1.750312e+02 2.296639e-04
1.754315e+02 2.468311e-04
1.758318e+02 2.805120e-04
1.762321e+02 3.102103e-04
1.766324e+02 3.141476e-04
1.770327e+02 3.088954e-04
1.774330e+02 3.228386e-04
1.778333e+02 3.536465e-04
1.782336e+02 3.871924e-04
1.786339e+02 4.076955e-04
1.790342e+02 4.282186e-04
1.794345e+02 4.499440e-04
1.798348e+02 3.857332e-04
1.802351e+02 2.495748e-04
1.806354e+02 2.137307e-04
1.810357e+02 2.443530e-04
1.814360e+02 2.682572e-04
1.818363e+02 2.892277e-04
1.822366e+02 2.991202e-04
1.826369e+02 2.835700e-04
1.830372e+02 2.790371e-04
1.834375e+02 2.844685e-04
1.838378e+02 3.012931e-04
1.842381e+02 3.186183e-04
1.846384e+02 3.198922e-04
1.850387e+02 3.329778e-04
1.854390e+02 3.467373e-04
1.858393e+02 2.895452e-04
1.862396e+02 2.183038e-04
1.866399e+02 2.187677e-04
1.870402e+02 2.472602e-04
1.874405e+02 2.649939e-04
1.878408e+02 2.856279e-04
1.882411e+02 3.012651e-04
1.886414e+02 3.167954e-04
1.890417e+02 3.386500e-04
1.894420e+02 3.496795e-04
1.898423e+02 3.517478e-04
1.902426e+02 3.639028e-04
1.906429e+02 3.842421e-04
1.910432e+02 4.210386e-04
1.914435e+02 4.570167e-04
1.918438e+02 4.106068e-04
1.922441e+02 2.849999e-04
1.926444e+02 2.399372e-04
1.930447e+02 2.558275e-04
1.934450e+02 2.817765e-04
1.938453e+02 3.020581e-04
1.942456e+02 2.990180e-04
1.946459e+02 2.862036e-04
1.950462e+02 2.846295e-04
1.954465e+02 3.070192e-04
1.958468e+02 3.309158e-04
1.962471e+02 3.319373e-04
1.966474e+02 3.384830e-04
1.970477e+02 3.539507e-04
1.974480e+02 3.405597e-04
1.978483e+02 2.896420e-04
1.982486e+02 2.411369e-04
1.986489e+02 2.404313e-04
1.990492e+02 2.615057e-04
1.994495e+02 2.853636e-04
1.998498e+02 3.014847e-04
2.002502e+02 3.152284e-04
2.006505e+02 3.244690e-04
2.010508e+02 3.252021e-04
2.014511e+02 3.242603e-04
2.018514e+02 3.215528e-04
2.022517e+02 3.357805e-04
2.026520e+02 3.581580e-04
2.030523e+02 3.730556e-04
2.034526e+02 3.706677e-04
2.038529e+02 3.270187e-04
2.042532e+02 2.550050e-04
2.046535e+02 2.349001e-04
2.050538e+02 2.538635e-04
2.054541e+02 2.613748e-04
2.058544e+02 2.644232e-04
2.062547e+02 2.769143e-04
2.066550e+02 2.870699e-04
2.070553e+02 3.048001e-04
2.074556e+02 3.156604e-04
2.078559e+02 3.095502e-04
2.082562e+02 3.059058e-04
2.086565e+02 3.178263e-04
2.090568e+02 3.351429e-04
2.094571e+02 3.444900e-04
2.098574e+02 3.159534e-04
2.102577e+02 2.748023e-04
2.106580e+02 2.551091e-04
2.110583e+02 2.552485e-04
2.114586e+02 2.724308e-04
2.118589e+02 2.858221e-04
2.122592e+02 2.922939e-04
2.126595e+02 2.973425e-04
2.130598e+02 2.984469e-04
2.134601e+02 2.948932e-04
2.138604e+02 2.972897e-04
2.142607e+02 3.225339e-04
2.146610e+02 3.555805e-04
2.150613e+02 3.889862e-04
2.154616e+02 3.946653e-04
2.158619e+02 3.313704e-04
2.162622e+02 2.586756e-04
2.166625e+02 2.406818e-04
2.170628e+02 2.508388e-04
2.174631e+02 2.549439e-04
2.178634e+02 2.576770e-04
2.182637e+02 2.610488e-04
2.186640e+02 2.615825e-04
2.190643e+02 2.611720e-04
2.194646e+02 2.690283e-04
2.198649e+02 2.773398e-04
2.202652e+02 2.890560e-04
2.206655e+02 3.165170e-04
2.210658e+02 3.440673e-04
2.214661e+02 3.500794e-04
2.218664e+02 3.191544e-04
2.222667e+02 2.731180e-04
2.226670e+02 2.586544e-04
2.230673e+02 2.569974e-04
2.234676e+02 2.530707e-04
2.238679e+02 2.552908e-04
2.242682e+02 2.671829e-04
2.246685e+02 2.834986e-04
2.250688e+02 2.853440e-04
2.254691e+02 2.968419e-04
2.258694e+02 3.243343e-04
2.262697e+02 3.430842e-04
2.266700e+02 3.526545e-04
2.270703e+02 3.638437e-04
2.274706e+02 3.627679e-04
2.278709e+02 3.148458e-04
2.282712e+02 2.485825e-04
2.286715e+02 2.245701e-04
2.290718e+02 2.356682e-04
2.294721e+02 2.499147e-04
2.298724e+02 2.556413e-04
2.302727e+02 2.613192e-04
2.306730e+02 2.762759e-04
2.310733e+02 2.979740e-04
2.314736e+02 3.104464e-04
2.318739e+02 3.192224e-04
2.322742e+02 3.450562e-04
2.326745e+02 3.868566e-04
2.330748e+02 4.227221e-04
2.334751e+02 4.231181e-04
2.338754e+02 3.699076e-04
2.342757e+02 2.941500e-04
2.346760e+02 2.532675e-04
2.350763e+02 2.486251e-04
2.354766e+02 2.553755e-04
2.358769e+02 2.595208e-04
2.362772e+02 2.658898e-04
2.366775e+02 2.778186e-04
2.370778e+02 2.943035e-04
2.374781e+02 3.115575e-04
2.378784e+02 3.283201e-04
2.382787e+02 3.469773e-04
2.386790e+02 3.667056e-04
2.390793e+02 3.811730e-04
2.394796e+02 3.691586e-04
2.398799e+02 3.226975e-04
2.402802e+02 2.734284e-04
2.406805e+02 2.564632e-04
2.410808e+02 2.650854e-04
2.414811e+02 2.789098e-04
2.418814e+02 2.831818e-04
2.422817e+02 2.856416e-04
2.426820e+02 2.956655e-04
2.430823e+02 2.943681e-04
2.434826e+02 2.860976e-04
2.438829e+02 2.916656e-04
2.442832e+02 3.089994e-04
2.446835e+02 3.326579e-04
2.450838e+02 3.555159e-04
2.454841e+02 3.537819e-04
2.458844e+02 3.102995e-04
2.462847e+02 2.561686e-04
2.466850e+02 2.330120e-04
2.470853e+02 2.385812e-04
2.474856e+02 2.532716e-04
2.478859e+02 2.649762e-04
2.482862e+02 2.744911e-04
2.486865e+02 2.821567e-04
2.490868e+02 2.902320e-04
2.494871e+02 3.059361e-04
2.498874e+02 3.222889e-04
2.502877e+02 3.296616e-04
2.506880e+02 3.379305e-04
2.510883e+02 3.521017e-04
2.514886e+02 3.531558e-04
2.518889e+02 3.201970e-04
2.522892e+02 2.722162e-04
2.526895e+02 2.468972e-04
2.530898e+02 2.430861e-04
2.534901e+02 2.449652e-04
2.538904e+02 2.513987e-04
2.542907e+02 2.677416e-04
2.546910e+02 2.915809e-04
2.550913e+02 3.137233e-04
2.554916e+02 3.260501e-04
2.558919e+02 3.348857e-04
2.562922e+02 3.515736e-04
2.566925e+02 3.719140e-04
2.570928e+02 3.830547e-04
2.574931e+02 3.722317e-04
2.578934e+02 3.327918e-04
2.582937e+02 2.886011e-04
2.586940e+02 2.694604e-04
2.590943e+02 2.679783e-04
2.594946e+02 2.693386e-04
2.598949e+02 2.683832e-04
2.602952e+02 2.706209e-04
2.606955e+02 2.859345e-04
2.610958e+02 3.110536e-04
2.614961e+02 3.318906e-04
2.618964e+02 3.429702e-04
2.622967e+02 3.505509e-04
2.626970e+02 3.603303e-04
2.630973e+02 3.702808e-04
2.634976e+02 3.672386e-04
2.638979e+02 3.372440e-04
2.642982e+02 2.963850e-04
2.646985e+02 2.735469e-04
2.650988e+02 2.676905e-04
2.654991e+02 2.655161e-04
2.658994e+02 2.646817e-04
2.662997e+02 2.715345e-04
2.667000e+02 2.843670e-04
2.671003e+02 2.960474e-04
2.675006e+02 3.098537e-04
2.679009e+02 3.290266e-04
2.683012e+02 3.443052e-04
2.687015e+02 3.539742e-04
2.691018e+02 3.636504e-04
2.695021e+02 3.584960e-04
2.699024e+02 3.258245e-04
2.703027e+02 2.839940e-04
2.707030e+02 2.564658e-04
2.711033e+02 2.457065e-04
2.715036e+02 2.477924e-04
2.719039e+02 2.583834e-04
2.723042e+02 2.728554e-04
2.727045e+02 2.876731e-04
2.731048e+02 3.052292e-04
2.735051e+02 3.250725e-04
2.739054e+02 3.423494e-04
2.743057e+02 3.519061e-04
2.747060e+02 3.515804e-04
2.751063e+02 3.475761e-04
2.755066e+02 3.339714e-04
2.759069e+02 2.984224e-04
2.763072e+02 2.597533e-04
2.767075e+02 2.438211e-04
2.771078e+02 2.474587e-04
2.775081e+02 2.601916e-04
2.779084e+02 2.730921e-04
2.783087e+02 2.784046e-04
2.787090e+02 2.795083e-04
2.791093e+02 2.872237e-04
2.795096e+02 3.099996e-04
2.799099e+02 3.423878e-04
2.803102e+02 3.677334e-04
2.807105e+02 3.765715e-04
2.811108e+02 3.698220e-04
2.815111e+02 3.469847e-04
2.819114e+02 3.053045e-04
2.823117e+02 2.632556e-04
2.827120e+02 2.467787e-04
2.831123e+02 2.514233e-04
2.835126e+02 2.602281e-04
2.839129e+02 2.699247e-04
2.843132e+02 2.846097e-04
2.847135e+02 3.013422e-04
2.851138e+02 3.127908e-04
2.855141e+02 3.184418e-04
2.859144e+02 3.238540e-04
2.863147e+02 3.338044e-04
2.867150e+02 3.504366e-04
2.871153e+02 3.616829e-04
2.875156e+02 3.489026e-04
2.879159e+02 3.095134e-04
2.883162e+02 2.652092e-04
2.887165e+02 2.429668e-04
2.891168e+02 2.444126e-04
2.895171e+02 2.552117e-04
2.899174e+02 2.690239e-04
2.903177e+02 2.838534e-04
2.907180e+02 2.944397e-04
2.911183e+02 3.001687e-04
2.915186e+02 3.074857e-04
2.919189e+02 3.162075e-04
2.923192e+02 3.226677e-04
2.927195e+02 3.332823e-04
2.931198e+02 3.483437e-04
2.935201e+02 3.471585e-04
2.939204e+02 3.149715e-04
2.943207e+02 2.720895e-04
2.947210e+02 2.463858e-04
2.951213e+02 2.411307e-04
2.955216e+02 2.470929e-04
2.959219e+02 2.570981e-04
2.963222e+02 2.671667e-04
2.967225e+02 2.756113e-04
2.971228e+02 2.832418e-04
2.975231e+02 2.899469e-04
2.979234e+02 2.930102e-04
2.983237e+02 2.938838e-04
2.987240e+02 3.012969e-04
2.991243e+02 3.172381e-04
2.995246e+02 3.249419e-04
2.999249e+02 3.054593e-04
3.003252e+02 2.691564e-04
3.007255e+02 2.461875e-04
3.011258e+02 2.458942e-04
3.015261e+02 2.564053e-04
3.019264e+02 2.689316e-04
3.023267e+02 2.813020e-04
3.027270e+02 2.938221e-04
3.031273e+02 3.083532e-04
3.035276e+02 3.230371e-04
3.039279e+02 3.373390e-04
3.043282e+02 3.563390e-04
3.047285e+02 3.780790e-04
3.051288e+02 3.867722e-04
3.055291e+02 3.655320e-04
3.059294e+02 3.209228e-04
3.063297e+02 2.824519e-04
3.067300e+02 2.681176e-04
3.071303e+02 2.702980e-04
3.075306e+02 2.789036e-04
3.079309e+02 2.935790e-04
3.083312e+02 3.123786e-04
3.087315e+02 3.283004e-04
3.091318e+02 3.388222e-04
3.095321e+02 3.475141e-04
3.099324e+02 3.576942e-04
3.103327e+02 3.678556e-04
3.107330e+02 3.747840e-04
3.111333e+02 3.773471e-04
3.115336e+02 3.666165e-04
3.119339e+02 3.322818e-04
3.123342e+02 2.897277e-04
3.127345e+02 2.644263e-04
3.131348e+02 2.582790e-04
3.135351e+02 2.626121e-04
3.139354e+02 2.741404e-04
3.143357e+02 2.876776e-04
3.147360e+02 2.986188e-04
3.151363e+02 3.082405e-04
3.155366e+02 3.182087e-04
3.159369e+02 3.290126e-04
3.163372e+02 3.405067e-04
3.167375e+02 3.477677e-04
3.171378e+02 3.441992e-04
3.175381e+02 3.287105e-04
3.179384e+02 3.052606e-04
3.183387e+02 2.825875e-04
3.187390e+02 2.696983e-04
3.191393e+02 2.684797e-04
3.195396e+02 2.752992e-04
3.199399e+02 2.860787e-04
3.203402e+02 2.977018e-04
3.207405e+02 3.074344e-04
3.211408e+02 3.146885e-04
3.215411e+02 3.206794e-04
3.219414e+02 3.260644e-04
3.223417e+02 3.323351e-04
3.227420e+02 3.390554e-04
3.231423e+02 3.394711e-04
3.235426e+02 3.247582e-04
3.239429e+02 2.946198e-04
3.243432e+02 2.633409e-04
3.247435e+02 2.470455e-04
3.251438e+02 2.498808e-04
3.255441e+02 2.653671e-04
3.259444e+02 2.822426e-04
3.263447e+02 2.938980e-04
3.267450e+02 3.047208e-04
3.271453e+02 3.199020e-04
3.275456e+02 3.356649e-04
3.279459e+02 3.455145e-04
3.283462e+02 3.497096e-04
3.287465e+02 3.540658e-04
3.291468e+02 3.572872e-04
3.295471e+02 3.467841e-04
3.299474e+02 3.176702e-04
3.303477e+02 2.850107e-04
3.307480e+02 2.659274e-04
3.311483e+02 2.635007e-04
3.315486e+02 2.723043e-04
3.319489e+02 2.861296e-04
3.323492e+02 2.996975e-04
3.327495e+02 3.098807e-04
3.331498e+02 3.163577e-04
3.335502e+02 3.224429e-04
3.339505e+02 3.325832e-04
3.343508e+02 3.467623e-04
3.347511e+02 3.589871e-04
3.351514e+02 3.606743e-04
3.355517e+02 3.447128e-04
3.359520e+02 3.129534e-04
3.363523e+02 2.805285e-04
3.367526e+02 2.614279e-04
3.371529e+02 2.565050e-04
3.375532e+02 2.616844e-04
3.379535e+02 2.744601e-04
3.383538e+02 2.906291e-04
3.387541e+02 3.049629e-04
3.391544e+02 3.162002e-04
3.395547e+02 3.259643e-04
3.399550e+02 3.346159e-04
3.403553e+02 3.429624e-04
3.407556e+02 3.537958e-04
3.411559e+02 3.642962e-04
3.415562e+02 3.609518e-04
3.419565e+02 3.338733e-04
3.423568e+02 2.947126e-04
3.427571e+02 2.659338e-04
3.431574e+02 2.567315e-04
3.435577e+02 2.619122e-04
3.439580e+02 2.742047e-04
3.443583e+02 2.885960e-04
3.447586e+02 3.013418e-04
3.451589e+02 3.098653e-04
3.455592e+02 3.135379e-04
3.459595e+02 3.153298e-04
3.463598e+02 3.198068e-04
3.467601e+02 3.262226e-04
3.471604e+02 3.266172e-04
3.475607e+02 3.131669e-04
3.479610e+02 2.877065e-04
3.483613e+02 2.633362e-04
3.487616e+02 2.519487e-04
3.491619e+02 2.549938e-04
3.495622e+02 2.688058e-04
3.499625e+02 2.883247e-04
3.503628e+02 3.065993e-04
3.507631e+02 3.195451e-04
3.511634e+02 3.282422e-04
3.515637e+02 3.339663e-04
3.519640e+02 3.370372e-04
3.523643e+02 3.395659e-04
3.527646e+02 3.423052e-04
3.531649e+02 3.408937e-04
3.535652e+02 3.283032e-04
3.539655e+02 3.030680e-04
3.543658e+02 2.758657e-04
3.547661e+02 2.604400e-04
3.551664e+02 2.600905e-04
3.555667e+02 2.690451e-04
3.559670e+02 2.808615e-04
3.563673e+02 2.919006e-04
3.567676e+02 3.013626e-04
3.571679e+02 3.104204e-04
3.575682e+02 3.203227e-04
3.579685e+02 3.307688e-04
3.583688e+02 3.393064e-04
3.587691e+02 3.415252e-04
3.591694e+02 3.335573e-04
3.595697e+02 3.159880e-04
3.599700e+02 2.964810e-04
3.603703e+02 2.860828e-04
3.607706e+02 2.877366e-04
3.611709e+02 2.937931e-04
3.615712e+02 2.976298e-04
3.619715e+02 2.996189e-04
3.623718e+02 3.017416e-04
3.627721e+02 3.039318e-04
3.631724e+02 3.055154e-04
3.635727e+02 3.068953e-04
3.639730e+02 3.098696e-04
3.643733e+02 3.151015e-04
3.647736e+02 3.192209e-04
3.651739e+02 3.160002e-04
3.655742e+02 3.013102e-04
3.659745e+02 2.782409e-04
3.663748e+02 2.572947e-04
3.667751e+02 2.479840e-04
3.671754e+02 2.508123e-04
3.675757e+02 2.599227e-04
3.679760e+02 2.704586e-04
3.683763e+02 2.807705e-04
3.687766e+02 2.908550e-04
3.691769e+02 3.015632e-04
3.695772e+02 3.132964e-04
3.699775e+02 3.245120e-04
3.703778e+02 3.325863e-04
3.707781e+02 3.351601e-04
3.711784e+02 3.286929e-04
3.715787e+02 3.098842e-04
3.719790e+02 2.825910e-04
3.723793e+02 2.589575e-04
3.727796e+02 2.490817e-04
3.731799e+02 2.531539e-04
3.735802e+02 2.647661e-04
3.739805e+02 2.772582e-04
3.743808e+02 2.867650e-04
3.747811e+02 2.929703e-04
3.751814e+02 2.976014e-04
3.755817e+02 3.021700e-04
3.759820e+02 3.082828e-04
3.763823e+02 3.164670e-04
3.767826e+02 3.231617e-04
3.771829e+02 3.223426e-04
3.775832e+02 3.108908e-04
3.779835e+02 2.919852e-04
3.783838e+02 2.753130e-04
3.787841e+02 2.707145e-04
3.791844e+02 2.793825e-04
3.795847e+02 2.940713e-04
3.799850e+02 3.068609e-04
3.803853e+02 3.135002e-04
3.807856e+02 3.139965e-04
3.811859e+02 3.127998e-04
3.815862e+02 3.156834e-04
3.819865e+02 3.238787e-04
3.823868e+02 3.328447e-04
3.827871e+02 3.367688e-04
3.831874e+02 3.323734e-04
3.835877e+02 3.196331e-04
3.839880e+02 3.020548e-04
3.843883e+02 2.862085e-04
3.847886e+02 2.773062e-04
3.851889e+02 2.751929e-04
3.855892e+02 2.765255e-04
3.859895e+02 2.793876e-04
3.863898e+02 2.842253e-04
3.867901e+02 2.911167e-04
3.871904e+02 2.976281e-04
3.875907e+02 3.009883e-04
3.879910e+02 3.019998e-04
3.883913e+02 3.035069e-04
3.887916e+02 3.051677e-04
3.891919e+02 3.022375e-04
3.895922e+02 2.908511e-04
3.899925e+02 2.737176e-04
3.903928e+02 2.593887e-04
3.907931e+02 2.550938e-04
3.911934e+02 2.605968e-04
3.915937e+02 2.696750e-04
3.919940e+02 2.766627e-04
3.923943e+02 2.806357e-04
3.927946e+02 2.841849e-04
3.931949e+02 2.898914e-04
3.935952e+02 2.982405e-04
3.939955e+02 3.076846e-04
3.943958e+02 3.150458e-04
3.947961e+02 3.169427e-04
3.951964e+02 3.115373e-04
3.955967e+02 2.998118e-04
3.959970e+02 2.864291e-04
3.963973e+02 2.775712e-04
3.967976e+02 2.755992e-04
3.971979e+02 2.773332e-04
3.975982e+02 2.784671e-04
3.979985e+02 2.779789e-04
3.983988e+02 2.781968e-04
3.987991e+02 2.818949e-04
3.991994e+02 2.897420e-04
3.995997e+02 3.002724e-04
4.000000e+02 3.119168e-04
