1.000000e-01 0.000000e+00
5.003003e-01 0.000000e+00
9.006006e-01 1.489381e+09
1.300901e+00 8.784683e+10
1.701201e+00 5.975179e+08
2.101502e+00 2.984012e+08
2.501802e+00 6.350862e+11
2.902102e+00 1.814854e+08
3.302402e+00 2.617085e+08
3.702703e+00 3.267236e+10
4.103003e+00 4.874995e+08
4.503303e+00 1.846341e+08
4.903604e+00 3.629466e+10
5.303904e+00 2.714082e+08
5.704204e+00 1.130246e+08
6.104505e+00 7.129294e+09
6.504805e+00 6.790753e+08
6.905105e+00 1.137027e+08
7.305405e+00 7.066044e+08
7.705706e+00 8.558212e+08
8.106006e+00 8.521029e+07
8.506306e+00 2.309269e+09
8.906607e+00 2.679147e+11
9.306907e+00 8.075363e+07
9.707207e+00 1.074452e+09
1.010751e+01 2.445434e+11
1.050781e+01 7.914462e+07
1.090811e+01 1.303590e+08
1.130841e+01 7.001525e+10
1.170871e+01 8.217644e+07
1.210901e+01 4.193938e+08
1.250931e+01 2.236152e+10
1.290961e+01 1.022741e+08
1.330991e+01 3.093025e+08
1.371021e+01 2.326888e+10
1.411051e+01 1.611674e+08
1.451081e+01 5.763237e+07
1.491111e+01 9.793043e+09
1.531141e+01 2.656930e+09
1.571171e+01 1.167883e+08
1.611201e+01 1.819071e+09
1.651231e+01 3.594830e+10
1.691261e+01 1.161384e+08
1.731291e+01 2.578557e+09
1.771321e+01 3.356236e+10
1.811351e+01 3.729365e+07
1.851381e+01 1.987138e+09
1.891411e+01 2.609623e+10
1.931441e+01 5.078323e+07
1.971471e+01 4.866417e+08
2.011502e+01 1.368380e+10
2.051532e+01 6.629702e+07
2.091562e+01 4.246266e+08
2.131592e+01 5.868790e+09
2.171622e+01 3.907751e+08
2.211652e+01 4.724902e+08
2.251682e+01 3.873357e+09
2.291712e+01 5.305471e+09
2.331742e+01 1.713727e+08
2.371772e+01 2.529609e+09
2.411802e+01 8.529296e+09
2.451832e+01 9.996423e+07
2.491862e+01 1.221334e+09
2.531892e+01 6.106596e+09
2.571922e+01 1.309377e+08
2.611952e+01 7.741999e+08
2.651982e+01 4.589466e+09
2.692012e+01 6.861586e+07
2.732042e+01 6.029697e+08
2.772072e+01 3.774229e+09
2.812102e+01 5.916513e+07
2.852132e+01 3.423279e+08
2.892162e+01 2.526671e+09
2.932192e+01 6.425733e+08
2.972222e+01 1.991090e+08
3.012252e+01 1.292153e+09
3.052282e+01 1.943800e+09
3.092312e+01 1.596168e+08
3.132342e+01 7.374170e+08
3.172372e+01 2.194057e+09
3.212402e+01 1.084177e+08
3.252432e+01 5.756019e+08
3.292462e+01 1.719566e+09
3.332492e+01 6.421902e+07
3.372523e+01 3.845418e+08
3.412553e+01 1.196756e+09
3.452583e+01 5.307575e+07
3.492613e+01 2.043813e+08
3.532643e+01 8.300104e+08
3.572673e+01 1.102367e+08
3.612703e+01 1.412470e+08
3.652733e+01 6.378378e+08
3.692763e+01 3.657795e+08
3.732793e+01 1.169468e+08
3.772823e+01 4.743048e+08
3.812853e+01 5.502518e+08
3.852883e+01 7.278183e+07
3.892913e+01 2.915202e+08
3.932943e+01 5.177901e+08
3.972973e+01 4.270083e+07
4.013003e+01 1.690604e+08
4.053033e+01 4.145559e+08
4.093063e+01 3.653300e+07
4.133093e+01 1.235654e+08
4.173123e+01 3.247829e+08
4.213153e+01 3.916644e+07
4.253183e+01 9.267848e+07
4.293213e+01 2.417257e+08
4.333243e+01 7.237945e+07
4.373273e+01 5.599849e+07
4.413303e+01 1.702966e+08
4.453333e+01 1.397569e+08
4.493363e+01 3.582315e+07
4.533393e+01 1.228914e+08
4.573423e+01 1.607765e+08
4.613453e+01 2.977439e+07
4.653483e+01 9.243504e+07
4.693514e+01 1.389572e+08
4.733544e+01 2.155017e+07
4.773574e+01 6.453812e+07
4.813604e+01 1.069901e+08
4.853634e+01 1.465134e+07
4.893664e+01 4.059524e+07
4.933694e+01 8.255845e+07
4.973724e+01 2.073238e+07
5.013754e+01 2.746633e+07
5.053784e+01 6.438259e+07
5.093814e+01 3.448948e+07
5.133844e+01 2.103206e+07
5.173874e+01 4.934615e+07
5.213904e+01 4.551846e+07
5.253934e+01 1.471954e+07
5.293964e+01 3.637001e+07
5.333994e+01 4.444837e+07
5.374024e+01 9.494565e+06
5.414054e+01 2.608071e+07
5.454084e+01 3.819231e+07
5.494114e+01 7.515233e+06
5.534144e+01 1.907689e+07
5.574174e+01 3.002743e+07
5.614204e+01 7.544209e+06
5.654234e+01 1.405994e+07
5.694264e+01 2.281721e+07
5.734294e+01 9.671566e+06
5.774324e+01 9.694823e+06
5.814354e+01 1.748214e+07
5.854384e+01 1.237540e+07
5.894414e+01 6.504133e+06
5.934444e+01 1.352048e+07
5.974474e+01 1.417147e+07
6.014505e+01 4.811981e+06
6.054535e+01 1.039336e+07
6.094565e+01 1.284626e+07
6.134595e+01 3.702067e+06
6.174625e+01 7.855874e+06
6.214655e+01 1.048667e+07
6.254685e+01 2.931976e+06
6.294715e+01 5.774831e+06
6.334745e+01 8.283583e+06
6.374775e+01 2.956872e+06
6.414805e+01 4.192381e+06
6.454835e+01 6.499996e+06
6.494865e+01 3.827157e+06
6.534895e+01 3.097941e+06
6.574925e+01 4.994783e+06
6.614955e+01 4.260903e+06
6.654985e+01 2.265930e+06
6.695015e+01 3.827172e+06
6.735045e+01 4.212750e+06
6.775075e+01 1.604885e+06
6.815105e+01 2.953479e+06
6.855135e+01 3.670559e+06
6.895165e+01 1.224471e+06
6.935195e+01 2.270731e+06
6.975225e+01 3.021523e+06
7.015255e+01 1.152857e+06
7.055285e+01 1.728454e+06
7.095315e+01 2.360346e+06
7.135345e+01 1.193241e+06
7.175375e+01 1.295651e+06
7.215405e+01 1.827788e+06
7.255435e+01 1.331527e+06
7.295465e+01 9.569848e+05
7.335495e+01 1.431590e+06
7.375526e+01 1.349393e+06
7.415556e+01 7.095919e+05
7.455586e+01 1.113676e+06
7.495616e+01 1.272804e+06
7.535646e+01 5.467532e+05
7.575676e+01 8.559702e+05
7.615706e+01 1.067088e+06
7.655736e+01 4.456257e+05
7.695766e+01 6.606613e+05
7.735796e+01 8.599375e+05
7.775826e+01 4.206354e+05
7.815856e+01 5.095132e+05
7.855886e+01 6.818554e+05
7.895916e+01 4.274599e+05
7.935946e+01 3.893302e+05
7.975976e+01 5.338421e+05
8.016006e+01 4.503501e+05
8.056036e+01 2.957482e+05
8.096066e+01 4.127545e+05
8.136096e+01 4.215080e+05
8.176126e+01 2.260872e+05
8.216156e+01 3.214647e+05
8.256186e+01 3.754672e+05
8.296216e+01 1.810834e+05
8.336246e+01 2.517759e+05
8.376276e+01 3.125855e+05
8.416306e+01 1.558497e+05
8.456336e+01 1.948103e+05
8.496366e+01 2.519442e+05
8.536396e+01 1.519099e+05
8.576426e+01 1.504267e+05
8.616456e+01 1.975778e+05
8.656486e+01 1.469203e+05
8.696517e+01 1.166023e+05
8.736547e+01 1.548557e+05
8.776577e+01 1.438776e+05
8.816607e+01 9.075321e+04
8.856637e+01 1.215504e+05
8.896667e+01 1.297279e+05
8.936697e+01 7.169624e+04
8.976727e+01 9.470654e+04
9.016757e+01 1.124698e+05
9.056787e+01 6.050496e+04
9.096817e+01 7.354163e+04
9.136847e+01 9.173233e+04
9.176877e+01 5.378000e+04
9.216907e+01 5.762733e+04
9.256937e+01 7.360623e+04
9.296967e+01 5.177363e+04
9.336997e+01 4.500590e+04
9.377027e+01 5.821673e+04
9.417057e+01 4.849868e+04
9.457087e+01 3.508219e+04
9.497117e+01 4.564168e+04
9.537147e+01 4.549449e+04
9.577177e+01 2.795236e+04
9.617207e+01 3.564625e+04
9.657237e+01 3.950636e+04
9.697267e+01 2.291447e+04
9.737297e+01 2.794700e+04
9.777327e+01 3.348798e+04
9.817357e+01 2.008829e+04
9.857387e+01 2.193316e+04
9.897417e+01 2.722968e+04
9.937447e+01 1.803077e+04
9.977477e+01 1.709796e+04
1.001751e+02 2.175868e+04
1.005754e+02 1.715498e+04
1.009757e+02 1.345383e+04
1.013760e+02 1.714848e+04
1.017763e+02 1.558474e+04
1.021766e+02 1.069988e+04
1.025769e+02 1.349687e+04
1.029772e+02 1.409158e+04
1.033775e+02 8.737659e+03
1.037778e+02 1.060101e+04
1.041781e+02 1.201173e+04
1.045784e+02 7.339306e+03
1.049787e+02 8.305237e+03
1.053790e+02 1.003215e+04
1.057793e+02 6.588608e+03
1.061796e+02 6.507972e+03
1.065799e+02 8.084460e+03
1.069802e+02 5.936968e+03
1.073805e+02 5.140103e+03
1.077808e+02 6.460130e+03
1.081811e+02 5.525118e+03
1.085814e+02 4.077664e+03
1.089817e+02 5.100509e+03
1.093820e+02 4.907313e+03
1.097823e+02 3.282297e+03
1.101826e+02 4.015777e+03
1.105829e+02 4.337865e+03
1.109832e+02 2.755208e+03
1.113835e+02 3.153087e+03
1.117838e+02 3.633265e+03
1.121841e+02 2.362221e+03
1.125844e+02 2.481103e+03
1.129847e+02 3.004971e+03
1.133850e+02 2.139516e+03
1.137853e+02 1.957696e+03
1.141856e+02 2.416680e+03
1.145859e+02 1.910726e+03
1.149862e+02 1.546599e+03
1.153865e+02 1.925614e+03
1.157868e+02 1.751476e+03
1.161871e+02 1.248404e+03
1.165874e+02 1.522087e+03
1.169877e+02 1.525547e+03
1.173880e+02 1.021657e+03
1.177883e+02 1.198941e+03
1.181886e+02 1.322663e+03
1.185889e+02 8.743517e+02
1.189892e+02 9.455647e+02
1.193895e+02 1.098962e+03
1.197898e+02 7.566524e+02
1.201901e+02 7.445125e+02
1.205904e+02 9.016534e+02
1.209907e+02 6.868303e+02
1.213910e+02 5.902377e+02
1.217913e+02 7.230489e+02
1.221916e+02 6.080784e+02
1.225919e+02 4.721196e+02
1.229922e+02 5.765488e+02
1.233925e+02 5.463904e+02
1.237928e+02 3.856015e+02
1.241931e+02 4.556558e+02
1.245934e+02 4.701790e+02
1.249937e+02 3.202939e+02
1.253940e+02 3.601830e+02
1.257943e+02 4.021468e+02
1.261946e+02 2.778954e+02
1.265949e+02 2.838131e+02
1.269952e+02 3.311106e+02
1.273955e+02 2.419208e+02
1.277958e+02 2.250791e+02
1.281961e+02 2.709368e+02
1.285964e+02 2.180490e+02
1.289967e+02 1.796611e+02
1.293970e+02 2.168196e+02
1.297973e+02 1.910320e+02
1.301976e+02 1.448814e+02
1.305979e+02 1.729944e+02
1.309982e+02 1.694074e+02
1.313985e+02 1.202050e+02
1.317988e+02 1.368990e+02
1.321991e+02 1.437356e+02
1.325994e+02 1.009192e+02
1.329997e+02 1.082920e+02
1.334000e+02 1.218588e+02
1.338003e+02 8.836081e+01
1.342006e+02 8.592451e+01
1.346009e+02 9.988544e+01
1.350012e+02 7.668823e+01
1.354015e+02 6.822984e+01
1.358018e+02 8.128883e+01
1.362021e+02 6.875928e+01
1.366024e+02 5.508761e+01
1.370027e+02 6.517626e+01
1.374030e+02 5.949202e+01
1.378033e+02 4.479597e+01
1.382036e+02 5.190443e+01
1.386039e+02 5.206421e+01
1.390042e+02 3.771975e+01
1.394045e+02 4.129793e+01
1.398048e+02 4.389701e+01
1.402051e+02 3.181760e+01
1.406054e+02 3.267611e+01
1.410057e+02 3.677563e+01
1.414060e+02 2.797846e+01
1.418063e+02 2.607765e+01
1.422066e+02 3.011494e+01
1.426069e+02 2.422003e+01
1.430072e+02 2.083238e+01
1.434075e+02 2.441894e+01
1.438078e+02 2.144255e+01
1.442081e+02 1.699047e+01
1.446084e+02 1.960088e+01
1.450087e+02 1.846939e+01
1.454090e+02 1.394958e+01
1.458093e+02 1.564888e+01
1.462096e+02 1.592871e+01
1.466099e+02 1.182723e+01
1.470102e+02 1.244245e+01
1.474105e+02 1.333467e+01
1.478108e+02 1.005988e+01
1.482111e+02 9.911816e+00
1.486114e+02 1.111525e+01
1.490117e+02 8.799685e+00
1.494120e+02 7.938031e+00
1.498123e+02 9.061237e+00
1.502126e+02 7.612992e+00
1.506129e+02 6.415018e+00
1.510132e+02 7.372235e+00
1.514135e+02 6.684652e+00
1.518138e+02 5.270686e+00
1.522141e+02 5.901029e+00
1.526144e+02 5.689061e+00
1.530147e+02 4.370850e+00
1.534150e+02 4.727714e+00
1.538153e+02 4.876124e+00
1.542156e+02 3.719896e+00
1.546159e+02 3.764571e+00
1.550162e+02 4.046520e+00
1.554165e+02 3.173619e+00
1.558168e+02 3.029045e+00
1.562171e+02 3.375770e+00
1.566174e+02 2.782426e+00
1.570177e+02 2.436752e+00
1.574180e+02 2.734662e+00
1.578183e+02 2.377210e+00
1.582186e+02 1.986000e+00
1.586189e+02 2.227309e+00
1.590192e+02 2.078559e+00
1.594195e+02 1.641826e+00
1.598198e+02 1.780324e+00
1.602201e+02 1.749617e+00
1.606204e+02 1.370685e+00
1.610207e+02 1.437348e+00
1.614210e+02 1.497418e+00
1.618213e+02 1.179700e+00
1.622216e+02 1.148867e+00
1.626219e+02 1.233446e+00
1.630222e+02 9.995295e-01
1.634225e+02 9.262497e-01
1.638228e+02 1.022381e+00
1.642231e+02 8.747625e-01
1.646234e+02 7.516782e-01
1.650237e+02 8.273232e-01
1.654240e+02 7.407962e-01
1.658243e+02 6.138359e-01
1.662246e+02 6.720993e-01
1.666249e+02 6.428611e-01
1.670252e+02 5.161275e-01
1.674255e+02 5.415763e-01
1.678258e+02 5.392488e-01
1.682261e+02 4.285336e-01
1.686264e+02 4.328706e-01
1.690267e+02 4.519769e-01
1.694270e+02 3.686791e-01
1.698273e+02 3.502772e-01
1.702276e+02 3.740267e-01
1.706279e+02 3.120835e-01
1.710282e+02 2.809216e-01
1.714285e+02 3.068223e-01
1.718288e+02 2.714250e-01
1.722291e+02 2.334171e-01
1.726294e+02 2.517060e-01
1.730297e+02 2.303646e-01
1.734300e+02 1.883082e-01
1.738303e+02 1.996002e-01
1.742306e+02 1.950611e-01
1.746309e+02 1.609138e-01
1.750312e+02 1.645234e-01
1.754315e+02 1.646618e-01
1.758318e+02 1.331424e-01
1.762321e+02 1.297848e-01
1.766324e+02 1.364407e-01
1.770327e+02 1.156586e-01
1.774330e+02 1.081953e-01
1.778333e+02 1.146065e-01
1.782336e+02 9.735617e-02
1.786339e+02 8.483098e-02
1.790342e+02 9.106908e-02
1.794345e+02 8.344133e-02
1.798348e+02 7.262805e-02
1.802351e+02 7.627938e-02
1.806354e+02 7.075940e-02
1.810357e+02 5.835258e-02
1.814360e+02 6.039408e-02
1.818363e+02 6.005313e-02
1.822366e+02 5.092751e-02
1.826369e+02 5.122045e-02
1.830372e+02 5.155204e-02
1.834375e+02 4.233792e-02
1.838378e+02 3.995679e-02
1.842381e+02 4.204611e-02
1.846384e+02 3.666429e-02
1.850387e+02 3.370291e-02
1.854390e+02 3.505321e-02
1.858393e+02 3.073137e-02
1.862396e+02 2.689722e-02
1.866399e+02 2.842371e-02
1.870402e+02 2.661153e-02
1.874405e+02 2.328284e-02
1.878408e+02 2.420101e-02
1.882411e+02 2.298839e-02
1.886414e+02 1.933675e-02
1.890417e+02 1.954042e-02
1.894420e+02 1.945242e-02
1.898423e+02 1.647150e-02
1.902426e+02 1.605322e-02
1.906429e+02 1.631641e-02
1.910432e+02 1.417124e-02
1.914435e+02 1.347944e-02
1.918438e+02 1.399705e-02
1.922441e+02 1.239608e-02
1.926444e+02 1.139277e-02
1.930447e+02 1.188283e-02
1.934450e+02 1.085495e-02
1.938453e+02 9.586538e-03
1.942456e+02 9.821899e-03
1.946459e+02 9.040662e-03
1.950462e+02 7.638529e-03
1.954465e+02 7.807270e-03
1.958468e+02 7.713583e-03
1.962471e+02 6.792512e-03
1.966474e+02 6.802501e-03
1.970477e+02 6.745689e-03
1.974480e+02 5.853232e-03
1.978483e+02 5.675478e-03
1.982486e+02 5.827006e-03
1.986489e+02 5.146797e-03
1.990492e+02 4.762570e-03
1.994495e+02 4.827948e-03
1.998498e+02 4.254122e-03
2.002502e+02 3.779863e-03
2.006505e+02 3.980201e-03
2.010508e+02 3.816548e-03
2.014511e+02 3.434984e-03
2.018514e+02 3.475376e-03
2.022517e+02 3.306169e-03
2.026520e+02 2.976382e-03
2.030523e+02 3.064754e-03
2.034526e+02 3.001497e-03
2.038529e+02 2.566223e-03
2.042532e+02 2.467767e-03
2.046535e+02 2.469948e-03
2.050538e+02 2.214250e-03
2.054541e+02 2.141296e-03
2.058544e+02 2.192776e-03
2.062547e+02 1.946960e-03
2.066550e+02 1.767993e-03
2.070553e+02 1.859809e-03
2.074556e+02 1.817788e-03
2.078559e+02 1.694886e-03
2.082562e+02 1.678433e-03
2.086565e+02 1.518494e-03
2.090568e+02 1.320385e-03
2.094571e+02 1.343506e-03
2.098574e+02 1.383199e-03
2.102577e+02 1.347317e-03
2.106580e+02 1.419527e-03
2.110583e+02 1.427849e-03
2.114586e+02 1.220563e-03
2.118589e+02 1.112826e-03
2.122592e+02 1.158699e-03
2.126595e+02 1.194396e-03
2.130598e+02 1.246693e-03
2.134601e+02 1.250885e-03
2.138604e+02 1.069538e-03
2.142607e+02 9.321479e-04
2.146610e+02 9.615930e-04
2.150613e+02 1.000170e-03
2.154616e+02 1.040484e-03
2.158619e+02 1.102215e-03
2.162622e+02 1.045103e-03
2.166625e+02 8.993860e-04
2.170628e+02 8.579815e-04
2.174631e+02 8.752013e-04
2.178634e+02 9.014395e-04
2.182637e+02 9.781149e-04
2.186640e+02 9.857119e-04
2.190643e+02 8.591947e-04
2.194646e+02 7.956858e-04
2.198649e+02 8.152822e-04
2.202652e+02 8.550919e-04
2.206655e+02 9.262583e-04
2.210658e+02 9.787393e-04
2.214661e+02 8.986537e-04
2.218664e+02 7.924917e-04
2.222667e+02 7.992029e-04
2.226670e+02 8.700935e-04
2.230673e+02 9.268361e-04
2.234676e+02 9.412089e-04
2.238679e+02 8.861753e-04
2.242682e+02 7.956770e-04
2.246685e+02 7.733700e-04
2.250688e+02 8.066067e-04
2.254691e+02 8.542169e-04
2.258694e+02 9.026926e-04
2.262697e+02 8.953284e-04
2.266700e+02 7.890137e-04
2.270703e+02 7.094425e-04
2.274706e+02 7.143243e-04
2.278709e+02 7.544259e-04
2.282712e+02 8.092946e-04
2.286715e+02 8.566374e-04
2.290718e+02 8.158569e-04
2.294721e+02 7.394870e-04
2.298724e+02 7.292203e-04
2.302727e+02 7.567453e-04
2.306730e+02 7.928928e-04
2.310733e+02 8.302556e-04
2.314736e+02 8.069796e-04
2.318739e+02 7.306107e-04
2.322742e+02 7.082295e-04
2.326745e+02 7.313700e-04
2.330748e+02 7.704739e-04
2.334751e+02 8.423934e-04
2.338754e+02 8.794012e-04
2.342757e+02 7.926386e-04
2.346760e+02 7.009883e-04
2.350763e+02 6.947590e-04
2.354766e+02 7.377155e-04
2.358769e+02 7.970202e-04
2.362772e+02 8.308361e-04
2.366775e+02 7.723975e-04
2.370778e+02 6.839117e-04
2.374781e+02 6.688735e-04
2.378784e+02 7.010106e-04
2.382787e+02 7.448199e-04
2.386790e+02 7.781744e-04
2.390793e+02 7.496504e-04
2.394796e+02 6.690183e-04
2.398799e+02 6.338328e-04
2.402802e+02 6.673017e-04
2.406805e+02 7.294415e-04
2.410808e+02 7.996453e-04
2.414811e+02 8.302121e-04
2.418814e+02 7.708337e-04
2.422817e+02 7.120570e-04
2.426820e+02 7.330794e-04
2.430823e+02 7.726559e-04
2.434826e+02 7.972050e-04
2.438829e+02 8.090983e-04
2.442832e+02 7.660100e-04
2.446835e+02 6.933319e-04
2.450838e+02 6.760868e-04
2.454841e+02 7.079455e-04
2.458844e+02 7.486405e-04
2.462847e+02 7.936400e-04
2.466850e+02 8.165282e-04
2.470853e+02 7.719395e-04
2.474856e+02 7.195001e-04
2.478859e+02 7.054119e-04
2.482862e+02 7.158111e-04
2.486865e+02 7.470587e-04
2.490868e+02 7.358128e-04
2.494871e+02 6.565204e-04
2.498874e+02 6.042915e-04
2.502877e+02 6.334680e-04
2.506880e+02 6.982653e-04
2.510883e+02 7.591709e-04
2.514886e+02 7.916389e-04
2.518889e+02 7.584116e-04
2.522892e+02 6.932519e-04
2.526895e+02 6.824238e-04
2.530898e+02 7.196647e-04
2.534901e+02 7.779025e-04
2.538904e+02 8.378349e-04
2.542907e+02 8.260552e-04
2.546910e+02 7.359150e-04
2.550913e+02 6.791109e-04
2.554916e+02 6.920243e-04
2.558919e+02 7.354780e-04
2.562922e+02 7.969515e-04
2.566925e+02 8.283077e-04
2.570928e+02 7.815646e-04
2.574931e+02 7.277418e-04
2.578934e+02 7.319647e-04
2.582937e+02 7.663711e-04
2.586940e+02 8.014553e-04
2.590943e+02 8.059905e-04
2.594946e+02 7.457209e-04
2.598949e+02 6.579181e-04
2.602952e+02 6.290381e-04
2.606955e+02 6.641952e-04
2.610958e+02 7.325122e-04
2.614961e+02 8.148563e-04
2.618964e+02 8.444340e-04
2.622967e+02 7.859195e-04
2.626970e+02 7.312085e-04
2.630973e+02 7.370443e-04
2.634976e+02 7.620461e-04
2.638979e+02 7.817449e-04
2.642982e+02 7.763775e-04
2.646985e+02 7.209167e-04
2.650988e+02 6.607164e-04
2.654991e+02 6.514143e-04
2.658994e+02 6.800871e-04
2.662997e+02 7.306530e-04
2.667000e+02 7.700242e-04
2.671003e+02 7.445355e-04
2.675006e+02 6.877715e-04
2.679009e+02 6.784560e-04
2.683012e+02 7.189424e-04
2.687015e+02 7.707081e-04
2.691018e+02 7.970759e-04
2.695021e+02 7.677137e-04
2.699024e+02 6.923222e-04
2.703027e+02 6.429763e-04
2.707030e+02 6.542750e-04
2.711033e+02 6.990455e-04
2.715036e+02 7.519372e-04
2.719039e+02 7.782804e-04
2.723042e+02 7.509669e-04
2.727045e+02 7.100273e-04
2.731048e+02 7.101862e-04
2.735051e+02 7.474883e-04
2.739054e+02 7.899263e-04
2.743057e+02 8.043751e-04
2.747060e+02 7.675949e-04
2.751063e+02 7.016128e-04
2.755066e+02 6.666320e-04
2.759069e+02 6.754017e-04
2.763072e+02 7.094050e-04
2.767075e+02 7.547506e-04
2.771078e+02 7.694663e-04
2.775081e+02 7.350453e-04
2.779084e+02 7.103224e-04
2.783087e+02 7.218059e-04
2.787090e+02 7.406690e-04
2.791093e+02 7.671580e-04
2.795096e+02 7.898470e-04
2.799099e+02 7.616211e-04
2.803102e+02 6.981271e-04
2.807105e+02 6.681996e-04
2.811108e+02 6.898547e-04
2.815111e+02 7.436385e-04
2.819114e+02 7.935195e-04
2.823117e+02 7.851194e-04
2.827120e+02 7.236185e-04
2.831123e+02 6.849965e-04
2.835126e+02 6.974692e-04
2.839129e+02 7.360239e-04
2.843132e+02 7.733652e-04
2.847135e+02 7.726027e-04
2.851138e+02 7.166485e-04
2.855141e+02 6.569941e-04
2.859144e+02 6.535791e-04
2.863147e+02 7.041866e-04
2.867150e+02 7.649362e-04
2.871153e+02 7.871469e-04
2.875156e+02 7.561709e-04
2.879159e+02 7.084697e-04
2.883162e+02 6.867581e-04
2.887165e+02 6.974294e-04
2.891168e+02 7.312325e-04
2.895171e+02 7.608309e-04
2.899174e+02 7.404652e-04
2.903177e+02 6.798040e-04
2.907180e+02 6.465612e-04
2.911183e+02 6.672864e-04
2.915186e+02 7.224097e-04
2.919189e+02 7.782744e-04
2.923192e+02 7.905738e-04
2.927195e+02 7.483031e-04
2.931198e+02 6.994345e-04
2.935201e+02 6.897378e-04
2.939204e+02 7.128022e-04
2.943207e+02 7.442000e-04
2.947210e+02 7.584576e-04
2.951213e+02 7.302433e-04
2.955216e+02 6.859066e-04
2.959219e+02 6.798001e-04
2.963222e+02 7.143036e-04
2.967225e+02 7.621140e-04
2.971228e+02 8.010891e-04
2.975231e+02 8.014161e-04
2.979234e+02 7.537356e-04
2.983237e+02 7.033541e-04
2.987240e+02 6.933410e-04
2.991243e+02 7.195484e-04
2.995246e+02 7.534669e-04
2.999249e+02 7.573261e-04
3.003252e+02 7.134486e-04
3.007255e+02 6.643097e-04
3.011258e+02 6.646506e-04
3.015261e+02 7.148566e-04
3.019264e+02 7.729012e-04
3.023267e+02 7.940599e-04
3.027270e+02 7.648986e-04
3.031273e+02 7.139406e-04
3.035276e+02 6.849096e-04
3.039279e+02 6.943268e-04
3.043282e+02 7.264425e-04
3.047285e+02 7.563285e-04
3.051288e+02 7.537848e-04
3.055291e+02 7.106886e-04
3.059294e+02 6.727758e-04
3.063297e+02 6.812288e-04
3.067300e+02 7.261473e-04
3.071303e+02 7.768200e-04
3.075306e+02 8.012533e-04
3.079309e+02 7.802868e-04
3.083312e+02 7.363173e-04
3.087315e+02 7.124129e-04
3.091318e+02 7.231485e-04
3.095321e+02 7.542668e-04
3.099324e+02 7.748463e-04
3.103327e+02 7.539569e-04
3.107330e+02 7.057097e-04
3.111333e+02 6.818672e-04
3.115336e+02 7.043382e-04
3.119339e+02 7.534324e-04
3.123342e+02 7.971327e-04
3.127345e+02 8.020879e-04
3.131348e+02 7.615066e-04
3.135351e+02 7.192628e-04
3.139354e+02 7.211679e-04
3.143357e+02 7.606200e-04
3.147360e+02 7.941785e-04
3.151363e+02 7.851259e-04
3.155366e+02 7.323310e-04
3.159369e+02 6.750777e-04
3.163372e+02 6.578982e-04
3.167375e+02 6.867990e-04
3.171378e+02 7.363697e-04
3.175381e+02 7.725886e-04
3.179384e+02 7.661527e-04
3.183387e+02 7.246590e-04
3.187390e+02 6.931715e-04
3.191393e+02 7.005759e-04
3.195396e+02 7.354888e-04
3.199399e+02 7.643584e-04
3.203402e+02 7.561551e-04
3.207405e+02 7.123725e-04
3.211408e+02 6.717637e-04
3.215411e+02 6.701450e-04
3.219414e+02 7.081746e-04
3.223417e+02 7.556187e-04
3.227420e+02 7.737757e-04
3.231423e+02 7.477603e-04
3.235426e+02 7.071232e-04
3.239429e+02 6.987735e-04
3.243432e+02 7.333727e-04
3.247435e+02 7.814750e-04
3.251438e+02 8.036895e-04
3.255441e+02 7.749712e-04
3.259444e+02 7.139683e-04
3.263447e+02 6.750935e-04
3.267450e+02 6.888014e-04
3.271453e+02 7.339901e-04
3.275456e+02 7.675020e-04
3.279459e+02 7.616533e-04
3.283462e+02 7.232913e-04
3.287465e+02 6.880515e-04
3.291468e+02 6.860132e-04
3.295471e+02 7.144784e-04
3.299474e+02 7.496038e-04
3.303477e+02 7.615574e-04
3.307480e+02 7.301519e-04
3.311483e+02 6.781898e-04
3.315486e+02 6.562862e-04
3.319489e+02 6.803694e-04
3.323492e+02 7.240097e-04
3.327495e+02 7.542541e-04
3.331498e+02 7.522661e-04
3.335502e+02 7.267742e-04
3.339505e+02 7.111404e-04
3.343508e+02 7.278829e-04
3.347511e+02 7.664420e-04
3.351514e+02 7.949950e-04
3.355517e+02 7.829600e-04
3.359520e+02 7.325295e-04
3.363523e+02 6.865445e-04
3.367526e+02 6.810507e-04
3.371529e+02 7.102523e-04
3.375532e+02 7.471671e-04
3.379535e+02 7.664894e-04
3.383538e+02 7.553228e-04
3.387541e+02 7.286785e-04
3.391544e+02 7.168668e-04
3.395547e+02 7.290012e-04
3.399550e+02 7.496139e-04
3.403553e+02 7.572695e-04
3.407556e+02 7.351484e-04
3.411559e+02 6.903147e-04
3.415562e+02 6.584038e-04
3.419565e+02 6.663066e-04
3.423568e+02 7.056908e-04
3.427571e+02 7.446852e-04
3.431574e+02 7.514607e-04
3.435577e+02 7.213037e-04
3.439580e+02 6.868198e-04
3.443583e+02 6.843268e-04
3.447586e+02 7.154790e-04
3.451589e+02 7.518213e-04
3.455592e+02 7.609409e-04
3.459595e+02 7.301061e-04
3.463598e+02 6.825322e-04
3.467601e+02 6.606686e-04
3.471604e+02 6.817218e-04
3.475607e+02 7.240705e-04
3.479610e+02 7.538649e-04
3.483613e+02 7.506367e-04
3.487616e+02 7.212427e-04
3.491619e+02 6.960597e-04
3.495622e+02 6.997132e-04
3.499625e+02 7.291743e-04
3.503628e+02 7.607952e-04
3.507631e+02 7.679634e-04
3.511634e+02 7.425210e-04
3.515637e+02 7.093689e-04
3.519640e+02 7.052691e-04
3.523643e+02 7.399660e-04
3.527646e+02 7.882464e-04
3.531649e+02 8.130056e-04
3.535652e+02 7.961302e-04
3.539655e+02 7.580327e-04
3.543658e+02 7.380737e-04
3.547661e+02 7.509772e-04
3.551664e+02 7.775468e-04
3.555667e+02 7.901667e-04
3.559670e+02 7.718968e-04
3.563673e+02 7.296364e-04
3.567676e+02 6.969358e-04
3.571679e+02 7.021272e-04
3.575682e+02 7.379119e-04
3.579685e+02 7.734639e-04
3.583688e+02 7.811466e-04
3.587691e+02 7.556610e-04
3.591694e+02 7.213755e-04
3.595697e+02 7.085603e-04
3.599700e+02 7.220470e-04
3.603703e+02 7.444072e-04
3.607706e+02 7.551060e-04
3.611709e+02 7.414364e-04
3.615712e+02 7.099650e-04
3.619715e+02 6.862560e-04
3.623718e+02 6.894986e-04
3.627721e+02 7.145199e-04
3.631724e+02 7.413209e-04
3.635727e+02 7.513431e-04
3.639730e+02 7.412774e-04
3.643733e+02 7.276561e-04
3.647736e+02 7.282901e-04
3.651739e+02 7.425549e-04
3.655742e+02 7.556367e-04
3.659745e+02 7.525815e-04
3.663748e+02 7.303815e-04
3.667751e+02 7.054594e-04
3.671754e+02 7.012918e-04
3.675757e+02 7.237984e-04
3.679760e+02 7.569650e-04
3.683763e+02 7.775157e-04
3.687766e+02 7.740284e-04
3.691769e+02 7.559786e-04
3.695772e+02 7.429240e-04
3.699775e+02 7.478776e-04
3.703778e+02 7.689091e-04
3.707781e+02 7.686789e-04
3.711784e+02 7.497768e-04
3.715787e+02 7.131406e-04
3.719790e+02 6.819020e-04
3.723793e+02 6.781343e-04
3.727796e+02 7.013897e-04
3.731799e+02 7.352989e-04
3.735802e+02 7.512305e-04
3.739805e+02 7.480232e-04
3.743808e+02 7.363372e-04
3.747811e+02 7.337735e-04
3.751814e+02 7.480472e-04
3.755817e+02 7.740450e-04
3.759820e+02 7.788520e-04
3.763823e+02 7.655977e-04
3.767826e+02 7.404928e-04
3.771829e+02 7.129731e-04
3.775832e+02 7.099652e-04
3.779835e+02 7.259163e-04
3.783838e+02 7.429270e-04
3.787841e+02 7.450144e-04
3.791844e+02 7.301830e-04
3.795847e+02 7.135968e-04
3.799850e+02 7.067149e-04
3.803853e+02 7.167961e-04
3.807856e+02 7.320583e-04
3.811859e+02 7.378005e-04
3.815862e+02 7.259862e-04
3.819865e+02 7.081503e-04
3.823868e+02 6.958588e-04
3.827871e+02 7.096725e-04
3.831874e+02 7.384101e-04
3.835877e+02 7.591294e-04
3.839880e+02 7.600700e-04
3.843883e+02 7.515664e-04
3.847886e+02 7.345613e-04
3.851889e+02 7.383394e-04
3.855892e+02 7.560673e-04
3.859895e+02 7.689052e-04
3.863898e+02 7.612666e-04
3.867901e+02 7.342102e-04
3.871904e+02 7.089459e-04
3.875907e+02 7.020751e-04
3.879910e+02 7.227528e-04
3.883913e+02 7.541946e-04
3.887916e+02 7.645534e-04
3.891919e+02 7.517689e-04
3.895922e+02 7.266396e-04
3.899925e+02 7.081102e-04
3.903928e+02 7.055603e-04
3.907931e+02 7.174256e-04
3.911934e+02 7.230547e-04
3.915937e+02 7.222086e-04
3.919940e+02 7.138168e-04
3.923943e+02 7.100005e-04
3.927946e+02 7.216151e-04
3.931949e+02 7.450258e-04
3.935952e+02 7.663761e-04
3.939955e+02 7.684051e-04
3.943958e+02 7.539162e-04
3.947961e+02 7.345328e-04
3.951964e+02 7.269345e-04
3.955967e+02 7.374156e-04
3.959970e+02 7.582950e-04
3.963973e+02 7.651817e-04
3.967976e+02 7.547270e-04
3.971979e+02 7.347616e-04
3.975982e+02 7.240076e-04
3.979985e+02 7.333752e-04
3.983988e+02 7.574345e-04
3.987991e+02 7.649710e-04
3.991994e+02 7.585906e-04
3.995997e+02 7.413673e-04
4.000000e+02 7.277806e-04
