1.000000e-01 0.000000e+00
5.003003e-01 0.000000e+00
9.006006e-01 8.830321e+08
1.300901e+00 2.905928e+09
1.701201e+00 1.233577e+10
2.101502e+00 6.197494e+08
2.501802e+00 2.874568e+08
2.902102e+00 6.531350e+08
3.302402e+00 8.234944e+08
3.702703e+00 1.444929e+08
4.103003e+00 1.864055e+08
4.503303e+00 1.192892e+09
4.903604e+00 2.834045e+09
5.303904e+00 2.163450e+08
5.704204e+00 1.524646e+08
6.104505e+00 1.793456e+10
6.504805e+00 6.476595e+08
6.905105e+00 9.451110e+07
7.305405e+00 1.140146e+08
7.705706e+00 1.343679e+10
8.106006e+00 9.063527e+08
8.506306e+00 8.843724e+07
8.906607e+00 1.519768e+08
9.306907e+00 2.718188e+10
9.707207e+00 3.660245e+08
1.010751e+01 5.756021e+07
1.050781e+01 2.548241e+08
1.090811e+01 2.824657e+10
1.130841e+01 3.486387e+08
1.170871e+01 4.588571e+07
1.210901e+01 8.965640e+08
1.250931e+01 1.893543e+10
1.290961e+01 1.862266e+08
1.330991e+01 5.424051e+07
1.371021e+01 2.124486e+08
1.411051e+01 2.553158e+10
1.451081e+01 1.547111e+08
1.491111e+01 2.864381e+07
1.531141e+01 1.774336e+09
1.571171e+01 1.362079e+10
1.611201e+01 9.083874e+07
1.651231e+01 1.082281e+08
1.691261e+01 4.067100e+08
1.731291e+01 1.765450e+10
1.771321e+01 8.258001e+07
1.811351e+01 4.283631e+07
1.851381e+01 1.619139e+09
1.891411e+01 9.352440e+09
1.931441e+01 4.859223e+07
1.971471e+01 1.294012e+08
2.011502e+01 7.967629e+08
2.051532e+01 1.035542e+10
2.091562e+01 5.881267e+07
2.131592e+01 1.190940e+08
2.171622e+01 1.027103e+09
2.211652e+01 5.584661e+09
2.251682e+01 3.999793e+07
2.291712e+01 8.797071e+07
2.331742e+01 8.855749e+08
2.371772e+01 5.162259e+09
2.411802e+01 4.374516e+07
2.451832e+01 1.664629e+08
2.491862e+01 6.161249e+08
2.531892e+01 3.176059e+09
2.571922e+01 4.406831e+07
2.611952e+01 6.591993e+07
2.651982e+01 6.845366e+08
2.692012e+01 2.431750e+09
2.732042e+01 3.517404e+07
2.772072e+01 1.419324e+08
2.812102e+01 4.166244e+08
2.852132e+01 1.766780e+09
2.892162e+01 3.994238e+07
2.932192e+01 7.013724e+07
2.972222e+01 4.284846e+08
3.012252e+01 1.154672e+09
3.052282e+01 3.401041e+07
3.092312e+01 9.111382e+07
3.132342e+01 3.012703e+08
3.172372e+01 9.586233e+08
3.212402e+01 2.927200e+07
3.252432e+01 6.872859e+07
3.292462e+01 2.441304e+08
3.332492e+01 5.677035e+08
3.372523e+01 3.077129e+07
3.412553e+01 5.414982e+07
3.452583e+01 2.105236e+08
3.492613e+01 5.078820e+08
3.532643e+01 2.078870e+07
3.572673e+01 5.349179e+07
3.612703e+01 1.390534e+08
3.652733e+01 2.909379e+08
3.692763e+01 2.322801e+07
3.732793e+01 3.531068e+07
3.772823e+01 1.373674e+08
3.812853e+01 2.638103e+08
3.852883e+01 1.590148e+07
3.892913e+01 3.432972e+07
3.932943e+01 8.279794e+07
3.972973e+01 1.547950e+08
4.013003e+01 1.499478e+07
4.053033e+01 2.515559e+07
4.093063e+01 8.351593e+07
4.133093e+01 1.351751e+08
4.173123e+01 1.230305e+07
4.213153e+01 1.978927e+07
4.253183e+01 5.080390e+07
4.293213e+01 8.436116e+07
4.333243e+01 9.225101e+06
4.373273e+01 1.762377e+07
4.413303e+01 4.763337e+07
4.453333e+01 6.910146e+07
4.493363e+01 8.681428e+06
4.533393e+01 1.126686e+07
4.573423e+01 3.104914e+07
4.613453e+01 4.620692e+07
4.653483e+01 5.897854e+06
4.693514e+01 1.145881e+07
4.733544e+01 2.591189e+07
4.773574e+01 3.569410e+07
4.813604e+01 5.490597e+06
4.853634e+01 6.764565e+06
4.893664e+01 1.854972e+07
4.933694e+01 2.514002e+07
4.973724e+01 3.964238e+06
5.013754e+01 6.902550e+06
5.053784e+01 1.375441e+07
5.093814e+01 1.875184e+07
5.133844e+01 3.225278e+06
5.173874e+01 4.297221e+06
5.213904e+01 1.075251e+07
5.253934e+01 1.356707e+07
5.293964e+01 2.653766e+06
5.333994e+01 3.947906e+06
5.374024e+01 7.310281e+06
5.414054e+01 9.980091e+06
5.454084e+01 1.866447e+06
5.494114e+01 2.782496e+06
5.534144e+01 6.029303e+06
5.574174e+01 7.311439e+06
5.614204e+01 1.695897e+06
5.654234e+01 2.214072e+06
5.694264e+01 3.963717e+06
5.734294e+01 5.336539e+06
5.774324e+01 1.112982e+06
5.814354e+01 1.772970e+06
5.854384e+01 3.284833e+06
5.894414e+01 3.955998e+06
5.934444e+01 1.023032e+06
5.974474e+01 1.251920e+06
6.014505e+01 2.196355e+06
6.054535e+01 2.857644e+06
6.094565e+01 6.858448e+05
6.134595e+01 1.090116e+06
6.174625e+01 1.758608e+06
6.214655e+01 2.147693e+06
6.254685e+01 5.912377e+05
6.294715e+01 7.258019e+05
6.334745e+01 1.229767e+06
6.374775e+01 1.535089e+06
6.414805e+01 4.279394e+05
6.454835e+01 6.422212e+05
6.494865e+01 9.388683e+05
6.534895e+01 1.165734e+06
6.574925e+01 3.352757e+05
6.614955e+01 4.313635e+05
6.654985e+01 6.863053e+05
6.695015e+01 8.298266e+05
6.735045e+01 2.637563e+05
6.775075e+01 3.644342e+05
6.815105e+01 5.058428e+05
6.855135e+01 6.305083e+05
6.895165e+01 1.911458e+05
6.935195e+01 2.584185e+05
6.975225e+01 3.792339e+05
7.015255e+01 4.521046e+05
7.055285e+01 1.584176e+05
7.095315e+01 2.024909e+05
7.135345e+01 2.759427e+05
7.175375e+01 3.396989e+05
7.215405e+01 1.111234e+05
7.255435e+01 1.527272e+05
7.295465e+01 2.079227e+05
7.335495e+01 2.477763e+05
7.375526e+01 9.237045e+04
7.415556e+01 1.121759e+05
7.455586e+01 1.517104e+05
7.495616e+01 1.828721e+05
7.535646e+01 6.595452e+04
7.575676e+01 8.809295e+04
7.615706e+01 1.137937e+05
7.655736e+01 1.359832e+05
7.695766e+01 5.264565e+04
7.735796e+01 6.265480e+04
7.775826e+01 8.357840e+04
7.815856e+01 9.880721e+04
7.855886e+01 3.950032e+04
7.895916e+01 4.961422e+04
7.935946e+01 6.244039e+04
7.975976e+01 7.441754e+04
8.016006e+01 2.975720e+04
8.056036e+01 3.531163e+04
8.096066e+01 4.599911e+04
8.136096e+01 5.374809e+04
8.176126e+01 2.347287e+04
8.216156e+01 2.748810e+04
8.256186e+01 3.439504e+04
8.296216e+01 4.052613e+04
8.336246e+01 1.694801e+04
8.376276e+01 1.996836e+04
8.416306e+01 2.528179e+04
8.456336e+01 2.944868e+04
8.496366e+01 1.368813e+04
8.536396e+01 1.513225e+04
8.576426e+01 1.899717e+04
8.616456e+01 2.198718e+04
8.656486e+01 9.773548e+03
8.696517e+01 1.125125e+04
8.736547e+01 1.390597e+04
8.776577e+01 1.621323e+04
8.816607e+01 7.833423e+03
8.856637e+01 8.347411e+03
8.896667e+01 1.049163e+04
8.936697e+01 1.192463e+04
8.976727e+01 5.674712e+03
9.016757e+01 6.290408e+03
9.056787e+01 7.675341e+03
9.096817e+01 8.931816e+03
9.136847e+01 4.431542e+03
9.176877e+01 4.632741e+03
9.216907e+01 5.780048e+03
9.256937e+01 6.493724e+03
9.296967e+01 3.286394e+03
9.336997e+01 3.490786e+03
9.377027e+01 4.255434e+03
9.417057e+01 4.905647e+03
9.457087e+01 2.498033e+03
9.497117e+01 2.583505e+03
9.537147e+01 3.177309e+03
9.577177e+01 3.558531e+03
9.617207e+01 1.887362e+03
9.657237e+01 1.930931e+03
9.697267e+01 2.365704e+03
9.737297e+01 2.684113e+03
9.777327e+01 1.409925e+03
9.817357e+01 1.441495e+03
9.857387e+01 1.747656e+03
9.897417e+01 1.961046e+03
9.937447e+01 1.072421e+03
9.977477e+01 1.069687e+03
1.001751e+02 1.314269e+03
1.005754e+02 1.465925e+03
1.009757e+02 7.972884e+02
1.013760e+02 8.016120e+02
1.017763e+02 9.640945e+02
1.021766e+02 1.082647e+03
1.025769e+02 6.037266e+02
1.029772e+02 5.949032e+02
1.033775e+02 7.281892e+02
1.037778e+02 8.020854e+02
1.041781e+02 4.515357e+02
1.045784e+02 4.447199e+02
1.049787e+02 5.346442e+02
1.053790e+02 5.974369e+02
1.057793e+02 3.378995e+02
1.061796e+02 3.316998e+02
1.065799e+02 4.023175e+02
1.069802e+02 4.404058e+02
1.073805e+02 2.552477e+02
1.077808e+02 2.463870e+02
1.081811e+02 2.971887e+02
1.085814e+02 3.286735e+02
1.089817e+02 1.887857e+02
1.093820e+02 1.848656e+02
1.097823e+02 2.220379e+02
1.101826e+02 2.426609e+02
1.105829e+02 1.436320e+02
1.109832e+02 1.369075e+02
1.113835e+02 1.655904e+02
1.117838e+02 1.805449e+02
1.121841e+02 1.056504e+02
1.125844e+02 1.028582e+02
1.129847e+02 1.227055e+02
1.133850e+02 1.339536e+02
1.137853e+02 8.034028e+01
1.141856e+02 7.616892e+01
1.145859e+02 9.198610e+01
1.149862e+02 9.909109e+01
1.153865e+02 5.925019e+01
1.157868e+02 5.712089e+01
1.161871e+02 6.798773e+01
1.165874e+02 7.394779e+01
1.169877e+02 4.483699e+01
1.173880e+02 4.254970e+01
1.177883e+02 5.116198e+01
1.181886e+02 5.448559e+01
1.185889e+02 3.322788e+01
1.189892e+02 3.171661e+01
1.193895e+02 3.779005e+01
1.197898e+02 4.075002e+01
1.201901e+02 2.494989e+01
1.205904e+02 2.373376e+01
1.209907e+02 2.835629e+01
1.213910e+02 3.000643e+01
1.217913e+02 1.860989e+01
1.221916e+02 1.763793e+01
1.225919e+02 2.105168e+01
1.229922e+02 2.243878e+01
1.233925e+02 1.395231e+01
1.237928e+02 1.324823e+01
1.241931e+02 1.572770e+01
1.245934e+02 1.653713e+01
1.249937e+02 1.038846e+01
1.253940e+02 9.825558e+00
1.257943e+02 1.173395e+01
1.261946e+02 1.233666e+01
1.265949e+02 7.793378e+00
1.269952e+02 7.389852e+00
1.273955e+02 8.737438e+00
1.277958e+02 9.128962e+00
1.281961e+02 5.794442e+00
1.285964e+02 5.485152e+00
1.289967e+02 6.530840e+00
1.293970e+02 6.784753e+00
1.297973e+02 4.354494e+00
1.301976e+02 4.106535e+00
1.305979e+02 4.849214e+00
1.309982e+02 5.018633e+00
1.313985e+02 3.226415e+00
1.317988e+02 3.065290e+00
1.321991e+02 3.633702e+00
1.325994e+02 3.741594e+00
1.329997e+02 2.439419e+00
1.334000e+02 2.288359e+00
1.338003e+02 2.704667e+00
1.342006e+02 2.767540e+00
1.346009e+02 1.798755e+00
1.350012e+02 1.710139e+00
1.354015e+02 2.013338e+00
1.358018e+02 2.053845e+00
1.362021e+02 1.354312e+00
1.366024e+02 1.271337e+00
1.370027e+02 1.497515e+00
1.374030e+02 1.515722e+00
1.378033e+02 1.002715e+00
1.382036e+02 9.553488e-01
1.386039e+02 1.121444e+00
1.390042e+02 1.139984e+00
1.394045e+02 7.645676e-01
1.398048e+02 7.189441e-01
1.402051e+02 8.431301e-01
1.406054e+02 8.397431e-01
1.410057e+02 5.602465e-01
1.414060e+02 5.307817e-01
1.418063e+02 6.208974e-01
1.422066e+02 6.237936e-01
1.426069e+02 4.196346e-01
1.430072e+02 3.933274e-01
1.434075e+02 4.581014e-01
1.438078e+02 4.567865e-01
1.442081e+02 3.119877e-01
1.446084e+02 2.962048e-01
1.450087e+02 3.460332e-01
1.454090e+02 3.452072e-01
1.458093e+02 2.353148e-01
1.462096e+02 2.221773e-01
1.466099e+02 2.577183e-01
1.470102e+02 2.535809e-01
1.474105e+02 1.741322e-01
1.478108e+02 1.646601e-01
1.482111e+02 1.916270e-01
1.486114e+02 1.897075e-01
1.490117e+02 1.305644e-01
1.494120e+02 1.215709e-01
1.498123e+02 1.396489e-01
1.502126e+02 1.385384e-01
1.506129e+02 9.738745e-02
1.510132e+02 9.253661e-02
1.514135e+02 1.070033e-01
1.518138e+02 1.047752e-01
1.522141e+02 7.282980e-02
1.526144e+02 6.936018e-02
1.530147e+02 8.059833e-02
1.534150e+02 7.855779e-02
1.538153e+02 5.484334e-02
1.542156e+02 5.163276e-02
1.546159e+02 5.922536e-02
1.550162e+02 5.822165e-02
1.554165e+02 4.100483e-02
1.558168e+02 3.777337e-02
1.562171e+02 4.309264e-02
1.566174e+02 4.269538e-02
1.570177e+02 3.082863e-02
1.574180e+02 2.900775e-02
1.578183e+02 3.288890e-02
1.582186e+02 3.219971e-02
1.586189e+02 2.356386e-02
1.590192e+02 2.199817e-02
1.594195e+02 2.491723e-02
1.598198e+02 2.444676e-02
1.602201e+02 1.760429e-02
1.606204e+02 1.644700e-02
1.610207e+02 1.846227e-02
1.614210e+02 1.805329e-02
1.618213e+02 1.311723e-02
1.622216e+02 1.221505e-02
1.626219e+02 1.383808e-02
1.630222e+02 1.349304e-02
1.634225e+02 9.902334e-03
1.638228e+02 9.221578e-03
1.642231e+02 1.031193e-02
1.646234e+02 1.020815e-02
1.650237e+02 7.831400e-03
1.654240e+02 7.273076e-03
1.658243e+02 8.033277e-03
1.662246e+02 7.846238e-03
1.666249e+02 5.870785e-03
1.670252e+02 5.535265e-03
1.674255e+02 6.085610e-03
1.678258e+02 5.877881e-03
1.682261e+02 4.482828e-03
1.686264e+02 4.298815e-03
1.690267e+02 4.739557e-03
1.694270e+02 4.462700e-03
1.698273e+02 3.383029e-03
1.702276e+02 3.236521e-03
1.706279e+02 3.589239e-03
1.710282e+02 3.501887e-03
1.714285e+02 2.760792e-03
1.718288e+02 2.605628e-03
1.722291e+02 2.883424e-03
1.726294e+02 2.759073e-03
1.730297e+02 2.092170e-03
1.734300e+02 2.060859e-03
1.738303e+02 2.259726e-03
1.742306e+02 2.199930e-03
1.746309e+02 1.874265e-03
1.750312e+02 1.885919e-03
1.754315e+02 2.082783e-03
1.758318e+02 1.922541e-03
1.762321e+02 1.479808e-03
1.766324e+02 1.515647e-03
1.770327e+02 1.652739e-03
1.774330e+02 1.586259e-03
1.778333e+02 1.356008e-03
1.782336e+02 1.331781e-03
1.786339e+02 1.463753e-03
1.790342e+02 1.371151e-03
1.794345e+02 1.060184e-03
1.798348e+02 1.065789e-03
1.802351e+02 1.179368e-03
1.806354e+02 1.194955e-03
1.810357e+02 1.166078e-03
1.814360e+02 1.235549e-03
1.818363e+02 1.264365e-03
1.822366e+02 1.119580e-03
1.826369e+02 8.565206e-04
1.830372e+02 8.510329e-04
1.834375e+02 9.644924e-04
1.838378e+02 9.538189e-04
1.842381e+02 9.334229e-04
1.846384e+02 9.806011e-04
1.850387e+02 9.791135e-04
1.854390e+02 8.709597e-04
1.858393e+02 6.665329e-04
1.862396e+02 6.307256e-04
1.866399e+02 7.207570e-04
1.870402e+02 7.761906e-04
1.874405e+02 8.161289e-04
1.878408e+02 9.015058e-04
1.882411e+02 9.300310e-04
1.886414e+02 8.239113e-04
1.890417e+02 6.762401e-04
1.894420e+02 6.636935e-04
1.898423e+02 6.938611e-04
1.902426e+02 7.042175e-04
1.906429e+02 7.220269e-04
1.910432e+02 7.889460e-04
1.914435e+02 8.335754e-04
1.918438e+02 7.928188e-04
1.922441e+02 6.527563e-04
1.926444e+02 6.060552e-04
1.930447e+02 6.259802e-04
1.934450e+02 6.622024e-04
1.938453e+02 7.460706e-04
1.942456e+02 8.378331e-04
1.946459e+02 8.698551e-04
1.950462e+02 8.061338e-04
1.954465e+02 6.557537e-04
1.958468e+02 6.087479e-04
1.962471e+02 6.494727e-04
1.966474e+02 7.034042e-04
1.970477e+02 7.621704e-04
1.974480e+02 8.259421e-04
1.978483e+02 8.456921e-04
1.982486e+02 7.632025e-04
1.986489e+02 5.671978e-04
1.990492e+02 4.932911e-04
1.994495e+02 5.110334e-04
1.998498e+02 5.639699e-04
2.002502e+02 6.477394e-04
2.006505e+02 7.408775e-04
2.010508e+02 7.968820e-04
2.014511e+02 7.360774e-04
2.018514e+02 6.040955e-04
2.022517e+02 5.528238e-04
2.026520e+02 5.661775e-04
2.030523e+02 5.954919e-04
2.034526e+02 6.429881e-04
2.038529e+02 7.015402e-04
2.042532e+02 7.217777e-04
2.046535e+02 6.696560e-04
2.050538e+02 5.525830e-04
2.054541e+02 5.192527e-04
2.058544e+02 5.661434e-04
2.062547e+02 6.280482e-04
2.066550e+02 6.888752e-04
2.070553e+02 7.583834e-04
2.074556e+02 7.924154e-04
2.078559e+02 7.240014e-04
2.082562e+02 5.942719e-04
2.086565e+02 5.683067e-04
2.090568e+02 6.199249e-04
2.094571e+02 6.513853e-04
2.098574e+02 6.604104e-04
2.102577e+02 7.018944e-04
2.106580e+02 7.301906e-04
2.110583e+02 6.518195e-04
2.114586e+02 5.272809e-04
2.118589e+02 5.103441e-04
2.122592e+02 5.651817e-04
2.126595e+02 6.055580e-04
2.130598e+02 6.450424e-04
2.134601e+02 7.260069e-04
2.138604e+02 7.917581e-04
2.142607e+02 7.407542e-04
2.146610e+02 6.026141e-04
2.150613e+02 5.507372e-04
2.154616e+02 5.914807e-04
2.158619e+02 6.318953e-04
2.162622e+02 6.554478e-04
2.166625e+02 7.049435e-04
2.170628e+02 7.451909e-04
2.174631e+02 6.840220e-04
2.178634e+02 5.910641e-04
2.182637e+02 5.789370e-04
2.186640e+02 6.085801e-04
2.190643e+02 6.481596e-04
2.194646e+02 7.124345e-04
2.198649e+02 7.969895e-04
2.202652e+02 8.278056e-04
2.206655e+02 7.336745e-04
2.210658e+02 5.958096e-04
2.214661e+02 5.572181e-04
2.218664e+02 5.818703e-04
2.222667e+02 6.195541e-04
2.226670e+02 6.492222e-04
2.230673e+02 6.543949e-04
2.234676e+02 6.698068e-04
2.238679e+02 6.409558e-04
2.242682e+02 5.617502e-04
2.246685e+02 5.389923e-04
2.250688e+02 5.649145e-04
2.254691e+02 6.169003e-04
2.258694e+02 6.866894e-04
2.262697e+02 7.357359e-04
2.266700e+02 7.479941e-04
2.270703e+02 6.987991e-04
2.274706e+02 6.119042e-04
2.278709e+02 5.877230e-04
2.282712e+02 6.194226e-04
2.286715e+02 6.515585e-04
2.290718e+02 6.673374e-04
2.294721e+02 7.116028e-04
2.298724e+02 7.486818e-04
2.302727e+02 6.862165e-04
2.306730e+02 5.738007e-04
2.310733e+02 5.433600e-04
2.314736e+02 5.792004e-04
2.318739e+02 6.255526e-04
2.322742e+02 6.790594e-04
2.326745e+02 7.457039e-04
2.330748e+02 7.764668e-04
2.334751e+02 7.029875e-04
2.338754e+02 5.880011e-04
2.342757e+02 5.548984e-04
2.346760e+02 5.834820e-04
2.350763e+02 6.162521e-04
2.354766e+02 6.480287e-04
2.358769e+02 6.956295e-04
2.362772e+02 7.307986e-04
2.366775e+02 6.666917e-04
2.370778e+02 5.430237e-04
2.374781e+02 5.010540e-04
2.378784e+02 5.407319e-04
2.382787e+02 6.083307e-04
2.386790e+02 6.844097e-04
2.390793e+02 7.470252e-04
2.394796e+02 7.555617e-04
2.398799e+02 6.901244e-04
2.402802e+02 6.047391e-04
2.406805e+02 5.733752e-04
2.410808e+02 5.843992e-04
2.414811e+02 6.099679e-04
2.418814e+02 6.560832e-04
2.422817e+02 7.211613e-04
2.426820e+02 7.497148e-04
2.430823e+02 6.795569e-04
2.434826e+02 5.736954e-04
2.438829e+02 5.494401e-04
2.442832e+02 5.729781e-04
2.446835e+02 6.072252e-04
2.450838e+02 6.737546e-04
2.454841e+02 7.534382e-04
2.458844e+02 7.857108e-04
2.462847e+02 7.282154e-04
2.466850e+02 6.283954e-04
2.470853e+02 5.845011e-04
2.474856e+02 5.988753e-04
2.478859e+02 6.338529e-04
2.482862e+02 6.736569e-04
2.486865e+02 7.130318e-04
2.490868e+02 7.235660e-04
2.494871e+02 6.554763e-04
2.498874e+02 5.605197e-04
2.502877e+02 5.365283e-04
2.506880e+02 5.778988e-04
2.510883e+02 6.484293e-04
2.514886e+02 7.167159e-04
2.518889e+02 7.644330e-04
2.522892e+02 7.717072e-04
2.526895e+02 7.173872e-04
2.530898e+02 6.474002e-04
2.534901e+02 6.261535e-04
2.538904e+02 6.381154e-04
2.542907e+02 6.602533e-04
2.546910e+02 7.003012e-04
2.550913e+02 7.566941e-04
2.554916e+02 7.888154e-04
2.558919e+02 7.234483e-04
2.562922e+02 6.038782e-04
2.566925e+02 5.570234e-04
2.570928e+02 5.934079e-04
2.574931e+02 6.620428e-04
2.578934e+02 7.244063e-04
2.582937e+02 7.653524e-04
2.586940e+02 7.621055e-04
2.590943e+02 6.914492e-04
2.594946e+02 6.063561e-04
2.598949e+02 5.741988e-04
2.602952e+02 5.819283e-04
2.606955e+02 6.102033e-04
2.610958e+02 6.546954e-04
2.614961e+02 7.038981e-04
2.618964e+02 7.246902e-04
2.622967e+02 6.688471e-04
2.626970e+02 5.757331e-04
2.630973e+02 5.434500e-04
2.634976e+02 5.788792e-04
2.638979e+02 6.379157e-04
2.642982e+02 6.898547e-04
2.646985e+02 7.205398e-04
2.650988e+02 7.122461e-04
2.654991e+02 6.532702e-04
2.658994e+02 5.821604e-04
2.662997e+02 5.518383e-04
2.667000e+02 5.722319e-04
2.671003e+02 6.261637e-04
2.675006e+02 6.937573e-04
2.679009e+02 7.499878e-04
2.683012e+02 7.561178e-04
2.687015e+02 6.842607e-04
2.691018e+02 5.915820e-04
2.695021e+02 5.708327e-04
2.699024e+02 6.123820e-04
2.703027e+02 6.576159e-04
2.707030e+02 6.884269e-04
2.711033e+02 7.141086e-04
2.715036e+02 7.175373e-04
2.719039e+02 6.591478e-04
2.723042e+02 5.711718e-04
2.727045e+02 5.330755e-04
2.731048e+02 5.503195e-04
2.735051e+02 5.854530e-04
2.739054e+02 6.329106e-04
2.743057e+02 6.941509e-04
2.747060e+02 7.189620e-04
2.751063e+02 6.628860e-04
2.755066e+02 5.833150e-04
2.759069e+02 5.657411e-04
2.763072e+02 6.089145e-04
2.767075e+02 6.725202e-04
2.771078e+02 7.320187e-04
2.775081e+02 7.689069e-04
2.779084e+02 7.589063e-04
2.783087e+02 6.852370e-04
2.787090e+02 5.984572e-04
2.791093e+02 5.719698e-04
2.795096e+02 6.001868e-04
2.799099e+02 6.366761e-04
2.803102e+02 6.657607e-04
2.807105e+02 6.937584e-04
2.811108e+02 6.968473e-04
2.815111e+02 6.452889e-04
2.819114e+02 5.793467e-04
2.823117e+02 5.626765e-04
2.827120e+02 5.944504e-04
2.831123e+02 6.353956e-04
2.835126e+02 6.640162e-04
2.839129e+02 6.811237e-04
2.843132e+02 6.764072e-04
2.847135e+02 6.317411e-04
2.851138e+02 5.805225e-04
2.855141e+02 5.745668e-04
2.859144e+02 6.094325e-04
2.863147e+02 6.500099e-04
2.867150e+02 6.853624e-04
2.871153e+02 7.155892e-04
2.875156e+02 7.065698e-04
2.879159e+02 6.395074e-04
2.883162e+02 5.679085e-04
2.887165e+02 5.501899e-04
2.891168e+02 5.854718e-04
2.895171e+02 6.383854e-04
2.899174e+02 6.745590e-04
2.903177e+02 6.846112e-04
2.907180e+02 6.761504e-04
2.911183e+02 6.449996e-04
2.915186e+02 6.076452e-04
2.919189e+02 5.958171e-04
2.923192e+02 6.142005e-04
2.927195e+02 6.528677e-04
2.931198e+02 6.968993e-04
2.935201e+02 7.260223e-04
2.939204e+02 7.153449e-04
2.943207e+02 6.610117e-04
2.947210e+02 6.105781e-04
2.951213e+02 6.063975e-04
2.955216e+02 6.347429e-04
2.959219e+02 6.690349e-04
2.963222e+02 6.989827e-04
2.967225e+02 7.199129e-04
2.971228e+02 7.191962e-04
2.975231e+02 6.798949e-04
2.979234e+02 6.235016e-04
2.983237e+02 5.981489e-04
2.987240e+02 6.166100e-04
2.991243e+02 6.574300e-04
2.995246e+02 7.007528e-04
2.999249e+02 7.318758e-04
3.003252e+02 7.212202e-04
3.007255e+02 6.554072e-04
3.011258e+02 5.806257e-04
3.015261e+02 5.544349e-04
3.019264e+02 5.839214e-04
3.023267e+02 6.425361e-04
3.027270e+02 6.976450e-04
3.031273e+02 7.250072e-04
3.035276e+02 7.110034e-04
3.039279e+02 6.548042e-04
3.043282e+02 5.926127e-04
3.047285e+02 5.710220e-04
3.051288e+02 5.952488e-04
3.055291e+02 6.425860e-04
3.059294e+02 6.889490e-04
3.063297e+02 7.102961e-04
3.067300e+02 6.878369e-04
3.071303e+02 6.268487e-04
3.075306e+02 5.718427e-04
3.079309e+02 5.666567e-04
3.083312e+02 6.047376e-04
3.087315e+02 6.500271e-04
3.091318e+02 6.780905e-04
3.095321e+02 6.853314e-04
3.099324e+02 6.713027e-04
3.103327e+02 6.339933e-04
3.107330e+02 5.968801e-04
3.111333e+02 5.937764e-04
3.115336e+02 6.211045e-04
3.119339e+02 6.532142e-04
3.123342e+02 6.824280e-04
3.127345e+02 7.098460e-04
3.131348e+02 7.128247e-04
3.135351e+02 6.678966e-04
3.139354e+02 6.090182e-04
3.143357e+02 5.933299e-04
3.147360e+02 6.246473e-04
3.151363e+02 6.680691e-04
3.155366e+02 6.972748e-04
3.159369e+02 7.065381e-04
3.163372e+02 6.934403e-04
3.167375e+02 6.561992e-04
3.171378e+02 6.196026e-04
3.175381e+02 6.166278e-04
3.179384e+02 6.460195e-04
3.183387e+02 6.846122e-04
3.187390e+02 7.180046e-04
3.191393e+02 7.311806e-04
3.195396e+02 7.011304e-04
3.199399e+02 6.350481e-04
3.203402e+02 5.814704e-04
3.207405e+02 5.747632e-04
3.211408e+02 6.026313e-04
3.215411e+02 6.367257e-04
3.219414e+02 6.614531e-04
3.223417e+02 6.702879e-04
3.227420e+02 6.549010e-04
3.231423e+02 6.181296e-04
3.235426e+02 5.891467e-04
3.239429e+02 5.952901e-04
3.243432e+02 6.292214e-04
3.247435e+02 6.671681e-04
3.251438e+02 6.968179e-04
3.255441e+02 7.098031e-04
3.259444e+02 6.933428e-04
3.263447e+02 6.489299e-04
3.267450e+02 6.063952e-04
3.271453e+02 5.974212e-04
3.275456e+02 6.213315e-04
3.279459e+02 6.499137e-04
3.283462e+02 6.608614e-04
3.287465e+02 6.584815e-04
3.291468e+02 6.503870e-04
3.295471e+02 6.324003e-04
3.299474e+02 6.139613e-04
3.303477e+02 6.133176e-04
3.307480e+02 6.291958e-04
3.311483e+02 6.496706e-04
3.315486e+02 6.701275e-04
3.319489e+02 6.837900e-04
3.323492e+02 6.727559e-04
3.327495e+02 6.339573e-04
3.331498e+02 5.996462e-04
3.335502e+02 6.015138e-04
3.339505e+02 6.326860e-04
3.343508e+02 6.649287e-04
3.347511e+02 6.821498e-04
3.351514e+02 6.837775e-04
3.355517e+02 6.677285e-04
3.359520e+02 6.343143e-04
3.363523e+02 6.060514e-04
3.367526e+02 6.083189e-04
3.371529e+02 6.324838e-04
3.375532e+02 6.538006e-04
3.379535e+02 6.674270e-04
3.383538e+02 6.758574e-04
3.387541e+02 6.668446e-04
3.391544e+02 6.331396e-04
3.395547e+02 5.964215e-04
3.399550e+02 5.859478e-04
3.403553e+02 6.053110e-04
3.407556e+02 6.357860e-04
3.411559e+02 6.595124e-04
3.415562e+02 6.688306e-04
3.419565e+02 6.578743e-04
3.423568e+02 6.268153e-04
3.427571e+02 5.989328e-04
3.431574e+02 6.021298e-04
3.435577e+02 6.348465e-04
3.439580e+02 6.746038e-04
3.443583e+02 7.050013e-04
3.447586e+02 7.161643e-04
3.451589e+02 6.973176e-04
3.455592e+02 6.525983e-04
3.459595e+02 6.138666e-04
3.463598e+02 6.101257e-04
3.467601e+02 6.337488e-04
3.471604e+02 6.588121e-04
3.475607e+02 6.739809e-04
3.479610e+02 6.793982e-04
3.483613e+02 6.689167e-04
3.487616e+02 6.400519e-04
3.491619e+02 6.127616e-04
3.495622e+02 6.100361e-04
3.499625e+02 6.309901e-04
3.503628e+02 6.604097e-04
3.507631e+02 6.840674e-04
3.511634e+02 6.895465e-04
3.515637e+02 6.708813e-04
3.519640e+02 6.376056e-04
3.523643e+02 6.108045e-04
3.527646e+02 6.045929e-04
3.531649e+02 6.173547e-04
3.535652e+02 6.415753e-04
3.539655e+02 6.714507e-04
3.543658e+02 6.973675e-04
3.547661e+02 7.011142e-04
3.551664e+02 6.745304e-04
3.555667e+02 6.405006e-04
3.559670e+02 6.287118e-04
3.563673e+02 6.406915e-04
3.567676e+02 6.596613e-04
3.571679e+02 6.749490e-04
3.575682e+02 6.806942e-04
3.579685e+02 6.694424e-04
3.583688e+02 6.447111e-04
3.587691e+02 6.256947e-04
3.591694e+02 6.256110e-04
3.595697e+02 6.396335e-04
3.599700e+02 6.578424e-04
3.603703e+02 6.753360e-04
3.607706e+02 6.857697e-04
3.611709e+02 6.776586e-04
3.615712e+02 6.498452e-04
3.619715e+02 6.208402e-04
3.623718e+02 6.082836e-04
3.627721e+02 6.135867e-04
3.631724e+02 6.298418e-04
3.635727e+02 6.496793e-04
3.639730e+02 6.612312e-04
3.643733e+02 6.569708e-04
3.647736e+02 6.398542e-04
3.651739e+02 6.266400e-04
3.655742e+02 6.312553e-04
3.659745e+02 6.509227e-04
3.663748e+02 6.736505e-04
3.667751e+02 6.917221e-04
3.671754e+02 6.980232e-04
3.675757e+02 6.889160e-04
3.679760e+02 6.695980e-04
3.683763e+02 6.567278e-04
3.687766e+02 6.604084e-04
3.691769e+02 6.763873e-04
3.695772e+02 6.954469e-04
3.699775e+02 7.117969e-04
3.703778e+02 7.146816e-04
3.707781e+02 6.945375e-04
3.711784e+02 6.533247e-04
3.715787e+02 6.161617e-04
3.719790e+02 6.052993e-04
3.723793e+02 6.154360e-04
3.727796e+02 6.287119e-04
3.731799e+02 6.392261e-04
3.735802e+02 6.467128e-04
3.739805e+02 6.485310e-04
3.743808e+02 6.405051e-04
3.747811e+02 6.308057e-04
3.751814e+02 6.310771e-04
3.755817e+02 6.423572e-04
3.759820e+02 6.571899e-04
3.763823e+02 6.703127e-04
3.767826e+02 6.738655e-04
3.771829e+02 6.615341e-04
3.775832e+02 6.331951e-04
3.779835e+02 6.050874e-04
3.783838e+02 5.931904e-04
3.787841e+02 5.992652e-04
3.791844e+02 6.157425e-04
3.795847e+02 6.365270e-04
3.799850e+02 6.530184e-04
3.803853e+02 6.535904e-04
3.807856e+02 6.378039e-04
3.811859e+02 6.223921e-04
3.815862e+02 6.225454e-04
3.819865e+02 6.380285e-04
3.823868e+02 6.584723e-04
3.827871e+02 6.772209e-04
3.831874e+02 6.891182e-04
3.835877e+02 6.841938e-04
3.839880e+02 6.592848e-04
3.843883e+02 6.304099e-04
3.847886e+02 6.172676e-04
3.851889e+02 6.249840e-04
3.855892e+02 6.452119e-04
3.859895e+02 6.672474e-04
3.863898e+02 6.799252e-04
3.867901e+02 6.743802e-04
3.871904e+02 6.527964e-04
3.875907e+02 6.314834e-04
3.879910e+02 6.263527e-04
3.883913e+02 6.399116e-04
3.887916e+02 6.609416e-04
3.891919e+02 6.787960e-04
3.895922e+02 6.839920e-04
3.899925e+02 6.721928e-04
3.903928e+02 6.435059e-04
3.907931e+02 6.125784e-04
3.911934e+02 5.982139e-04
3.915937e+02 6.070843e-04
3.919940e+02 6.303204e-04
3.923943e+02 6.545649e-04
3.927946e+02 6.644310e-04
3.931949e+02 6.570779e-04
3.935952e+02 6.389318e-04
3.939955e+02 6.270387e-04
3.943958e+02 6.313025e-04
3.947961e+02 6.444188e-04
3.951964e+02 6.541695e-04
3.955967e+02 6.575728e-04
3.959970e+02 6.529376e-04
3.963973e+02 6.400474e-04
3.967976e+02 6.197431e-04
3.971979e+02 6.027800e-04
3.975982e+02 6.000891e-04
3.979985e+02 6.139431e-04
3.983988e+02 6.386689e-04
3.987991e+02 6.655261e-04
3.991994e+02 6.792228e-04
3.995997e+02 6.722528e-04
4.000000e+02 6.485082e-04
