1.000000e-01 0.000000e+00
5.003003e-01 0.000000e+00
9.006006e-01 1.280671e+09
1.300901e+00 2.941801e+12
1.701201e+00 8.403799e+08
2.101502e+00 3.003793e+08
2.501802e+00 3.457853e+09
2.902102e+00 2.560321e+08
3.302402e+00 1.822066e+08
3.702703e+00 7.702547e+08
4.103003e+00 2.822333e+09
4.503303e+00 2.170003e+08
4.903604e+00 2.577250e+08
5.303904e+00 4.312595e+11
5.704204e+00 1.392342e+08
6.104505e+00 1.282898e+08
6.504805e+00 1.408625e+10
6.905105e+00 2.882283e+08
7.305405e+00 1.049979e+08
7.705706e+00 4.530159e+09
8.106006e+00 4.868484e+08
8.506306e+00 7.721145e+07
8.906607e+00 2.558029e+09
9.306907e+00 3.113301e+11
9.707207e+00 8.072148e+07
1.010751e+01 6.358514e+08
1.050781e+01 1.212598e+11
1.090811e+01 1.045361e+08
1.130841e+01 9.620164e+07
1.170871e+01 3.042507e+10
1.210901e+01 2.553872e+08
1.250931e+01 5.246758e+07
1.290961e+01 5.703707e+09
1.330991e+01 7.002065e+10
1.371021e+01 5.782879e+07
1.411051e+01 5.205735e+08
1.451081e+01 5.377283e+10
1.491111e+01 5.569144e+07
1.531141e+01 2.401035e+08
1.571171e+01 1.036918e+10
1.611201e+01 1.002629e+08
1.651231e+01 2.604892e+08
1.691261e+01 2.683117e+09
1.731291e+01 2.747533e+10
1.771321e+01 1.198684e+08
1.811351e+01 1.811685e+09
1.851381e+01 2.029308e+10
1.891411e+01 3.822642e+07
1.931441e+01 1.095648e+09
1.971471e+01 1.025249e+10
2.011502e+01 6.585604e+07
2.051532e+01 3.783414e+08
2.091562e+01 4.671632e+09
2.131592e+01 1.148750e+10
2.171622e+01 7.668237e+07
2.211652e+01 2.004127e+09
2.251682e+01 1.257994e+10
2.291712e+01 4.448649e+07
2.331742e+01 6.416301e+08
2.371772e+01 7.265910e+09
2.411802e+01 6.950665e+07
2.451832e+01 2.020534e+08
2.491862e+01 2.815985e+09
2.531892e+01 4.102927e+09
2.571922e+01 1.365005e+08
2.611952e+01 1.064606e+09
2.651982e+01 4.332565e+09
2.692012e+01 1.016816e+08
2.732042e+01 4.816804e+08
2.772072e+01 2.839326e+09
2.812102e+01 8.214652e+07
2.852132e+01 2.825654e+08
2.892162e+01 1.398938e+09
2.932192e+01 1.961180e+09
2.972222e+01 1.609607e+08
3.012252e+01 6.726169e+08
3.052282e+01 2.395611e+09
3.092312e+01 7.373048e+07
3.132342e+01 3.843435e+08
3.172372e+01 1.650393e+09
3.212402e+01 5.272566e+07
3.252432e+01 2.145921e+08
3.292462e+01 1.030674e+09
3.332492e+01 8.281266e+08
3.372523e+01 1.075723e+08
3.412553e+01 5.323766e+08
3.452583e+01 1.078959e+09
3.492613e+01 5.308811e+07
3.532643e+01 2.673813e+08
3.572673e+01 7.772848e+08
3.612703e+01 4.918598e+07
3.652733e+01 1.285988e+08
3.692763e+01 5.018188e+08
3.732793e+01 3.827749e+08
3.772823e+01 6.322815e+07
3.812853e+01 2.611301e+08
3.852883e+01 5.056404e+08
3.892913e+01 3.666406e+07
3.932943e+01 1.281783e+08
3.972973e+01 3.571934e+08
4.013003e+01 3.530138e+07
4.053033e+01 7.283330e+07
4.093063e+01 2.475577e+08
4.133093e+01 1.875146e+08
4.173123e+01 4.725485e+07
4.213153e+01 1.573798e+08
4.253183e+01 2.527536e+08
4.293213e+01 3.073981e+07
4.333243e+01 9.167706e+07
4.373273e+01 1.910422e+08
4.413303e+01 2.579560e+07
4.453333e+01 5.429706e+07
4.493363e+01 1.366846e+08
4.533393e+01 8.634636e+07
4.573423e+01 3.111069e+07
4.613453e+01 9.089142e+07
4.653483e+01 1.183042e+08
4.693514e+01 1.669288e+07
4.733544e+01 5.236961e+07
4.773574e+01 8.956085e+07
4.813604e+01 1.352784e+07
4.853634e+01 2.816103e+07
4.893664e+01 6.396067e+07
4.933694e+01 4.365756e+07
4.973724e+01 1.570417e+07
5.013754e+01 4.384440e+07
5.053784e+01 5.913589e+07
5.093814e+01 9.784221e+06
5.133844e+01 2.742733e+07
5.173874e+01 4.643727e+07
5.213904e+01 9.509660e+06
5.253934e+01 1.639227e+07
5.293964e+01 3.351507e+07
5.333994e+01 2.194105e+07
5.374024e+01 1.032007e+07
5.414054e+01 2.386424e+07
5.454084e+01 2.925442e+07
5.494114e+01 6.740351e+06
5.534144e+01 1.621271e+07
5.574174e+01 2.309539e+07
5.614204e+01 5.673401e+06
5.654234e+01 1.019035e+07
5.694264e+01 1.684842e+07
5.734294e+01 1.112022e+07
5.774324e+01 6.114156e+06
5.814354e+01 1.217506e+07
5.854384e+01 1.415103e+07
5.894414e+01 3.652310e+06
5.934444e+01 8.431093e+06
5.974474e+01 1.160338e+07
6.014505e+01 3.105896e+06
6.054535e+01 5.367695e+06
6.094565e+01 8.565737e+06
6.134595e+01 5.496035e+06
6.174625e+01 3.246694e+06
6.214655e+01 6.211157e+06
6.254685e+01 7.213078e+06
6.294715e+01 2.067324e+06
6.334745e+01 4.398473e+06
6.374775e+01 6.003719e+06
6.414805e+01 1.837583e+06
6.454835e+01 2.981061e+06
6.494865e+01 4.444168e+06
6.534895e+01 2.986601e+06
6.574925e+01 1.943907e+06
6.614955e+01 3.232065e+06
6.654985e+01 3.604881e+06
6.695015e+01 1.277050e+06
6.735045e+01 2.335674e+06
6.775075e+01 3.030103e+06
6.815105e+01 1.088608e+06
6.855135e+01 1.635563e+06
6.895165e+01 2.246645e+06
6.935195e+01 1.490117e+06
6.975225e+01 1.083462e+06
7.015255e+01 1.649554e+06
7.055285e+01 1.806675e+06
7.095315e+01 7.013092e+05
7.135345e+01 1.204507e+06
7.175375e+01 1.539744e+06
7.215405e+01 5.766848e+05
7.255435e+01 8.562101e+05
7.295465e+01 1.166713e+06
7.335495e+01 7.862455e+05
7.375526e+01 5.831423e+05
7.415556e+01 8.634753e+05
7.455586e+01 9.140452e+05
7.495616e+01 3.929275e+05
7.535646e+01 6.316814e+05
7.575676e+01 8.004648e+05
7.615706e+01 3.367655e+05
7.655736e+01 4.554252e+05
7.695766e+01 6.064988e+05
7.735796e+01 4.113962e+05
7.775826e+01 3.202385e+05
7.815856e+01 4.463043e+05
7.855886e+01 4.733345e+05
7.895916e+01 2.240343e+05
7.935946e+01 3.267876e+05
7.975976e+01 4.079561e+05
8.016006e+01 1.861987e+05
8.056036e+01 2.387330e+05
8.096066e+01 3.108144e+05
8.136096e+01 2.189705e+05
8.176126e+01 1.711762e+05
8.216156e+01 2.303226e+05
8.256186e+01 2.371789e+05
8.296216e+01 1.219449e+05
8.336246e+01 1.706813e+05
8.376276e+01 2.095490e+05
8.416306e+01 1.030923e+05
8.456336e+01 1.258235e+05
8.496366e+01 1.618075e+05
8.536396e+01 1.126890e+05
8.576426e+01 9.116391e+04
8.616456e+01 1.210170e+05
8.656486e+01 1.236642e+05
8.696517e+01 6.666611e+04
8.736547e+01 8.974018e+04
8.776577e+01 1.084762e+05
8.816607e+01 5.602363e+04
8.856637e+01 6.595119e+04
8.896667e+01 8.450943e+04
8.936697e+01 6.116881e+04
8.976727e+01 4.823583e+04
9.016757e+01 6.297763e+04
9.056787e+01 6.335752e+04
9.096817e+01 3.591930e+04
9.136847e+01 4.657308e+04
9.176877e+01 5.618501e+04
9.216907e+01 3.097229e+04
9.256937e+01 3.442103e+04
9.296967e+01 4.369089e+04
9.336997e+01 3.177076e+04
9.377027e+01 2.552128e+04
9.417057e+01 3.275311e+04
9.457087e+01 3.302332e+04
9.497117e+01 1.938053e+04
9.537147e+01 2.439339e+04
9.577177e+01 2.886578e+04
9.617207e+01 1.652423e+04
9.657237e+01 1.818676e+04
9.697267e+01 2.280403e+04
9.737297e+01 1.704175e+04
9.777327e+01 1.353533e+04
9.817357e+01 1.720271e+04
9.857387e+01 1.694404e+04
9.897417e+01 1.031369e+04
9.937447e+01 1.284116e+04
9.977477e+01 1.509319e+04
1.001751e+02 8.976061e+03
1.005754e+02 9.554096e+03
1.009757e+02 1.191748e+04
1.013760e+02 8.859481e+03
1.017763e+02 7.105681e+03
1.021766e+02 9.002948e+03
1.025769e+02 8.932841e+03
1.029772e+02 5.508277e+03
1.033775e+02 6.716669e+03
1.037778e+02 7.805786e+03
1.041781e+02 4.745193e+03
1.045784e+02 5.000442e+03
1.049787e+02 6.217572e+03
1.053790e+02 4.752194e+03
1.057793e+02 3.757024e+03
1.061796e+02 4.706259e+03
1.065799e+02 4.595961e+03
1.069802e+02 2.926285e+03
1.073805e+02 3.526060e+03
1.077808e+02 4.075822e+03
1.081811e+02 2.561579e+03
1.085814e+02 2.638172e+03
1.089817e+02 3.242925e+03
1.093820e+02 2.464585e+03
1.097823e+02 1.990360e+03
1.101826e+02 2.474897e+03
1.105829e+02 2.418319e+03
1.109832e+02 1.560519e+03
1.113835e+02 1.856179e+03
1.117838e+02 2.110813e+03
1.121841e+02 1.344587e+03
1.125844e+02 1.391452e+03
1.129847e+02 1.702951e+03
1.133850e+02 1.313471e+03
1.137853e+02 1.049497e+03
1.141856e+02 1.298535e+03
1.145859e+02 1.246049e+03
1.149862e+02 8.227894e+02
1.153865e+02 9.761481e+02
1.157868e+02 1.107936e+03
1.161871e+02 7.218864e+02
1.165874e+02 7.321548e+02
1.169877e+02 8.887603e+02
1.173880e+02 6.807293e+02
1.177883e+02 5.533684e+02
1.181886e+02 6.820391e+02
1.185889e+02 6.574149e+02
1.189892e+02 4.398501e+02
1.193895e+02 5.136519e+02
1.197898e+02 5.730171e+02
1.201901e+02 3.784681e+02
1.205904e+02 3.857717e+02
1.209907e+02 4.660264e+02
1.213910e+02 3.626266e+02
1.217913e+02 2.939234e+02
1.221916e+02 3.584876e+02
1.225919e+02 3.383559e+02
1.229922e+02 2.321320e+02
1.233925e+02 2.706393e+02
1.237928e+02 3.003040e+02
1.241931e+02 2.023892e+02
1.245934e+02 2.038200e+02
1.249937e+02 2.433892e+02
1.253940e+02 1.876016e+02
1.257943e+02 1.551788e+02
1.261946e+02 1.886165e+02
1.265949e+02 1.781635e+02
1.269952e+02 1.235974e+02
1.273955e+02 1.426978e+02
1.277958e+02 1.556915e+02
1.281961e+02 1.060613e+02
1.285964e+02 1.076325e+02
1.289967e+02 1.277106e+02
1.293970e+02 9.961502e+01
1.297973e+02 8.205803e+01
1.301976e+02 9.895907e+01
1.305979e+02 9.196770e+01
1.309982e+02 6.527784e+01
1.313985e+02 7.522845e+01
1.317988e+02 8.156834e+01
1.321991e+02 5.662697e+01
1.325994e+02 5.681931e+01
1.329997e+02 6.660480e+01
1.334000e+02 5.175688e+01
1.338003e+02 4.346363e+01
1.342006e+02 5.210395e+01
1.346009e+02 4.841563e+01
1.350012e+02 3.480234e+01
1.354015e+02 3.964773e+01
1.358018e+02 4.217163e+01
1.362021e+02 2.967192e+01
1.366024e+02 2.999978e+01
1.370027e+02 3.493571e+01
1.374030e+02 2.745073e+01
1.378033e+02 2.307100e+01
1.382036e+02 2.735913e+01
1.386039e+02 2.499986e+01
1.390042e+02 1.836001e+01
1.394045e+02 2.090371e+01
1.398048e+02 2.217313e+01
1.402051e+02 1.587373e+01
1.406054e+02 1.591681e+01
1.410057e+02 1.821778e+01
1.414060e+02 1.424605e+01
1.418063e+02 1.219497e+01
1.422066e+02 1.438771e+01
1.426069e+02 1.321636e+01
1.430072e+02 9.814678e+00
1.434075e+02 1.104627e+01
1.438078e+02 1.148625e+01
1.442081e+02 8.309546e+00
1.446084e+02 8.399532e+00
1.450087e+02 9.565296e+00
1.454090e+02 7.602235e+00
1.458093e+02 6.494552e+00
1.462096e+02 7.555914e+00
1.466099e+02 6.825064e+00
1.470102e+02 5.182372e+00
1.474105e+02 5.826835e+00
1.478108e+02 6.035161e+00
1.482111e+02 4.448180e+00
1.486114e+02 4.437546e+00
1.490117e+02 4.985890e+00
1.494120e+02 3.950999e+00
1.498123e+02 3.437071e+00
1.502126e+02 3.974519e+00
1.506129e+02 3.608642e+00
1.510132e+02 2.763055e+00
1.514135e+02 3.063163e+00
1.518138e+02 3.123717e+00
1.522141e+02 2.334652e+00
1.526144e+02 2.358604e+00
1.530147e+02 2.624504e+00
1.534150e+02 2.103667e+00
1.538153e+02 1.824788e+00
1.542156e+02 2.082519e+00
1.546159e+02 1.874664e+00
1.550162e+02 1.463797e+00
1.554165e+02 1.621998e+00
1.558168e+02 1.646200e+00
1.562171e+02 1.241610e+00
1.566174e+02 1.239162e+00
1.570177e+02 1.357806e+00
1.574180e+02 1.091422e+00
1.578183e+02 9.644038e-01
1.582186e+02 1.094097e+00
1.586189e+02 9.871758e-01
1.590192e+02 7.771762e-01
1.594195e+02 8.519197e-01
1.598198e+02 8.541450e-01
1.602201e+02 6.546556e-01
1.606204e+02 6.554410e-01
1.610207e+02 7.130059e-01
1.614210e+02 5.782707e-01
1.618213e+02 5.093265e-01
1.622216e+02 5.696796e-01
1.626219e+02 5.091013e-01
1.630222e+02 4.078929e-01
1.634225e+02 4.443018e-01
1.638228e+02 4.456695e-01
1.642231e+02 3.476767e-01
1.646234e+02 3.479321e-01
1.650237e+02 3.731645e-01
1.654240e+02 3.017691e-01
1.658243e+02 2.685745e-01
1.662246e+02 2.978231e-01
1.666249e+02 2.687782e-01
1.670252e+02 2.178010e-01
1.674255e+02 2.337878e-01
1.678258e+02 2.304902e-01
1.682261e+02 1.808571e-01
1.686264e+02 1.808043e-01
1.690267e+02 1.937452e-01
1.694270e+02 1.614082e-01
1.698273e+02 1.451616e-01
1.702276e+02 1.579777e-01
1.706279e+02 1.396710e-01
1.710282e+02 1.137621e-01
1.714285e+02 1.222935e-01
1.718288e+02 1.214888e-01
1.722291e+02 9.765923e-02
1.726294e+02 9.630307e-02
1.730297e+02 1.013635e-01
1.734300e+02 8.374773e-02
1.738303e+02 7.564864e-02
1.742306e+02 8.251230e-02
1.746309e+02 7.493246e-02
1.750312e+02 6.279933e-02
1.754315e+02 6.624681e-02
1.758318e+02 6.397522e-02
1.762321e+02 5.118581e-02
1.766324e+02 5.113346e-02
1.770327e+02 5.384225e-02
1.774330e+02 4.517326e-02
1.778333e+02 4.023788e-02
1.782336e+02 4.316232e-02
1.786339e+02 3.911380e-02
1.790342e+02 3.317371e-02
1.794345e+02 3.534862e-02
1.798348e+02 3.465557e-02
1.802351e+02 2.851651e-02
1.806354e+02 2.803506e-02
1.810357e+02 2.876349e-02
1.814360e+02 2.423463e-02
1.818363e+02 2.232216e-02
1.822366e+02 2.401819e-02
1.826369e+02 2.152647e-02
1.830372e+02 1.794511e-02
1.834375e+02 1.859610e-02
1.838378e+02 1.815716e-02
1.842381e+02 1.512841e-02
1.846384e+02 1.517817e-02
1.850387e+02 1.585120e-02
1.854390e+02 1.340863e-02
1.858393e+02 1.203914e-02
1.862396e+02 1.268500e-02
1.866399e+02 1.166759e-02
1.870402e+02 1.009911e-02
1.874405e+02 1.052977e-02
1.878408e+02 1.013836e-02
1.882411e+02 8.384019e-03
1.886414e+02 8.360262e-03
1.890417e+02 8.648582e-03
1.894420e+02 7.396033e-03
1.898423e+02 6.812138e-03
1.902426e+02 7.104042e-03
1.906429e+02 6.268429e-03
1.910432e+02 5.398262e-03
1.914435e+02 5.687560e-03
1.918438e+02 5.566710e-03
1.922441e+02 4.721700e-03
1.926444e+02 4.663809e-03
1.930447e+02 4.762900e-03
1.934450e+02 4.159071e-03
1.938453e+02 3.996861e-03
1.942456e+02 4.177415e-03
1.946459e+02 3.677475e-03
1.950462e+02 3.124962e-03
1.954465e+02 3.177051e-03
1.958468e+02 3.080754e-03
1.962471e+02 2.669549e-03
1.966474e+02 2.624968e-03
1.970477e+02 2.669646e-03
1.974480e+02 2.313763e-03
1.978483e+02 2.135466e-03
1.982486e+02 2.261035e-03
1.986489e+02 2.201824e-03
1.990492e+02 2.118533e-03
1.994495e+02 2.167712e-03
1.998498e+02 1.974576e-03
2.002502e+02 1.629658e-03
2.006505e+02 1.620096e-03
2.010508e+02 1.687454e-03
2.014511e+02 1.555561e-03
2.018514e+02 1.512314e-03
2.022517e+02 1.565057e-03
2.026520e+02 1.415935e-03
2.030523e+02 1.239669e-03
2.034526e+02 1.302608e-03
2.038529e+02 1.392622e-03
2.042532e+02 1.385602e-03
2.046535e+02 1.413623e-03
2.050538e+02 1.341209e-03
2.054541e+02 1.097849e-03
2.058544e+02 1.013049e-03
2.062547e+02 1.072328e-03
2.066550e+02 1.063448e-03
2.070553e+02 1.036091e-03
2.074556e+02 1.041927e-03
2.078559e+02 9.685371e-04
2.082562e+02 8.562165e-04
2.086565e+02 8.807834e-04
2.090568e+02 9.673098e-04
2.094571e+02 9.906263e-04
2.098574e+02 1.023489e-03
2.102577e+02 1.061037e-03
2.106580e+02 9.475973e-04
2.110583e+02 8.289592e-04
2.114586e+02 8.562437e-04
2.118589e+02 8.983213e-04
2.122592e+02 9.164374e-04
2.126595e+02 9.420292e-04
2.130598e+02 9.249926e-04
2.134601e+02 8.204095e-04
2.138604e+02 7.923348e-04
2.142607e+02 8.588466e-04
2.146610e+02 8.886123e-04
2.150613e+02 9.398711e-04
2.154616e+02 1.003622e-03
2.158619e+02 9.616696e-04
2.162622e+02 8.482006e-04
2.166625e+02 8.167374e-04
2.170628e+02 8.275221e-04
2.174631e+02 8.254023e-04
2.178634e+02 8.452016e-04
2.182637e+02 8.430480e-04
2.186640e+02 7.538319e-04
2.190643e+02 6.795454e-04
2.194646e+02 6.939392e-04
2.198649e+02 7.376541e-04
2.202652e+02 8.034386e-04
2.206655e+02 8.828853e-04
2.210658e+02 8.988829e-04
2.214661e+02 8.122270e-04
2.218664e+02 7.575303e-04
2.222667e+02 7.736739e-04
2.226670e+02 8.069709e-04
2.230673e+02 8.603042e-04
2.234676e+02 9.024450e-04
2.238679e+02 8.382215e-04
2.242682e+02 7.189411e-04
2.246685e+02 6.837814e-04
2.250688e+02 7.018740e-04
2.254691e+02 7.255367e-04
2.258694e+02 7.697676e-04
2.262697e+02 8.179341e-04
2.266700e+02 7.727768e-04
2.270703e+02 7.058760e-04
2.274706e+02 7.180246e-04
2.278709e+02 7.662483e-04
2.282712e+02 8.273254e-04
2.286715e+02 8.694043e-04
2.290718e+02 8.264319e-04
2.294721e+02 7.066967e-04
2.298724e+02 6.369036e-04
2.302727e+02 6.417787e-04
2.306730e+02 6.721640e-04
2.310733e+02 7.321384e-04
2.314736e+02 8.066213e-04
2.318739e+02 7.973193e-04
2.322742e+02 7.196314e-04
2.326745e+02 6.948268e-04
2.330748e+02 7.259579e-04
2.334751e+02 7.769350e-04
2.338754e+02 8.220415e-04
2.342757e+02 8.027067e-04
2.346760e+02 6.962259e-04
2.350763e+02 6.091877e-04
2.354766e+02 6.039275e-04
2.358769e+02 6.293579e-04
2.362772e+02 6.792832e-04
2.366775e+02 7.414766e-04
2.370778e+02 7.327802e-04
2.374781e+02 6.477342e-04
2.378784e+02 6.060507e-04
2.382787e+02 6.440730e-04
2.386790e+02 7.152724e-04
2.390793e+02 7.902492e-04
2.394796e+02 8.288910e-04
2.398799e+02 7.660799e-04
2.402802e+02 6.549766e-04
2.406805e+02 6.334204e-04
2.410808e+02 6.756322e-04
2.414811e+02 7.302002e-04
2.418814e+02 7.994192e-04
2.422817e+02 8.296674e-04
2.426820e+02 7.758664e-04
2.430823e+02 7.127546e-04
2.434826e+02 7.057949e-04
2.438829e+02 7.258359e-04
2.442832e+02 7.518909e-04
2.446835e+02 7.848054e-04
2.450838e+02 7.682434e-04
2.454841e+02 6.784267e-04
2.458844e+02 6.230426e-04
2.462847e+02 6.440689e-04
2.466850e+02 7.093044e-04
2.470853e+02 7.892535e-04
2.474856e+02 8.304663e-04
2.478859e+02 7.796833e-04
2.482862e+02 6.932643e-04
2.486865e+02 6.785538e-04
2.490868e+02 7.246916e-04
2.494871e+02 7.697098e-04
2.498874e+02 7.873819e-04
2.502877e+02 7.524724e-04
2.506880e+02 6.629240e-04
2.510883e+02 5.944427e-04
2.514886e+02 5.981410e-04
2.518889e+02 6.495354e-04
2.522892e+02 7.179094e-04
2.526895e+02 7.676397e-04
2.530898e+02 7.583361e-04
2.534901e+02 6.980202e-04
2.538904e+02 6.588062e-04
2.542907e+02 6.698700e-04
2.546910e+02 7.116270e-04
2.550913e+02 7.692165e-04
2.554916e+02 7.973595e-04
2.558919e+02 7.441484e-04
2.562922e+02 6.707773e-04
2.566925e+02 6.681839e-04
2.570928e+02 7.206809e-04
2.574931e+02 7.850807e-04
2.578934e+02 8.355320e-04
2.582937e+02 8.281065e-04
2.586940e+02 7.535371e-04
2.590943e+02 6.985519e-04
2.594946e+02 7.099015e-04
2.598949e+02 7.563136e-04
2.602952e+02 8.120267e-04
2.606955e+02 8.326638e-04
2.610958e+02 7.712936e-04
2.614961e+02 6.667851e-04
2.618964e+02 6.128167e-04
2.622967e+02 6.364122e-04
2.626970e+02 6.977821e-04
2.630973e+02 7.542645e-04
2.634976e+02 7.769583e-04
2.638979e+02 7.380616e-04
2.642982e+02 6.689088e-04
2.646985e+02 6.412510e-04
2.650988e+02 6.661241e-04
2.654991e+02 7.121558e-04
2.658994e+02 7.536649e-04
2.662997e+02 7.594292e-04
2.667000e+02 7.012724e-04
2.671003e+02 6.361918e-04
2.675006e+02 6.323208e-04
2.679009e+02 6.777261e-04
2.683012e+02 7.462324e-04
2.687015e+02 8.027727e-04
2.691018e+02 7.911628e-04
2.695021e+02 7.222299e-04
2.699024e+02 6.735110e-04
2.703027e+02 6.717053e-04
2.707030e+02 7.018360e-04
2.711033e+02 7.431660e-04
2.715036e+02 7.491808e-04
2.719039e+02 6.924856e-04
2.723042e+02 6.288636e-04
2.727045e+02 6.250484e-04
2.731048e+02 6.680274e-04
2.735051e+02 7.282450e-04
2.739054e+02 7.902751e-04
2.743057e+02 8.087535e-04
2.747060e+02 7.515603e-04
2.751063e+02 6.895454e-04
2.755066e+02 6.919849e-04
2.759069e+02 7.263263e-04
2.763072e+02 7.615620e-04
2.767075e+02 7.867914e-04
2.771078e+02 7.592174e-04
2.775081e+02 6.820406e-04
2.779084e+02 6.346413e-04
2.783087e+02 6.414490e-04
2.787090e+02 6.689579e-04
2.791093e+02 7.015980e-04
2.795096e+02 7.199320e-04
2.799099e+02 6.908753e-04
2.803102e+02 6.386709e-04
2.807105e+02 6.280453e-04
2.811108e+02 6.593892e-04
2.815111e+02 6.985620e-04
2.819114e+02 7.307150e-04
2.823117e+02 7.334407e-04
2.827120e+02 6.883225e-04
2.831123e+02 6.402008e-04
2.835126e+02 6.399665e-04
2.839129e+02 6.818453e-04
2.843132e+02 7.378370e-04
2.847135e+02 7.714016e-04
2.851138e+02 7.526827e-04
2.855141e+02 6.994256e-04
2.859144e+02 6.659128e-04
2.863147e+02 6.723770e-04
2.867150e+02 7.090122e-04
2.871153e+02 7.613075e-04
2.875156e+02 7.844891e-04
2.879159e+02 7.418037e-04
2.883162e+02 6.756831e-04
2.887165e+02 6.480739e-04
2.891168e+02 6.634432e-04
2.895171e+02 7.038875e-04
2.899174e+02 7.444850e-04
2.903177e+02 7.420516e-04
2.907180e+02 6.945710e-04
2.911183e+02 6.612334e-04
2.915186e+02 6.780850e-04
2.919189e+02 7.196319e-04
2.923192e+02 7.479190e-04
2.927195e+02 7.451638e-04
2.931198e+02 7.045981e-04
2.935201e+02 6.482936e-04
2.939204e+02 6.254175e-04
2.943207e+02 6.535082e-04
2.947210e+02 7.160345e-04
2.951213e+02 7.842703e-04
2.955216e+02 8.099023e-04
2.959219e+02 7.672977e-04
2.963222e+02 6.988757e-04
2.967225e+02 6.647013e-04
2.971228e+02 6.784114e-04
2.975231e+02 7.186493e-04
2.979234e+02 7.561396e-04
2.983237e+02 7.557012e-04
2.987240e+02 7.129799e-04
2.991243e+02 6.773025e-04
2.995246e+02 6.852478e-04
2.999249e+02 7.302990e-04
3.003252e+02 7.870329e-04
3.007255e+02 8.115766e-04
3.011258e+02 7.741985e-04
3.015261e+02 7.109830e-04
3.019264e+02 6.823091e-04
3.023267e+02 6.937424e-04
3.027270e+02 7.179474e-04
3.031273e+02 7.419982e-04
3.035276e+02 7.417188e-04
3.039279e+02 6.927475e-04
3.043282e+02 6.366327e-04
3.047285e+02 6.360056e-04
3.051288e+02 6.901606e-04
3.055291e+02 7.548592e-04
3.059294e+02 7.887607e-04
3.063297e+02 7.648552e-04
3.067300e+02 6.950814e-04
3.071303e+02 6.429323e-04
3.075306e+02 6.513095e-04
3.079309e+02 6.958316e-04
3.083312e+02 7.334468e-04
3.087315e+02 7.429085e-04
3.091318e+02 7.166346e-04
3.095321e+02 6.705419e-04
3.099324e+02 6.471576e-04
3.103327e+02 6.681173e-04
3.107330e+02 7.151005e-04
3.111333e+02 7.542824e-04
3.115336e+02 7.564640e-04
3.119339e+02 7.185541e-04
3.123342e+02 6.780435e-04
3.127345e+02 6.731104e-04
3.131348e+02 7.012660e-04
3.135351e+02 7.398722e-04
3.139354e+02 7.622394e-04
3.143357e+02 7.413178e-04
3.147360e+02 6.867366e-04
3.151363e+02 6.502461e-04
3.155366e+02 6.636088e-04
3.159369e+02 7.088355e-04
3.163372e+02 7.501993e-04
3.167375e+02 7.613006e-04
3.171378e+02 7.334522e-04
3.175381e+02 6.915232e-04
3.179384e+02 6.805987e-04
3.183387e+02 7.118839e-04
3.187390e+02 7.551269e-04
3.191393e+02 7.788136e-04
3.195396e+02 7.651088e-04
3.199399e+02 7.126736e-04
3.203402e+02 6.573842e-04
3.207405e+02 6.454883e-04
3.211408e+02 6.795275e-04
3.215411e+02 7.258120e-04
3.219414e+02 7.495121e-04
3.223417e+02 7.325151e-04
3.227420e+02 6.877428e-04
3.231423e+02 6.564925e-04
3.235426e+02 6.662425e-04
3.239429e+02 7.037901e-04
3.243432e+02 7.383335e-04
3.247435e+02 7.446567e-04
3.251438e+02 7.136882e-04
3.255441e+02 6.689124e-04
3.259444e+02 6.514134e-04
3.263447e+02 6.736861e-04
3.267450e+02 7.147640e-04
3.271453e+02 7.482278e-04
3.275456e+02 7.541657e-04
3.279459e+02 7.303230e-04
3.283462e+02 7.029354e-04
3.287465e+02 7.003440e-04
3.291468e+02 7.218679e-04
3.295471e+02 7.469299e-04
3.299474e+02 7.557693e-04
3.303477e+02 7.375430e-04
3.307480e+02 7.008779e-04
3.311483e+02 6.776906e-04
3.315486e+02 6.905021e-04
3.319489e+02 7.273123e-04
3.323492e+02 7.629691e-04
3.327495e+02 7.786399e-04
3.331498e+02 7.627457e-04
3.335502e+02 7.243843e-04
3.339505e+02 6.948643e-04
3.343508e+02 6.943091e-04
3.347511e+02 7.140545e-04
3.351514e+02 7.323520e-04
3.355517e+02 7.277041e-04
3.359520e+02 6.935744e-04
3.363523e+02 6.548079e-04
3.367526e+02 6.438687e-04
3.371529e+02 6.639952e-04
3.375532e+02 6.945774e-04
3.379535e+02 7.111457e-04
3.383538e+02 6.969185e-04
3.387541e+02 6.607316e-04
3.391544e+02 6.361492e-04
3.395547e+02 6.446867e-04
3.399550e+02 6.772833e-04
3.403553e+02 7.104642e-04
3.407556e+02 7.204555e-04
3.411559e+02 6.978252e-04
3.415562e+02 6.624914e-04
3.419565e+02 6.474130e-04
3.423568e+02 6.641452e-04
3.427571e+02 6.981412e-04
3.431574e+02 7.263361e-04
3.435577e+02 7.276145e-04
3.439580e+02 6.982577e-04
3.443583e+02 6.657348e-04
3.447586e+02 6.637764e-04
3.451589e+02 6.944929e-04
3.455592e+02 7.290611e-04
3.459595e+02 7.361241e-04
3.463598e+02 7.059133e-04
3.467601e+02 6.581163e-04
3.471604e+02 6.291741e-04
3.475607e+02 6.421641e-04
3.479610e+02 6.866763e-04
3.483613e+02 7.289349e-04
3.487616e+02 7.386078e-04
3.491619e+02 7.117168e-04
3.495622e+02 6.744399e-04
3.499625e+02 6.593742e-04
3.503628e+02 6.753144e-04
3.507631e+02 7.069649e-04
3.511634e+02 7.318235e-04
3.515637e+02 7.290647e-04
3.519640e+02 6.967185e-04
3.523643e+02 6.626989e-04
3.527646e+02 6.557432e-04
3.531649e+02 6.766057e-04
3.535652e+02 7.052236e-04
3.539655e+02 7.169585e-04
3.543658e+02 6.992185e-04
3.547661e+02 6.674068e-04
3.551664e+02 6.519806e-04
3.555667e+02 6.631508e-04
3.559670e+02 6.854766e-04
3.563673e+02 7.021521e-04
3.567676e+02 7.025184e-04
3.571679e+02 6.813238e-04
3.575682e+02 6.531775e-04
3.579685e+02 6.470809e-04
3.583688e+02 6.724435e-04
3.587691e+02 7.092471e-04
3.591694e+02 7.315440e-04
3.595697e+02 7.266240e-04
3.599700e+02 7.007697e-04
3.603703e+02 6.770816e-04
3.607706e+02 6.765281e-04
3.611709e+02 6.980010e-04
3.615712e+02 7.228965e-04
3.619715e+02 7.305223e-04
3.623718e+02 7.112879e-04
3.627721e+02 6.792851e-04
3.631724e+02 6.641288e-04
3.635727e+02 6.800208e-04
3.639730e+02 7.126610e-04
3.643733e+02 7.367811e-04
3.647736e+02 7.355498e-04
3.651739e+02 7.100771e-04
3.655742e+02 6.812958e-04
3.659745e+02 6.735147e-04
3.663748e+02 6.901158e-04
3.667751e+02 7.183100e-04
3.671754e+02 7.263985e-04
3.675757e+02 7.150116e-04
3.679760e+02 6.897277e-04
3.683763e+02 6.718952e-04
3.687766e+02 6.750069e-04
3.691769e+02 6.939545e-04
3.695772e+02 7.201606e-04
3.699775e+02 7.336973e-04
3.703778e+02 7.292387e-04
3.707781e+02 7.099754e-04
3.711784e+02 6.968377e-04
3.715787e+02 7.058919e-04
3.719790e+02 7.282568e-04
3.723793e+02 7.478443e-04
3.727796e+02 7.464938e-04
3.731799e+02 7.271310e-04
3.735802e+02 7.045559e-04
3.739805e+02 7.002576e-04
3.743808e+02 7.172299e-04
3.747811e+02 7.434641e-04
3.751814e+02 7.499247e-04
3.755817e+02 7.388320e-04
3.759820e+02 7.130451e-04
3.763823e+02 6.927648e-04
3.767826e+02 6.925620e-04
3.771829e+02 7.126770e-04
3.775832e+02 7.352914e-04
3.779835e+02 7.409035e-04
3.783838e+02 7.216418e-04
3.787841e+02 6.925951e-04
3.791844e+02 6.736722e-04
3.795847e+02 6.816394e-04
3.799850e+02 7.073692e-04
3.803853e+02 7.308992e-04
3.807856e+02 7.334473e-04
3.811859e+02 7.123728e-04
3.815862e+02 6.869237e-04
3.819865e+02 6.742168e-04
3.823868e+02 6.827811e-04
3.827871e+02 7.018896e-04
3.831874e+02 7.162878e-04
3.835877e+02 7.130251e-04
3.839880e+02 6.918328e-04
3.843883e+02 6.704144e-04
3.847886e+02 6.656233e-04
3.851889e+02 6.824019e-04
3.855892e+02 7.091424e-04
3.859895e+02 7.281011e-04
3.863898e+02 7.266712e-04
3.867901e+02 7.106738e-04
3.871904e+02 6.906844e-04
3.875907e+02 6.854218e-04
3.879910e+02 6.925054e-04
3.883913e+02 7.016204e-04
3.887916e+02 7.003811e-04
3.891919e+02 6.871788e-04
3.895922e+02 6.734424e-04
3.899925e+02 6.748228e-04
3.903928e+02 6.948191e-04
3.907931e+02 7.239507e-04
3.911934e+02 7.400561e-04
3.915937e+02 7.374062e-04
3.919940e+02 7.173033e-04
3.923943e+02 6.960446e-04
3.927946e+02 6.890395e-04
3.931949e+02 6.976404e-04
3.935952e+02 7.141626e-04
3.939955e+02 7.211116e-04
3.943958e+02 7.124423e-04
3.947961e+02 6.920297e-04
3.951964e+02 6.770061e-04
3.955967e+02 6.802000e-04
3.959970e+02 6.980633e-04
3.963973e+02 7.075995e-04
3.967976e+02 7.044104e-04
3.971979e+02 6.887237e-04
3.975982e+02 6.704552e-04
3.979985e+02 6.623570e-04
3.983988e+02 6.700313e-04
3.987991e+02 6.891815e-04
3.991994e+02 6.991121e-04
3.995997e+02 6.929678e-04
4.000000e+02 6.737805e-04
