1.000000e-01 0.000000e+00
5.003003e-01 0.000000e+00
9.006006e-01 8.340864e+08
1.300901e+00 3.338099e+09
1.701201e+00 5.663707e+09
2.101502e+00 4.725501e+08
2.501802e+00 2.538177e+08
2.902102e+00 1.715752e+09
3.302402e+00 3.333861e+08
3.702703e+00 1.405500e+08
4.103003e+00 2.568632e+08
4.503303e+00 1.236015e+10
4.903604e+00 7.597185e+08
5.303904e+00 1.708433e+08
5.704204e+00 2.085050e+08
6.104505e+00 4.206245e+11
6.504805e+00 1.975248e+08
6.905105e+00 8.954801e+07
7.305405e+00 6.440207e+08
7.705706e+00 5.209124e+11
8.106006e+00 1.920145e+08
8.506306e+00 8.937501e+07
8.906607e+00 4.625473e+08
9.306907e+00 2.054834e+11
9.707207e+00 1.012597e+08
1.010751e+01 6.726819e+07
1.050781e+01 1.490541e+10
1.090811e+01 7.395111e+10
1.130841e+01 7.201718e+07
1.170871e+01 2.513075e+08
1.210901e+01 4.699133e+09
1.250931e+01 6.088593e+08
1.290961e+01 5.445480e+07
1.330991e+01 1.081707e+08
1.371021e+01 4.243615e+10
1.411051e+01 2.727278e+08
1.451081e+01 4.071643e+07
1.491111e+01 1.939912e+09
1.531141e+01 3.314138e+10
1.571171e+01 1.136186e+08
1.611201e+01 1.091542e+08
1.651231e+01 5.770016e+08
1.691261e+01 5.191046e+10
1.731291e+01 6.728066e+07
1.771321e+01 4.998915e+07
1.811351e+01 5.419952e+09
1.851381e+01 4.457966e+10
1.891411e+01 3.866703e+07
1.931441e+01 4.194225e+08
1.971471e+01 2.190940e+09
2.011502e+01 2.871159e+10
2.051532e+01 5.684569e+07
2.091562e+01 1.826256e+08
2.131592e+01 7.482778e+09
2.171622e+01 3.076175e+10
2.211652e+01 3.216115e+07
2.251682e+01 9.689030e+08
2.291712e+01 5.300902e+09
2.331742e+01 1.323861e+10
2.371772e+01 1.178128e+08
2.411802e+01 4.712488e+08
2.451832e+01 8.400349e+09
2.491862e+01 3.370936e+09
2.531892e+01 7.471165e+07
2.571922e+01 1.438535e+09
2.611952e+01 6.882256e+09
2.651982e+01 7.460341e+08
2.692012e+01 2.188795e+08
2.732042e+01 9.107073e+08
2.772072e+01 7.728933e+09
2.812102e+01 8.673828e+07
2.852132e+01 1.539362e+08
2.892162e+01 1.553092e+09
2.932192e+01 6.101497e+09
2.972222e+01 4.408361e+07
3.012252e+01 3.162921e+08
3.052282e+01 1.264638e+09
3.092312e+01 4.387766e+09
3.132342e+01 6.259750e+07
3.172372e+01 2.485637e+08
3.212402e+01 1.672820e+09
3.252432e+01 4.269788e+09
3.292462e+01 5.846411e+07
3.332492e+01 3.571388e+08
3.372523e+01 1.301669e+09
3.412553e+01 2.796541e+09
3.452583e+01 8.176328e+07
3.492613e+01 3.352290e+08
3.532643e+01 1.714713e+09
3.572673e+01 1.934906e+09
3.612703e+01 8.163311e+07
3.652733e+01 3.552004e+08
3.692763e+01 1.270196e+09
3.732793e+01 1.054502e+09
3.772823e+01 9.307708e+07
3.812853e+01 3.521736e+08
3.852883e+01 1.237912e+09
3.892913e+01 4.206357e+08
3.932943e+01 1.022592e+08
3.972973e+01 3.728833e+08
4.013003e+01 9.862151e+08
4.053033e+01 1.474561e+08
4.093063e+01 9.249868e+07
4.133093e+01 3.149990e+08
4.173123e+01 7.544886e+08
4.213153e+01 5.924712e+07
4.253183e+01 1.121076e+08
4.293213e+01 3.728994e+08
4.333243e+01 6.771373e+08
4.373273e+01 3.926732e+07
4.413303e+01 8.987626e+07
4.453333e+01 2.938462e+08
4.493363e+01 4.982245e+08
4.533393e+01 2.994385e+07
4.573423e+01 1.030955e+08
4.613453e+01 3.171214e+08
4.653483e+01 3.986054e+08
4.693514e+01 3.635257e+07
4.733544e+01 9.030996e+07
4.773574e+01 2.390679e+08
4.813604e+01 2.916030e+08
4.853634e+01 2.695833e+07
4.893664e+01 8.717455e+07
4.933694e+01 2.171275e+08
4.973724e+01 1.825884e+08
5.013754e+01 3.503487e+07
5.053784e+01 8.609780e+07
5.093814e+01 1.745616e+08
5.133844e+01 1.099822e+08
5.173874e+01 2.538985e+07
5.213904e+01 7.538336e+07
5.253934e+01 1.387599e+08
5.293964e+01 5.426319e+07
5.333994e+01 3.038044e+07
5.374024e+01 7.705018e+07
5.414054e+01 1.190715e+08
5.454084e+01 3.054082e+07
5.494114e+01 2.386568e+07
5.534144e+01 6.231970e+07
5.574174e+01 9.245260e+07
5.614204e+01 1.519194e+07
5.654234e+01 2.521125e+07
5.694264e+01 5.954776e+07
5.734294e+01 7.609431e+07
5.774324e+01 1.270758e+07
5.814354e+01 2.153636e+07
5.854384e+01 4.658400e+07
5.894414e+01 5.963080e+07
5.934444e+01 8.447733e+06
5.974474e+01 2.085557e+07
6.014505e+01 4.038084e+07
6.054535e+01 4.463511e+07
6.094565e+01 9.089380e+06
6.134595e+01 1.905506e+07
6.174625e+01 3.293291e+07
6.214655e+01 3.201954e+07
6.254685e+01 6.926298e+06
6.294715e+01 1.699992e+07
6.334745e+01 2.660804e+07
6.374775e+01 2.120366e+07
6.414805e+01 7.358510e+06
6.454835e+01 1.570338e+07
6.494865e+01 2.239268e+07
6.534895e+01 1.343781e+07
6.574925e+01 5.879648e+06
6.614955e+01 1.300351e+07
6.654985e+01 1.786309e+07
6.695015e+01 8.127272e+06
6.735045e+01 5.959899e+06
6.775075e+01 1.151765e+07
6.815105e+01 1.478325e+07
6.855135e+01 5.179177e+06
6.895165e+01 5.007563e+06
6.935195e+01 9.318701e+06
6.975225e+01 1.186988e+07
7.015255e+01 3.305282e+06
7.055285e+01 4.775595e+06
7.095315e+01 7.849663e+06
7.135345e+01 9.412997e+06
7.175375e+01 2.595823e+06
7.215405e+01 4.168367e+06
7.255435e+01 6.467959e+06
7.295465e+01 7.323971e+06
7.335495e+01 1.915111e+06
7.375526e+01 3.697346e+06
7.415556e+01 5.264141e+06
7.455586e+01 5.416397e+06
7.495616e+01 1.781873e+06
7.535646e+01 3.224585e+06
7.575676e+01 4.401124e+06
7.615706e+01 3.944094e+06
7.655736e+01 1.436043e+06
7.695766e+01 2.702443e+06
7.735796e+01 3.549471e+06
7.775826e+01 2.679201e+06
7.815856e+01 1.370224e+06
7.855886e+01 2.304521e+06
7.895916e+01 2.953446e+06
7.935946e+01 1.862339e+06
7.975976e+01 1.154587e+06
8.016006e+01 1.896647e+06
8.056036e+01 2.381866e+06
8.096066e+01 1.210456e+06
8.136096e+01 1.059735e+06
8.176126e+01 1.576016e+06
8.216156e+01 1.948934e+06
8.256186e+01 8.723337e+05
8.296216e+01 9.077720e+05
8.336246e+01 1.306682e+06
8.376276e+01 1.546060e+06
8.416306e+01 5.992675e+05
8.456336e+01 7.896635e+05
8.496366e+01 1.065846e+06
8.536396e+01 1.225967e+06
8.576426e+01 4.822510e+05
8.616456e+01 6.723719e+05
8.656486e+01 8.900624e+05
8.696517e+01 9.331858e+05
8.736547e+01 3.714691e+05
8.776577e+01 5.637144e+05
8.816607e+01 7.216518e+05
8.856637e+01 7.063146e+05
8.896667e+01 3.229524e+05
8.936697e+01 4.726797e+05
8.976727e+01 6.014783e+05
9.016757e+01 5.117405e+05
9.056787e+01 2.679958e+05
9.096817e+01 3.919247e+05
9.136847e+01 4.874653e+05
9.176877e+01 3.717053e+05
9.216907e+01 2.339501e+05
9.256937e+01 3.236920e+05
9.296967e+01 4.025745e+05
9.336997e+01 2.629526e+05
9.377027e+01 1.979900e+05
9.417057e+01 2.689538e+05
9.457087e+01 3.243931e+05
9.497117e+01 1.903754e+05
9.537147e+01 1.686312e+05
9.577177e+01 2.201031e+05
9.617207e+01 2.626617e+05
9.657237e+01 1.388089e+05
9.697267e+01 1.419160e+05
9.737297e+01 1.832228e+05
9.777327e+01 2.080422e+05
9.817357e+01 1.052301e+05
9.857387e+01 1.185863e+05
9.897417e+01 1.495109e+05
9.937447e+01 1.628890e+05
9.977477e+01 8.188141e+04
1.001751e+02 9.875454e+04
1.005754e+02 1.242839e+05
1.009757e+02 1.257182e+05
1.013760e+02 6.573591e+04
1.017763e+02 8.193312e+04
1.021766e+02 1.013188e+05
1.025769e+02 9.470529e+04
1.029772e+02 5.359177e+04
1.033775e+02 6.769721e+04
1.037778e+02 8.387681e+04
1.041781e+02 7.142801e+04
1.045784e+02 4.433033e+04
1.049787e+02 5.608467e+04
1.053790e+02 6.809125e+04
1.057793e+02 5.245699e+04
1.061796e+02 3.667420e+04
1.065799e+02 4.615902e+04
1.069802e+02 5.587319e+04
1.073805e+02 3.935404e+04
1.077808e+02 3.051722e+04
1.081811e+02 3.822850e+04
1.085814e+02 4.483910e+04
1.089817e+02 2.900968e+04
1.093820e+02 2.525559e+04
1.097823e+02 3.140144e+04
1.101826e+02 3.620654e+04
1.105829e+02 2.214693e+04
1.109832e+02 2.096837e+04
1.113835e+02 2.599305e+04
1.117838e+02 2.846025e+04
1.121841e+02 1.682822e+04
1.125844e+02 1.732107e+04
1.129847e+02 2.131794e+04
1.133850e+02 2.250561e+04
1.137853e+02 1.322237e+04
1.141856e+02 1.434455e+04
1.145859e+02 1.761922e+04
1.149862e+02 1.725080e+04
1.153865e+02 1.042266e+04
1.157868e+02 1.183444e+04
1.161871e+02 1.441308e+04
1.165874e+02 1.337376e+04
1.169877e+02 8.386932e+03
1.173880e+02 9.782750e+03
1.177883e+02 1.184839e+04
1.181886e+02 1.004210e+04
1.185889e+02 6.788085e+03
1.189892e+02 8.069508e+03
1.193895e+02 9.643104e+03
1.197898e+02 7.700362e+03
1.201901e+02 5.536451e+03
1.205904e+02 6.658931e+03
1.209907e+02 7.838059e+03
1.213910e+02 5.744585e+03
1.217913e+02 4.544452e+03
1.221916e+02 5.495358e+03
1.225919e+02 6.315911e+03
1.229922e+02 4.414960e+03
1.233925e+02 3.727263e+03
1.237928e+02 4.525329e+03
1.241931e+02 5.043158e+03
1.245934e+02 3.330075e+03
1.249937e+02 3.078145e+03
1.253940e+02 3.735329e+03
1.257943e+02 4.006359e+03
1.261946e+02 2.597149e+03
1.265949e+02 2.529328e+03
1.269952e+02 3.068004e+03
1.273955e+02 3.130513e+03
1.277958e+02 2.004803e+03
1.281961e+02 2.092661e+03
1.285964e+02 2.527842e+03
1.289967e+02 2.449368e+03
1.293970e+02 1.595365e+03
1.297973e+02 1.721606e+03
1.301976e+02 2.067447e+03
1.305979e+02 1.876134e+03
1.309982e+02 1.262068e+03
1.313985e+02 1.423376e+03
1.317988e+02 1.694284e+03
1.321991e+02 1.451398e+03
1.325994e+02 1.022401e+03
1.329997e+02 1.172313e+03
1.334000e+02 1.373857e+03
1.338003e+02 1.098826e+03
1.342006e+02 8.237645e+02
1.346009e+02 9.679209e+02
1.350012e+02 1.115637e+03
1.354015e+02 8.479640e+02
1.358018e+02 6.755684e+02
1.362021e+02 7.980799e+02
1.366024e+02 8.922622e+02
1.370027e+02 6.426716e+02
1.374030e+02 5.499661e+02
1.378033e+02 6.574010e+02
1.382036e+02 7.150098e+02
1.386039e+02 4.992179e+02
1.390042e+02 4.534402e+02
1.394045e+02 5.412972e+02
1.398048e+02 5.620367e+02
1.402051e+02 3.838616e+02
1.406054e+02 3.715916e+02
1.410057e+02 4.450091e+02
1.414060e+02 4.442119e+02
1.418063e+02 3.023933e+02
1.422066e+02 3.069264e+02
1.426069e+02 3.649328e+02
1.430072e+02 3.434084e+02
1.434075e+02 2.373735e+02
1.438078e+02 2.523307e+02
1.442081e+02 2.984760e+02
1.446084e+02 2.682309e+02
1.450087e+02 1.897679e+02
1.454090e+02 2.082367e+02
1.458093e+02 2.427217e+02
1.462096e+02 2.050816e+02
1.466099e+02 1.520956e+02
1.470102e+02 1.716668e+02
1.474105e+02 1.970201e+02
1.478108e+02 1.593274e+02
1.482111e+02 1.231227e+02
1.486114e+02 1.415510e+02
1.490117e+02 1.583328e+02
1.494120e+02 1.215981e+02
1.498123e+02 1.001002e+02
1.502126e+02 1.166100e+02
1.506129e+02 1.270143e+02
1.510132e+02 9.457788e+01
1.514135e+02 8.162494e+01
1.518138e+02 9.585314e+01
1.522141e+02 1.005273e+02
1.526144e+02 7.277309e+01
1.530147e+02 6.695538e+01
1.534150e+02 7.884597e+01
1.538153e+02 7.979920e+01
1.542156e+02 5.718564e+01
1.546159e+02 5.495301e+01
1.550162e+02 6.458625e+01
1.554165e+02 6.227561e+01
1.558168e+02 4.465555e+01
1.562171e+02 4.521080e+01
1.566174e+02 5.282961e+01
1.570177e+02 4.893432e+01
1.574180e+02 3.554831e+01
1.578183e+02 3.721201e+01
1.582186e+02 4.292252e+01
1.586189e+02 3.773455e+01
1.590192e+02 2.819057e+01
1.594195e+02 3.060844e+01
1.598198e+02 3.486193e+01
1.602201e+02 2.952628e+01
1.606204e+02 2.275248e+01
1.610207e+02 2.524256e+01
1.614210e+02 2.806546e+01
1.618213e+02 2.269244e+01
1.622216e+02 1.831599e+01
1.626219e+02 2.074959e+01
1.630222e+02 2.258693e+01
1.634225e+02 1.778291e+01
1.638228e+02 1.495191e+01
1.642231e+02 1.708989e+01
1.646234e+02 1.793516e+01
1.650237e+02 1.368266e+01
1.654240e+02 1.214367e+01
1.658243e+02 1.401085e+01
1.662246e+02 1.432136e+01
1.666249e+02 1.080446e+01
1.670252e+02 9.967796e+00
1.674255e+02 1.148408e+01
1.678258e+02 1.123892e+01
1.682261e+02 8.394400e+00
1.686264e+02 8.151687e+00
1.690267e+02 9.374953e+00
1.694270e+02 8.893130e+00
1.698273e+02 6.693768e+00
1.702276e+02 6.710788e+00
1.706279e+02 7.625334e+00
1.710282e+02 6.907789e+00
1.714285e+02 5.276867e+00
1.718288e+02 5.511377e+00
1.722291e+02 6.194729e+00
1.726294e+02 5.444607e+00
1.730297e+02 4.238404e+00
1.734300e+02 4.514905e+00
1.738303e+02 4.988121e+00
1.742306e+02 4.215523e+00
1.746309e+02 3.395777e+00
1.750312e+02 3.720681e+00
1.754315e+02 4.022282e+00
1.758318e+02 3.313014e+00
1.762321e+02 2.749493e+00
1.766324e+02 3.044278e+00
1.770327e+02 3.201023e+00
1.774330e+02 2.565356e+00
1.778333e+02 2.231454e+00
1.782336e+02 2.506978e+00
1.786339e+02 2.570338e+00
1.790342e+02 2.027224e+00
1.794345e+02 1.817355e+00
1.798348e+02 2.042040e+00
1.802351e+02 2.028145e+00
1.806354e+02 1.583120e+00
1.810357e+02 1.485167e+00
1.814360e+02 1.671918e+00
1.818363e+02 1.609942e+00
1.822366e+02 1.250299e+00
1.826369e+02 1.208752e+00
1.830372e+02 1.349788e+00
1.834375e+02 1.254612e+00
1.838378e+02 9.868777e-01
1.842381e+02 9.921755e-01
1.846384e+02 1.099876e+00
1.850387e+02 9.950554e-01
1.854390e+02 7.897179e-01
1.858393e+02 8.136169e-01
1.862396e+02 8.883297e-01
1.866399e+02 7.773086e-01
1.870402e+02 6.311121e-01
1.874405e+02 6.646705e-01
1.878408e+02 7.129355e-01
1.882411e+02 6.091461e-01
1.886414e+02 5.052768e-01
1.890417e+02 5.423629e-01
1.894420e+02 5.686746e-01
1.898423e+02 4.734504e-01
1.902426e+02 4.066223e-01
1.906429e+02 4.419216e-01
1.910432e+02 4.553963e-01
1.914435e+02 3.753848e-01
1.918438e+02 3.328836e-01
1.922441e+02 3.651266e-01
1.926444e+02 3.638700e-01
1.930447e+02 2.932180e-01
1.934450e+02 2.678778e-01
1.938453e+02 2.937512e-01
1.942456e+02 2.874752e-01
1.946459e+02 2.329991e-01
1.950462e+02 2.190301e-01
1.954465e+02 2.389811e-01
1.958468e+02 2.261143e-01
1.962471e+02 1.821745e-01
1.966474e+02 1.771207e-01
1.970477e+02 1.931118e-01
1.974480e+02 1.802059e-01
1.978483e+02 1.483743e-01
1.982486e+02 1.479743e-01
1.986489e+02 1.580777e-01
1.990492e+02 1.410551e-01
1.994495e+02 1.155094e-01
1.998498e+02 1.179400e-01
2.002502e+02 1.258866e-01
2.006505e+02 1.120084e-01
2.010508e+02 9.430477e-02
2.014511e+02 9.720890e-02
2.018514e+02 1.013963e-01
2.022517e+02 8.746146e-02
2.026520e+02 7.522546e-02
2.030523e+02 7.949359e-02
2.034526e+02 8.200999e-02
2.038529e+02 7.056252e-02
2.042532e+02 6.246103e-02
2.046535e+02 6.593585e-02
2.050538e+02 6.561780e-02
2.054541e+02 5.469301e-02
2.058544e+02 4.938576e-02
2.062547e+02 5.305037e-02
2.066550e+02 5.245534e-02
2.070553e+02 4.392799e-02
2.074556e+02 4.010555e-02
2.078559e+02 4.273015e-02
2.082562e+02 4.152108e-02
2.086565e+02 3.487104e-02
2.090568e+02 3.344961e-02
2.094571e+02 3.591028e-02
2.098574e+02 3.402584e-02
2.102577e+02 2.861530e-02
2.106580e+02 2.763796e-02
2.110583e+02 2.900630e-02
2.114586e+02 2.674711e-02
2.118589e+02 2.267509e-02
2.122592e+02 2.268160e-02
2.126595e+02 2.394620e-02
2.130598e+02 2.160772e-02
2.134601e+02 1.820123e-02
2.138604e+02 1.812517e-02
2.142607e+02 1.877897e-02
2.146610e+02 1.682282e-02
2.150613e+02 1.472555e-02
2.154616e+02 1.529962e-02
2.158619e+02 1.585942e-02
2.162622e+02 1.392306e-02
2.166625e+02 1.209920e-02
2.170628e+02 1.239131e-02
2.174631e+02 1.260123e-02
2.178634e+02 1.112291e-02
2.182637e+02 1.005547e-02
2.186640e+02 1.050570e-02
2.190643e+02 1.038694e-02
2.194646e+02 8.857330e-03
2.198649e+02 8.132272e-03
2.202652e+02 8.601146e-03
2.206655e+02 8.420414e-03
2.210658e+02 7.240246e-03
2.214661e+02 6.797347e-03
2.218664e+02 7.087814e-03
2.222667e+02 6.665837e-03
2.226670e+02 5.643086e-03
2.230673e+02 5.431993e-03
2.234676e+02 5.752873e-03
2.238679e+02 5.484216e-03
2.242682e+02 4.747613e-03
2.246685e+02 4.624229e-03
2.250688e+02 4.814784e-03
2.254691e+02 4.462458e-03
2.258694e+02 3.972793e-03
2.262697e+02 4.042162e-03
2.266700e+02 4.137743e-03
2.270703e+02 3.688717e-03
2.274706e+02 3.170414e-03
2.278709e+02 3.136042e-03
2.282712e+02 3.192442e-03
2.286715e+02 2.909866e-03
2.290718e+02 2.614786e-03
2.294721e+02 2.657119e-03
2.298724e+02 2.714168e-03
2.302727e+02 2.423069e-03
2.306730e+02 2.146883e-03
2.310733e+02 2.199336e-03
2.314736e+02 2.262510e-03
2.318739e+02 2.153932e-03
2.322742e+02 2.111874e-03
2.326745e+02 2.168640e-03
2.330748e+02 2.045497e-03
2.334751e+02 1.726483e-03
2.338754e+02 1.592746e-03
2.342757e+02 1.675237e-03
2.346760e+02 1.676430e-03
2.350763e+02 1.539918e-03
2.354766e+02 1.497123e-03
2.358769e+02 1.550877e-03
2.362772e+02 1.482032e-03
2.366775e+02 1.293656e-03
2.370778e+02 1.239406e-03
2.374781e+02 1.333786e-03
2.378784e+02 1.391781e-03
2.382787e+02 1.387310e-03
2.386790e+02 1.415392e-03
2.390793e+02 1.391981e-03
2.394796e+02 1.208281e-03
2.398799e+02 1.030672e-03
2.402802e+02 1.024616e-03
2.406805e+02 1.078825e-03
2.410808e+02 1.068975e-03
2.414811e+02 1.039471e-03
2.418814e+02 1.046010e-03
2.422817e+02 1.016426e-03
2.426820e+02 9.088619e-04
2.430823e+02 8.391582e-04
2.434826e+02 8.818285e-04
2.438829e+02 9.575333e-04
2.442832e+02 9.852087e-04
2.446835e+02 1.005646e-03
2.450838e+02 1.060561e-03
2.454841e+02 1.048694e-03
2.458844e+02 9.187113e-04
2.462847e+02 8.354682e-04
2.466850e+02 8.593357e-04
2.470853e+02 8.886322e-04
2.474856e+02 8.963721e-04
2.478859e+02 9.185668e-04
2.482862e+02 9.452971e-04
2.486865e+02 9.078286e-04
2.490868e+02 8.127511e-04
2.494871e+02 7.879458e-04
2.498874e+02 8.404444e-04
2.502877e+02 8.746354e-04
2.506880e+02 9.013760e-04
2.510883e+02 9.591799e-04
2.514886e+02 9.940241e-04
2.518889e+02 9.416787e-04
2.522892e+02 8.445701e-04
2.526895e+02 8.093410e-04
2.530898e+02 8.225749e-04
2.534901e+02 8.209747e-04
2.538904e+02 8.227569e-04
2.542907e+02 8.448742e-04
2.546910e+02 8.332133e-04
2.550913e+02 7.518436e-04
2.554916e+02 6.808224e-04
2.558919e+02 6.813789e-04
2.562922e+02 7.140190e-04
2.566925e+02 7.593697e-04
2.570928e+02 8.232033e-04
2.574931e+02 8.900710e-04
2.578934e+02 8.990551e-04
2.582937e+02 8.297897e-04
2.586940e+02 7.686386e-04
2.590943e+02 7.631308e-04
2.594946e+02 7.842905e-04
2.598949e+02 8.167642e-04
2.602952e+02 8.644215e-04
2.606955e+02 8.962874e-04
2.610958e+02 8.519623e-04
2.614961e+02 7.489622e-04
2.618964e+02 6.901310e-04
2.622967e+02 6.921953e-04
2.626970e+02 7.091874e-04
2.630973e+02 7.314250e-04
2.634976e+02 7.751269e-04
2.638979e+02 8.248546e-04
2.642982e+02 8.064816e-04
2.646985e+02 7.334680e-04
2.650988e+02 7.042828e-04
2.654991e+02 7.266522e-04
2.658994e+02 7.668045e-04
2.662997e+02 8.189799e-04
2.667000e+02 8.636026e-04
2.671003e+02 8.537803e-04
2.675006e+02 7.673449e-04
2.679009e+02 6.715596e-04
2.683012e+02 6.331471e-04
2.687015e+02 6.383911e-04
2.691018e+02 6.645933e-04
2.695021e+02 7.184724e-04
2.699024e+02 7.929781e-04
2.703027e+02 8.219347e-04
2.707030e+02 7.666465e-04
2.711033e+02 7.025300e-04
2.715036e+02 6.929271e-04
2.719039e+02 7.225265e-04
2.723042e+02 7.692198e-04
2.727045e+02 8.201960e-04
2.731048e+02 8.381748e-04
2.735051e+02 7.773250e-04
2.739054e+02 6.680042e-04
2.743057e+02 6.014395e-04
2.747060e+02 6.007582e-04
2.751063e+02 6.247629e-04
2.755066e+02 6.623600e-04
2.759069e+02 7.177092e-04
2.763072e+02 7.518047e-04
2.767075e+02 7.181502e-04
2.771078e+02 6.462639e-04
2.775081e+02 6.132289e-04
2.779084e+02 6.362798e-04
2.783087e+02 6.869235e-04
2.787090e+02 7.481089e-04
2.791093e+02 8.065679e-04
2.795096e+02 8.222635e-04
2.799099e+02 7.563130e-04
2.803102e+02 6.628683e-04
2.807105e+02 6.347431e-04
2.811108e+02 6.629680e-04
2.815111e+02 7.028769e-04
2.819114e+02 7.563057e-04
2.823117e+02 8.141392e-04
2.827120e+02 8.266141e-04
2.831123e+02 7.754265e-04
2.835126e+02 7.171451e-04
2.839129e+02 7.001423e-04
2.843132e+02 7.095065e-04
2.847135e+02 7.240600e-04
2.851138e+02 7.500716e-04
2.855141e+02 7.805329e-04
2.859144e+02 7.661904e-04
2.863147e+02 6.928563e-04
2.867150e+02 6.317394e-04
2.871153e+02 6.283584e-04
2.875156e+02 6.671398e-04
2.879159e+02 7.316134e-04
2.883162e+02 8.031313e-04
2.887165e+02 8.405813e-04
2.891168e+02 8.045623e-04
2.895171e+02 7.213631e-04
2.899174e+02 6.722098e-04
2.903177e+02 6.869800e-04
2.907180e+02 7.296459e-04
2.911183e+02 7.671938e-04
2.915186e+02 7.867499e-04
2.919189e+02 7.675309e-04
2.923192e+02 6.988991e-04
2.927195e+02 6.222809e-04
2.931198e+02 5.924544e-04
2.935201e+02 6.128418e-04
2.939204e+02 6.621455e-04
2.943207e+02 7.232283e-04
2.947210e+02 7.718864e-04
2.951213e+02 7.767819e-04
2.955216e+02 7.317911e-04
2.959219e+02 6.787358e-04
2.963222e+02 6.587105e-04
2.967225e+02 6.728442e-04
2.971228e+02 7.104821e-04
2.975231e+02 7.628514e-04
2.979234e+02 7.988333e-04
2.983237e+02 7.753737e-04
2.987240e+02 7.052756e-04
2.991243e+02 6.588947e-04
2.995246e+02 6.697892e-04
2.999249e+02 7.142891e-04
3.003252e+02 7.679127e-04
3.007255e+02 8.170933e-04
3.011258e+02 8.364415e-04
3.015261e+02 7.990738e-04
3.019264e+02 7.311797e-04
3.023267e+02 6.933452e-04
3.027270e+02 7.002614e-04
3.031273e+02 7.328670e-04
3.035276e+02 7.796131e-04
3.039279e+02 8.176947e-04
3.043282e+02 8.071012e-04
3.047285e+02 7.360414e-04
3.051288e+02 6.494419e-04
3.055291e+02 6.055216e-04
3.059294e+02 6.192712e-04
3.063297e+02 6.684222e-04
3.067300e+02 7.231880e-04
3.071303e+02 7.631726e-04
3.075306e+02 7.692467e-04
3.079309e+02 7.278454e-04
3.083312e+02 6.683206e-04
3.087315e+02 6.405737e-04
3.091318e+02 6.557888e-04
3.095321e+02 6.923866e-04
3.099324e+02 7.320673e-04
3.103327e+02 7.621304e-04
3.107330e+02 7.561351e-04
3.111333e+02 7.014335e-04
3.115336e+02 6.410128e-04
3.119339e+02 6.245822e-04
3.123342e+02 6.532604e-04
3.127345e+02 7.075303e-04
3.131348e+02 7.704632e-04
3.135351e+02 8.125227e-04
3.139354e+02 7.995884e-04
3.143357e+02 7.406337e-04
3.147360e+02 6.889248e-04
3.151363e+02 6.757868e-04
3.155366e+02 6.938218e-04
3.159369e+02 7.283813e-04
3.163372e+02 7.593493e-04
3.167375e+02 7.568443e-04
3.171378e+02 7.089261e-04
3.175381e+02 6.479931e-04
3.179384e+02 6.220082e-04
3.183387e+02 6.395919e-04
3.187390e+02 6.804048e-04
3.191393e+02 7.345077e-04
3.195396e+02 7.910326e-04
3.199399e+02 8.152597e-04
3.203402e+02 7.773613e-04
3.207405e+02 7.092735e-04
3.211408e+02 6.756319e-04
3.215411e+02 6.873834e-04
3.219414e+02 7.136927e-04
3.223417e+02 7.428573e-04
3.227420e+02 7.693211e-04
3.231423e+02 7.639438e-04
3.235426e+02 7.118367e-04
3.239429e+02 6.525690e-04
3.243432e+02 6.311594e-04
3.247435e+02 6.441727e-04
3.251438e+02 6.688702e-04
3.255441e+02 6.956077e-04
3.259444e+02 7.156625e-04
3.263447e+02 7.087506e-04
3.267450e+02 6.696144e-04
3.271453e+02 6.333974e-04
3.275456e+02 6.330871e-04
3.279459e+02 6.601247e-04
3.283462e+02 6.931703e-04
3.287465e+02 7.225425e-04
3.291468e+02 7.363312e-04
3.295471e+02 7.160203e-04
3.299474e+02 6.682312e-04
3.303477e+02 6.326609e-04
3.307480e+02 6.347543e-04
3.311483e+02 6.685459e-04
3.315486e+02 7.173105e-04
3.319489e+02 7.576109e-04
3.323492e+02 7.632985e-04
3.327495e+02 7.264387e-04
3.331498e+02 6.734513e-04
3.335502e+02 6.421709e-04
3.339505e+02 6.449155e-04
3.343508e+02 6.737389e-04
3.347511e+02 7.185631e-04
3.351514e+02 7.576431e-04
3.355517e+02 7.576371e-04
3.359520e+02 7.104644e-04
3.363523e+02 6.528913e-04
3.367526e+02 6.252746e-04
3.371529e+02 6.342257e-04
3.375532e+02 6.690347e-04
3.379535e+02 7.172142e-04
3.383538e+02 7.520184e-04
3.387541e+02 7.430934e-04
3.391544e+02 6.974543e-04
3.395547e+02 6.591544e-04
3.399550e+02 6.596943e-04
3.403553e+02 6.923261e-04
3.407556e+02 7.307357e-04
3.411559e+02 7.534101e-04
3.415562e+02 7.485678e-04
3.419565e+02 7.119059e-04
3.423568e+02 6.596732e-04
3.427571e+02 6.275450e-04
3.431574e+02 6.359720e-04
3.435577e+02 6.783704e-04
3.439580e+02 7.395349e-04
3.443583e+02 7.966917e-04
3.447586e+02 8.175064e-04
3.451589e+02 7.856224e-04
3.455592e+02 7.240257e-04
3.459595e+02 6.755252e-04
3.463598e+02 6.641165e-04
3.467601e+02 6.857270e-04
3.471604e+02 7.235552e-04
3.475607e+02 7.561414e-04
3.479610e+02 7.589668e-04
3.483613e+02 7.255197e-04
3.487616e+02 6.845128e-04
3.491619e+02 6.707272e-04
3.495622e+02 6.918840e-04
3.499625e+02 7.370534e-04
3.503628e+02 7.880603e-04
3.507631e+02 8.160690e-04
3.511634e+02 7.970059e-04
3.515637e+02 7.420289e-04
3.519640e+02 6.935246e-04
3.523643e+02 6.796479e-04
3.527646e+02 6.914563e-04
3.531649e+02 7.106298e-04
3.535652e+02 7.303762e-04
3.539655e+02 7.380503e-04
3.543658e+02 7.126318e-04
3.547661e+02 6.618270e-04
3.551664e+02 6.286313e-04
3.555667e+02 6.427160e-04
3.559670e+02 6.930392e-04
3.563673e+02 7.494404e-04
3.567676e+02 7.856737e-04
3.571679e+02 7.827609e-04
3.575682e+02 7.357164e-04
3.579685e+02 6.704580e-04
3.583688e+02 6.315728e-04
3.587691e+02 6.396813e-04
3.591694e+02 6.773092e-04
3.595697e+02 7.142071e-04
3.599700e+02 7.307638e-04
3.603703e+02 7.196026e-04
3.607706e+02 6.836304e-04
3.611709e+02 6.423761e-04
3.615712e+02 6.241269e-04
3.619715e+02 6.421515e-04
3.623718e+02 6.859359e-04
3.627721e+02 7.322586e-04
3.631724e+02 7.582433e-04
3.635727e+02 7.505968e-04
3.639730e+02 7.159967e-04
3.643733e+02 6.824072e-04
3.647736e+02 6.748301e-04
3.651739e+02 6.938376e-04
3.655742e+02 7.261681e-04
3.659745e+02 7.560678e-04
3.663748e+02 7.656089e-04
3.667751e+02 7.397820e-04
3.671754e+02 6.896582e-04
3.675757e+02 6.498330e-04
3.679760e+02 6.469045e-04
3.683763e+02 6.784997e-04
3.687766e+02 7.243781e-04
3.691769e+02 7.559951e-04
3.695772e+02 7.620738e-04
3.699775e+02 7.382775e-04
3.703778e+02 7.011980e-04
3.707781e+02 6.798913e-04
3.711784e+02 6.909185e-04
3.715787e+02 7.249506e-04
3.719790e+02 7.624632e-04
3.723793e+02 7.816658e-04
3.727796e+02 7.723993e-04
3.731799e+02 7.308184e-04
3.735802e+02 6.775980e-04
3.739805e+02 6.470624e-04
3.743808e+02 6.553367e-04
3.747811e+02 6.898388e-04
3.751814e+02 7.277562e-04
3.755817e+02 7.465498e-04
3.759820e+02 7.368226e-04
3.763823e+02 7.025786e-04
3.767826e+02 6.669107e-04
3.771829e+02 6.549955e-04
3.775832e+02 6.725503e-04
3.779835e+02 7.043931e-04
3.783838e+02 7.319504e-04
3.787841e+02 7.387965e-04
3.791844e+02 7.199124e-04
3.795847e+02 6.863001e-04
3.799850e+02 6.531862e-04
3.803853e+02 6.494700e-04
3.807856e+02 6.733974e-04
3.811859e+02 7.096300e-04
3.815862e+02 7.396392e-04
3.819865e+02 7.502795e-04
3.823868e+02 7.373480e-04
3.827871e+02 7.162956e-04
3.831874e+02 7.002794e-04
3.835877e+02 7.069428e-04
3.839880e+02 7.280663e-04
3.843883e+02 7.493994e-04
3.847886e+02 7.583985e-04
3.851889e+02 7.478525e-04
3.855892e+02 7.182237e-04
3.859895e+02 6.861734e-04
3.863898e+02 6.686472e-04
3.867901e+02 6.809359e-04
3.871904e+02 7.129191e-04
3.875907e+02 7.480613e-04
3.879910e+02 7.717135e-04
3.883913e+02 7.735806e-04
3.887916e+02 7.512873e-04
3.891919e+02 7.202072e-04
3.895922e+02 6.977236e-04
3.899925e+02 6.981405e-04
3.903928e+02 7.136824e-04
3.907931e+02 7.296735e-04
3.911934e+02 7.331426e-04
3.915937e+02 7.161398e-04
3.919940e+02 6.817820e-04
3.923943e+02 6.491458e-04
3.927946e+02 6.350610e-04
3.931949e+02 6.459002e-04
3.935952e+02 6.733666e-04
3.939955e+02 6.925108e-04
3.943958e+02 6.971624e-04
3.947961e+02 6.791161e-04
3.951964e+02 6.475968e-04
3.955967e+02 6.245636e-04
3.959970e+02 6.254447e-04
3.963973e+02 6.478289e-04
3.967976e+02 6.802805e-04
3.971979e+02 7.023175e-04
3.975982e+02 7.060410e-04
3.979985e+02 6.870878e-04
3.983988e+02 6.576897e-04
3.987991e+02 6.387537e-04
3.991994e+02 6.443158e-04
3.995997e+02 6.709819e-04
4.000000e+02 7.062176e-04
