1.000000e-01 0.000000e+00
5.003003e-01 0.000000e+00
9.006006e-01 1.220326e+09
1.300901e+00 1.880210e+13
1.701201e+00 6.292986e+08
2.101502e+00 2.569367e+08
2.501802e+00 3.108286e+10
2.902102e+00 1.872749e+08
3.302402e+00 2.036412e+08
3.702703e+00 1.597541e+09
4.103003e+00 9.457604e+08
4.503303e+00 1.802863e+08
4.903604e+00 5.155126e+08
5.303904e+00 8.191947e+08
5.704204e+00 1.123746e+08
6.104505e+00 2.589998e+08
6.504805e+00 1.095470e+12
6.905105e+00 1.578499e+08
7.305405e+00 1.526615e+08
7.705706e+00 3.870156e+11
8.106006e+00 1.488457e+08
8.506306e+00 8.904686e+07
8.906607e+00 4.314938e+10
9.306907e+00 2.534436e+08
9.707207e+00 7.821595e+07
1.010751e+01 1.741909e+09
1.050781e+01 5.172192e+08
1.090811e+01 6.700782e+07
1.130841e+01 2.076868e+09
1.170871e+01 2.290315e+11
1.210901e+01 6.312245e+07
1.250931e+01 1.555795e+09
1.290961e+01 1.694437e+11
1.330991e+01 7.482217e+07
1.371021e+01 3.729394e+08
1.411051e+01 5.981316e+10
1.451081e+01 1.109287e+08
1.491111e+01 6.546780e+07
1.531141e+01 1.336025e+10
1.571171e+01 3.222135e+08
1.611201e+01 1.077713e+08
1.651231e+01 2.106007e+09
1.691261e+01 6.192950e+10
1.731291e+01 8.613779e+07
1.771321e+01 2.108701e+09
1.811351e+01 5.399520e+10
1.851381e+01 4.524443e+07
1.891411e+01 1.650808e+09
1.931441e+01 3.217243e+10
1.971471e+01 5.540657e+07
2.011502e+01 5.199694e+08
2.051532e+01 1.413433e+10
2.091562e+01 6.984206e+08
2.131592e+01 1.031888e+08
2.171622e+01 4.829057e+09
2.211652e+01 2.285002e+10
2.251682e+01 1.395573e+08
2.291712e+01 1.657845e+09
2.331742e+01 2.069886e+10
2.371772e+01 1.209948e+08
2.411802e+01 1.271610e+09
2.451832e+01 1.424293e+10
2.491862e+01 5.806989e+07
2.531892e+01 9.147929e+08
2.571922e+01 7.961090e+09
2.611952e+01 1.085618e+09
2.651982e+01 3.679466e+08
2.692012e+01 4.266522e+09
2.732042e+01 1.037793e+10
2.772072e+01 1.256038e+08
2.812102e+01 2.016212e+09
2.852132e+01 9.827639e+09
2.892162e+01 1.165497e+08
2.932192e+01 9.411643e+08
2.972222e+01 6.813286e+09
3.012252e+01 1.099714e+08
3.052282e+01 5.987459e+08
3.092312e+01 4.139993e+09
3.132342e+01 1.038272e+09
3.172372e+01 4.035194e+08
3.212402e+01 2.389575e+09
3.252432e+01 4.883614e+09
3.292462e+01 2.108834e+08
3.332492e+01 1.476883e+09
3.372523e+01 4.823270e+09
3.412553e+01 1.049387e+08
3.452583e+01 8.420852e+08
3.492613e+01 3.527258e+09
3.532643e+01 9.913421e+07
3.572673e+01 4.389207e+08
3.612703e+01 2.304482e+09
3.652733e+01 7.337428e+08
3.692763e+01 2.532582e+08
3.732793e+01 1.326729e+09
3.772823e+01 2.272727e+09
3.812853e+01 1.711969e+08
3.852883e+01 8.063443e+08
3.892913e+01 2.265402e+09
3.932943e+01 1.125209e+08
3.972973e+01 5.404877e+08
4.013003e+01 1.755407e+09
4.053033e+01 9.842840e+07
4.093063e+01 3.392454e+08
4.133093e+01 1.259528e+09
4.173123e+01 4.449217e+08
4.213153e+01 1.881083e+08
4.253183e+01 7.947627e+08
4.293213e+01 1.059924e+09
4.333243e+01 1.074226e+08
4.373273e+01 4.620285e+08
4.413303e+01 1.048974e+09
4.453333e+01 7.616201e+07
4.493363e+01 2.919232e+08
4.533393e+01 8.331657e+08
4.573423e+01 8.865804e+07
4.613453e+01 2.031504e+08
4.653483e+01 6.351036e+08
4.693514e+01 2.643686e+08
4.733544e+01 1.347598e+08
4.773574e+01 4.486304e+08
4.813604e+01 5.055089e+08
4.853634e+01 7.959797e+07
4.893664e+01 2.831199e+08
4.933694e+01 4.942388e+08
4.973724e+01 4.863166e+07
5.013754e+01 1.706096e+08
5.053784e+01 3.970934e+08
5.093814e+01 6.090163e+07
5.133844e+01 1.105515e+08
5.173874e+01 3.083480e+08
5.213904e+01 1.521206e+08
5.253934e+01 7.817811e+07
5.293964e+01 2.315157e+08
5.333994e+01 2.502793e+08
5.374024e+01 5.412010e+07
5.414054e+01 1.616461e+08
5.454084e+01 2.402519e+08
5.494114e+01 3.563277e+07
5.534144e+01 1.042876e+08
5.574174e+01 1.936887e+08
5.614204e+01 4.072802e+07
5.654234e+01 6.554092e+07
5.694264e+01 1.513502e+08
5.734294e+01 8.308548e+07
5.774324e+01 4.333730e+07
5.814354e+01 1.161339e+08
5.854384e+01 1.249305e+08
5.894414e+01 3.096250e+07
5.934444e+01 8.542141e+07
5.974474e+01 1.196938e+08
6.014505e+01 2.367017e+07
6.054535e+01 5.949021e+07
6.094565e+01 9.700095e+07
6.134595e+01 2.754829e+07
6.174625e+01 3.956154e+07
6.214655e+01 7.571124e+07
6.254685e+01 4.546380e+07
6.294715e+01 2.587438e+07
6.334745e+01 5.868263e+07
6.374775e+01 6.214315e+07
6.414805e+01 1.756491e+07
6.454835e+01 4.432773e+07
6.494865e+01 5.965614e+07
6.534895e+01 1.389886e+07
6.574925e+01 3.208976e+07
6.614955e+01 4.920054e+07
6.654985e+01 1.712140e+07
6.695015e+01 2.244893e+07
6.735045e+01 3.855774e+07
6.775075e+01 2.517273e+07
6.815105e+01 1.537599e+07
6.855135e+01 2.994634e+07
6.895165e+01 3.148726e+07
6.935195e+01 1.055094e+07
6.975225e+01 2.298192e+07
7.015255e+01 2.969702e+07
7.055285e+01 8.265022e+06
7.095315e+01 1.712336e+07
7.135345e+01 2.483734e+07
7.175375e+01 9.944135e+06
7.215405e+01 1.230240e+07
7.255435e+01 1.974220e+07
7.295465e+01 1.364233e+07
7.335495e+01 8.690915e+06
7.375526e+01 1.543080e+07
7.415556e+01 1.621054e+07
7.455586e+01 6.232948e+06
7.495616e+01 1.192958e+07
7.535646e+01 1.503916e+07
7.575676e+01 5.038073e+06
7.615706e+01 9.062564e+06
7.655736e+01 1.254883e+07
7.695766e+01 5.760957e+06
7.735796e+01 6.698472e+06
7.775826e+01 1.006018e+07
7.815856e+01 7.273445e+06
7.855886e+01 4.825106e+06
7.895916e+01 7.956588e+06
7.935946e+01 8.322525e+06
7.975976e+01 3.553179e+06
8.016006e+01 6.212658e+06
8.056036e+01 7.696192e+06
8.096066e+01 2.986846e+06
8.136096e+01 4.775982e+06
8.176126e+01 6.433647e+06
8.216156e+01 3.327299e+06
8.256186e+01 3.600469e+06
8.296216e+01 5.141258e+06
8.336246e+01 3.908490e+06
8.376276e+01 2.666585e+06
8.416306e+01 4.088233e+06
8.456336e+01 4.275633e+06
8.496366e+01 2.013413e+06
8.536396e+01 3.226409e+06
8.576426e+01 3.930790e+06
8.616456e+01 1.723762e+06
8.656486e+01 2.513482e+06
8.696517e+01 3.314690e+06
8.736547e+01 1.881939e+06
8.776577e+01 1.923113e+06
8.816607e+01 2.660171e+06
8.856637e+01 2.105142e+06
8.896667e+01 1.453486e+06
8.936697e+01 2.108873e+06
8.976727e+01 2.219632e+06
9.016757e+01 1.135012e+06
9.056787e+01 1.671713e+06
9.096817e+01 2.016217e+06
9.136847e+01 9.870122e+05
9.176877e+01 1.315623e+06
9.216907e+01 1.704523e+06
9.256937e+01 1.048761e+06
9.296967e+01 1.023233e+06
9.336997e+01 1.378962e+06
9.377027e+01 1.127353e+06
9.417057e+01 7.879670e+05
9.457087e+01 1.098214e+06
9.497117e+01 1.157736e+06
9.537147e+01 6.310793e+05
9.577177e+01 8.692770e+05
9.617207e+01 1.042168e+06
9.657237e+01 5.592478e+05
9.697267e+01 6.875264e+05
9.737297e+01 8.808462e+05
9.777327e+01 5.814219e+05
9.817357e+01 5.405810e+05
9.857387e+01 7.134955e+05
9.897417e+01 6.026366e+05
9.937447e+01 4.252995e+05
9.977477e+01 5.721371e+05
1.001751e+02 6.042092e+05
1.005754e+02 3.489344e+05
1.009757e+02 4.548014e+05
1.013760e+02 5.405120e+05
1.017763e+02 3.123267e+05
1.021766e+02 3.602864e+05
1.025769e+02 4.573856e+05
1.029772e+02 3.199093e+05
1.033775e+02 2.853670e+05
1.037778e+02 3.712701e+05
1.041781e+02 3.223684e+05
1.045784e+02 2.277558e+05
1.049787e+02 2.976190e+05
1.053790e+02 3.162797e+05
1.057793e+02 1.917101e+05
1.061796e+02 2.380235e+05
1.065799e+02 2.810020e+05
1.069802e+02 1.730631e+05
1.073805e+02 1.893279e+05
1.077808e+02 2.378556e+05
1.081811e+02 1.745419e+05
1.085814e+02 1.509994e+05
1.089817e+02 1.937907e+05
1.093820e+02 1.721877e+05
1.097823e+02 1.218920e+05
1.101826e+02 1.556582e+05
1.105829e+02 1.660275e+05
1.109832e+02 1.043579e+05
1.113835e+02 1.244380e+05
1.117838e+02 1.464986e+05
1.121841e+02 9.519486e+04
1.125844e+02 9.955542e+04
1.129847e+02 1.240605e+05
1.133850e+02 9.476981e+04
1.137853e+02 7.992144e+04
1.141856e+02 1.011329e+05
1.145859e+02 9.177188e+04
1.149862e+02 6.535084e+04
1.153865e+02 8.163225e+04
1.157868e+02 8.728568e+04
1.161871e+02 5.661401e+04
1.165874e+02 6.530685e+04
1.169877e+02 7.656365e+04
1.173880e+02 5.186553e+04
1.177883e+02 5.236952e+04
1.181886e+02 6.486433e+04
1.185889e+02 5.122207e+04
1.189892e+02 4.232986e+04
1.193895e+02 5.294817e+04
1.197898e+02 4.885423e+04
1.201901e+02 3.496539e+04
1.205904e+02 4.276661e+04
1.209907e+02 4.592226e+04
1.213910e+02 3.069437e+04
1.217913e+02 3.437360e+04
1.221916e+02 4.011418e+04
1.225919e+02 2.810794e+04
1.229922e+02 2.760186e+04
1.233925e+02 3.393485e+04
1.237928e+02 2.753301e+04
1.241931e+02 2.247232e+04
1.245934e+02 2.779662e+04
1.249937e+02 2.597840e+04
1.253940e+02 1.868983e+04
1.257943e+02 2.245524e+04
1.261946e+02 2.416346e+04
1.265949e+02 1.657771e+04
1.269952e+02 1.809180e+04
1.273955e+02 2.104832e+04
1.277958e+02 1.520140e+04
1.281961e+02 1.457904e+04
1.285964e+02 1.779497e+04
1.289967e+02 1.473849e+04
1.293970e+02 1.194122e+04
1.297973e+02 1.458687e+04
1.301976e+02 1.378921e+04
1.305979e+02 1.001290e+04
1.309982e+02 1.182802e+04
1.313985e+02 1.272529e+04
1.317988e+02 8.917187e+03
1.321991e+02 9.531105e+03
1.325994e+02 1.104389e+04
1.329997e+02 8.192748e+03
1.334000e+02 7.716060e+03
1.338003e+02 9.354539e+03
1.342006e+02 7.877010e+03
1.346009e+02 6.345560e+03
1.350012e+02 7.662833e+03
1.354015e+02 7.303305e+03
1.358018e+02 5.369051e+03
1.362021e+02 6.233729e+03
1.366024e+02 6.705113e+03
1.370027e+02 4.796857e+03
1.374030e+02 5.031463e+03
1.378033e+02 5.798962e+03
1.382036e+02 4.396323e+03
1.386039e+02 4.090040e+03
1.390042e+02 4.916328e+03
1.394045e+02 4.204274e+03
1.398048e+02 3.379846e+03
1.402051e+02 4.035817e+03
1.406054e+02 3.864714e+03
1.410057e+02 2.873094e+03
1.414060e+02 3.286152e+03
1.418063e+02 3.529741e+03
1.422066e+02 2.581566e+03
1.426069e+02 2.661232e+03
1.430072e+02 3.050228e+03
1.434075e+02 2.354171e+03
1.438078e+02 2.168160e+03
1.442081e+02 2.583115e+03
1.446084e+02 2.238240e+03
1.450087e+02 1.805394e+03
1.454090e+02 2.127566e+03
1.458093e+02 2.045626e+03
1.462096e+02 1.536469e+03
1.466099e+02 1.733876e+03
1.470102e+02 1.856882e+03
1.474105e+02 1.386609e+03
1.478108e+02 1.410383e+03
1.482111e+02 1.604898e+03
1.486114e+02 1.260622e+03
1.490117e+02 1.150110e+03
1.494120e+02 1.358746e+03
1.498123e+02 1.189318e+03
1.502126e+02 9.649379e+02
1.506129e+02 1.121839e+03
1.510132e+02 1.082386e+03
1.514135e+02 8.235005e+02
1.518138e+02 9.157105e+02
1.522141e+02 9.773301e+02
1.526144e+02 7.428358e+02
1.530147e+02 7.476702e+02
1.534150e+02 8.436707e+02
1.538153e+02 6.746123e+02
1.542156e+02 6.117194e+02
1.546159e+02 7.154455e+02
1.550162e+02 6.315955e+02
1.554165e+02 5.148598e+02
1.558168e+02 5.913541e+02
1.562171e+02 5.719366e+02
1.566174e+02 4.419461e+02
1.570177e+02 4.843307e+02
1.574180e+02 5.149200e+02
1.578183e+02 3.976244e+02
1.582186e+02 3.960302e+02
1.586189e+02 4.433919e+02
1.590192e+02 3.603446e+02
1.594195e+02 3.261027e+02
1.598198e+02 3.768981e+02
1.602201e+02 3.355230e+02
1.606204e+02 2.747308e+02
1.610207e+02 3.117333e+02
1.614210e+02 3.020313e+02
1.618213e+02 2.370020e+02
1.622216e+02 2.565003e+02
1.626219e+02 2.713176e+02
1.630222e+02 2.129207e+02
1.634225e+02 2.098338e+02
1.638228e+02 2.331765e+02
1.642231e+02 1.922115e+02
1.646234e+02 1.739339e+02
1.650237e+02 1.986031e+02
1.654240e+02 1.782414e+02
1.658243e+02 1.468386e+02
1.662246e+02 1.643306e+02
1.666249e+02 1.594942e+02
1.670252e+02 1.269019e+02
1.674255e+02 1.358539e+02
1.678258e+02 1.429284e+02
1.682261e+02 1.140597e+02
1.686264e+02 1.113702e+02
1.690267e+02 1.227116e+02
1.694270e+02 1.024451e+02
1.698273e+02 9.265659e+01
1.702276e+02 1.046077e+02
1.706279e+02 9.458250e+01
1.710282e+02 7.860717e+01
1.714285e+02 8.675127e+01
1.718288e+02 8.430422e+01
1.722291e+02 6.787222e+01
1.726294e+02 7.187972e+01
1.730297e+02 7.525855e+01
1.734300e+02 6.105659e+01
1.738303e+02 5.922474e+01
1.742306e+02 6.462595e+01
1.746309e+02 5.459483e+01
1.750312e+02 4.930818e+01
1.754315e+02 5.507675e+01
1.758318e+02 5.014326e+01
1.762321e+02 4.209760e+01
1.766324e+02 4.584817e+01
1.770327e+02 4.457792e+01
1.774330e+02 3.628205e+01
1.778333e+02 3.796844e+01
1.782336e+02 3.960370e+01
1.786339e+02 3.264337e+01
1.790342e+02 3.152572e+01
1.794345e+02 3.404740e+01
1.798348e+02 2.908793e+01
1.802351e+02 2.622469e+01
1.806354e+02 2.897143e+01
1.810357e+02 2.657283e+01
1.814360e+02 2.255078e+01
1.818363e+02 2.426495e+01
1.822366e+02 2.358014e+01
1.826369e+02 1.939508e+01
1.830372e+02 2.004889e+01
1.834375e+02 2.084968e+01
1.838378e+02 1.743599e+01
1.842381e+02 1.678235e+01
1.846384e+02 1.794854e+01
1.850387e+02 1.548941e+01
1.854390e+02 1.394280e+01
1.858393e+02 1.523195e+01
1.862396e+02 1.407504e+01
1.866399e+02 1.205794e+01
1.870402e+02 1.283643e+01
1.874405e+02 1.247236e+01
1.878408e+02 1.037178e+01
1.882411e+02 1.059469e+01
1.886414e+02 1.098155e+01
1.890417e+02 9.310965e+00
1.894420e+02 8.936446e+00
1.898423e+02 9.470532e+00
1.902426e+02 8.249849e+00
1.906429e+02 7.425988e+00
1.910432e+02 8.017409e+00
1.914435e+02 7.456331e+00
1.918438e+02 6.443146e+00
1.922441e+02 6.795259e+00
1.926444e+02 6.607889e+00
1.930447e+02 5.555043e+00
1.934450e+02 5.610600e+00
1.938453e+02 5.790653e+00
1.942456e+02 4.972226e+00
1.946459e+02 4.759436e+00
1.950462e+02 5.006298e+00
1.954465e+02 4.401323e+00
1.958468e+02 3.964726e+00
1.962471e+02 4.232554e+00
1.966474e+02 3.963910e+00
1.970477e+02 3.450762e+00
1.974480e+02 3.601335e+00
1.978483e+02 3.503785e+00
1.982486e+02 2.977387e+00
1.986489e+02 2.977300e+00
1.990492e+02 3.059123e+00
1.994495e+02 2.657822e+00
1.998498e+02 2.533212e+00
2.002502e+02 2.646379e+00
2.006505e+02 2.348478e+00
2.010508e+02 2.117802e+00
2.014511e+02 2.234063e+00
2.018514e+02 2.104215e+00
2.022517e+02 1.846182e+00
2.026520e+02 1.909026e+00
2.030523e+02 1.859638e+00
2.034526e+02 1.595098e+00
2.038529e+02 1.580755e+00
2.042532e+02 1.616873e+00
2.046535e+02 1.418986e+00
2.050538e+02 1.347578e+00
2.054541e+02 1.399399e+00
2.058544e+02 1.252627e+00
2.062547e+02 1.132418e+00
2.066550e+02 1.184480e+00
2.070553e+02 1.122374e+00
2.074556e+02 9.903298e-01
2.078559e+02 1.012597e+00
2.082562e+02 9.863289e-01
2.086565e+02 8.530839e-01
2.090568e+02 8.399277e-01
2.094571e+02 8.561148e-01
2.098574e+02 7.582716e-01
2.102577e+02 7.164623e-01
2.106580e+02 7.383442e-01
2.110583e+02 6.657281e-01
2.114586e+02 6.036614e-01
2.118589e+02 6.263352e-01
2.122592e+02 5.950264e-01
2.126595e+02 5.278935e-01
2.130598e+02 5.350743e-01
2.134601e+02 5.211314e-01
2.138604e+02 4.547393e-01
2.142607e+02 4.459355e-01
2.146610e+02 4.529327e-01
2.150613e+02 4.045978e-01
2.154616e+02 3.811166e-01
2.158619e+02 3.897039e-01
2.162622e+02 3.534714e-01
2.166625e+02 3.214187e-01
2.170628e+02 3.305334e-01
2.174631e+02 3.146167e-01
2.178634e+02 2.807777e-01
2.182637e+02 2.829746e-01
2.186640e+02 2.763784e-01
2.190643e+02 2.430074e-01
2.194646e+02 2.365528e-01
2.198649e+02 2.392410e-01
2.202652e+02 2.157096e-01
2.206655e+02 2.031444e-01
2.210658e+02 2.065430e-01
2.214661e+02 1.884353e-01
2.218664e+02 1.713543e-01
2.222667e+02 1.743136e-01
2.226670e+02 1.660158e-01
2.230673e+02 1.494533e-01
2.234676e+02 1.501804e-01
2.238679e+02 1.467406e-01
2.242682e+02 1.299167e-01
2.246685e+02 1.256130e-01
2.250688e+02 1.261510e-01
2.254691e+02 1.146010e-01
2.258694e+02 1.083556e-01
2.262697e+02 1.098729e-01
2.266700e+02 1.006707e-01
2.270703e+02 9.129330e-02
2.274706e+02 9.198031e-02
2.278709e+02 8.803143e-02
2.282712e+02 8.014501e-02
2.286715e+02 8.050957e-02
2.290718e+02 7.897830e-02
2.294721e+02 7.018117e-02
2.298724e+02 6.696124e-02
2.302727e+02 6.662462e-02
2.306730e+02 6.091933e-02
2.310733e+02 5.780472e-02
2.314736e+02 5.846181e-02
2.318739e+02 5.373999e-02
2.322742e+02 4.858823e-02
2.326745e+02 4.863246e-02
2.330748e+02 4.678966e-02
2.334751e+02 4.288334e-02
2.338754e+02 4.281570e-02
2.342757e+02 4.195306e-02
2.346760e+02 3.747308e-02
2.350763e+02 3.553732e-02
2.354766e+02 3.519989e-02
2.358769e+02 3.244892e-02
2.362772e+02 3.097018e-02
2.366775e+02 3.132232e-02
2.370778e+02 2.898092e-02
2.374781e+02 2.632316e-02
2.378784e+02 2.622329e-02
2.382787e+02 2.524327e-02
2.386790e+02 2.327045e-02
2.390793e+02 2.323673e-02
2.394796e+02 2.278479e-02
2.398799e+02 2.039050e-02
2.402802e+02 1.925293e-02
2.406805e+02 1.903329e-02
2.410808e+02 1.763119e-02
2.414811e+02 1.673194e-02
2.418814e+02 1.677786e-02
2.422817e+02 1.561945e-02
2.426820e+02 1.423062e-02
2.430823e+02 1.406203e-02
2.434826e+02 1.350491e-02
2.438829e+02 1.243262e-02
2.442832e+02 1.229826e-02
2.446835e+02 1.210776e-02
2.450838e+02 1.106628e-02
2.454841e+02 1.055409e-02
2.458844e+02 1.045515e-02
2.462847e+02 9.744921e-03
2.466850e+02 9.242689e-03
2.470853e+02 9.246243e-03
2.474856e+02 8.681594e-03
2.478859e+02 8.008972e-03
2.482862e+02 7.984457e-03
2.486865e+02 7.767786e-03
2.490868e+02 7.232942e-03
2.494871e+02 7.191194e-03
2.498874e+02 7.096513e-03
2.502877e+02 6.450315e-03
2.506880e+02 6.107122e-03
2.510883e+02 6.085394e-03
2.514886e+02 5.746859e-03
2.518889e+02 5.448422e-03
2.522892e+02 5.401712e-03
2.526895e+02 5.112392e-03
2.530898e+02 4.793691e-03
2.534901e+02 4.759781e-03
2.538904e+02 4.578811e-03
2.542907e+02 4.269108e-03
2.546910e+02 4.216881e-03
2.550913e+02 4.118457e-03
2.554916e+02 3.779466e-03
2.558919e+02 3.643240e-03
2.562922e+02 3.665538e-03
2.566925e+02 3.486797e-03
2.570928e+02 3.315976e-03
2.574931e+02 3.268021e-03
2.578934e+02 3.066957e-03
2.582937e+02 2.872799e-03
2.586940e+02 2.904159e-03
2.590943e+02 2.895013e-03
2.594946e+02 2.766809e-03
2.598949e+02 2.726682e-03
2.602952e+02 2.650769e-03
2.606955e+02 2.429806e-03
2.610958e+02 2.320332e-03
2.614961e+02 2.319944e-03
2.618964e+02 2.240947e-03
2.622967e+02 2.173378e-03
2.626970e+02 2.149192e-03
2.630973e+02 2.036932e-03
2.634976e+02 1.925041e-03
2.638979e+02 1.917568e-03
2.642982e+02 1.903364e-03
2.646985e+02 1.841017e-03
2.650988e+02 1.802330e-03
2.654991e+02 1.739085e-03
2.658994e+02 1.615623e-03
2.662997e+02 1.546386e-03
2.667000e+02 1.540026e-03
2.671003e+02 1.510920e-03
2.675006e+02 1.491351e-03
2.679009e+02 1.489637e-03
2.683012e+02 1.420253e-03
2.687015e+02 1.326852e-03
2.691018e+02 1.316866e-03
2.695021e+02 1.348261e-03
2.699024e+02 1.365027e-03
2.703027e+02 1.391163e-03
2.707030e+02 1.375023e-03
2.711033e+02 1.257595e-03
2.715036e+02 1.146573e-03
2.719039e+02 1.111131e-03
2.723042e+02 1.107684e-03
2.727045e+02 1.127653e-03
2.731048e+02 1.145224e-03
2.735051e+02 1.093188e-03
2.739054e+02 1.014209e-03
2.743057e+02 1.007273e-03
2.747060e+02 1.050992e-03
2.751063e+02 1.074811e-03
2.755066e+02 1.075805e-03
2.759069e+02 1.036619e-03
2.763072e+02 9.373622e-04
2.767075e+02 8.675884e-04
2.771078e+02 8.830116e-04
2.775081e+02 9.345555e-04
2.779084e+02 9.843702e-04
2.783087e+02 1.007209e-03
2.787090e+02 9.610766e-04
2.791093e+02 8.865881e-04
2.795096e+02 8.799962e-04
2.799099e+02 9.314896e-04
2.803102e+02 9.764484e-04
2.807105e+02 9.918026e-04
2.811108e+02 9.486648e-04
2.815111e+02 8.398322e-04
2.819114e+02 7.613357e-04
2.823117e+02 7.761012e-04
2.827120e+02 8.375839e-04
2.831123e+02 8.943550e-04
2.835126e+02 9.146910e-04
2.839129e+02 8.738955e-04
2.843132e+02 8.191565e-04
2.847135e+02 8.195589e-04
2.851138e+02 8.593954e-04
2.855141e+02 8.999227e-04
2.859144e+02 9.203182e-04
2.863147e+02 8.795748e-04
2.867150e+02 7.814823e-04
2.871153e+02 7.163027e-04
2.875156e+02 7.328068e-04
2.879159e+02 7.934533e-04
2.883162e+02 8.534455e-04
2.887165e+02 8.748125e-04
2.891168e+02 8.251427e-04
2.895171e+02 7.470085e-04
2.899174e+02 7.241241e-04
2.903177e+02 7.662185e-04
2.907180e+02 8.331118e-04
2.911183e+02 8.868480e-04
2.915186e+02 8.801401e-04
2.919189e+02 8.112732e-04
2.923192e+02 7.594427e-04
2.927195e+02 7.628728e-04
2.931198e+02 7.883906e-04
2.935201e+02 8.093834e-04
2.939204e+02 8.081433e-04
2.943207e+02 7.738226e-04
2.947210e+02 7.384874e-04
2.951213e+02 7.436377e-04
2.955216e+02 7.787505e-04
2.959219e+02 8.134725e-04
2.963222e+02 8.291710e-04
2.967225e+02 8.021994e-04
2.971228e+02 7.400103e-04
2.975231e+02 7.028116e-04
2.979234e+02 7.217698e-04
2.983237e+02 7.657324e-04
2.987240e+02 7.977446e-04
2.991243e+02 7.962341e-04
2.995246e+02 7.536943e-04
2.999249e+02 7.045247e-04
3.003252e+02 7.001507e-04
3.007255e+02 7.430807e-04
3.011258e+02 7.968010e-04
3.015261e+02 8.289032e-04
3.019264e+02 8.141300e-04
3.023267e+02 7.530224e-04
3.027270e+02 7.018803e-04
3.031273e+02 7.112459e-04
3.035276e+02 7.623424e-04
3.039279e+02 8.054170e-04
3.043282e+02 8.084505e-04
3.047285e+02 7.633265e-04
3.051288e+02 7.058616e-04
3.055291e+02 6.947173e-04
3.059294e+02 7.360041e-04
3.063297e+02 7.884543e-04
3.067300e+02 8.141791e-04
3.071303e+02 7.968107e-04
3.075306e+02 7.548707e-04
3.079309e+02 7.333630e-04
3.083312e+02 7.509107e-04
3.087315e+02 7.823527e-04
3.091318e+02 8.021091e-04
3.095321e+02 8.052270e-04
3.099324e+02 7.902819e-04
3.103327e+02 7.686728e-04
3.107330e+02 7.639232e-04
3.111333e+02 7.780008e-04
3.115336e+02 7.993181e-04
3.119339e+02 8.167233e-04
3.123342e+02 8.069507e-04
3.127345e+02 7.625760e-04
3.131348e+02 7.247872e-04
3.135351e+02 7.317428e-04
3.139354e+02 7.734559e-04
3.143357e+02 8.138117e-04
3.147360e+02 8.162140e-04
3.151363e+02 7.717881e-04
3.155366e+02 7.232998e-04
3.159369e+02 7.177532e-04
3.163372e+02 7.494597e-04
3.167375e+02 7.890658e-04
3.171378e+02 8.083559e-04
3.175381e+02 7.809662e-04
3.179384e+02 7.219010e-04
3.183387e+02 6.890530e-04
3.187390e+02 7.141907e-04
3.191393e+02 7.745104e-04
3.195396e+02 8.250872e-04
3.199399e+02 8.330120e-04
3.203402e+02 8.028419e-04
3.207405e+02 7.744375e-04
3.211408e+02 7.762113e-04
3.215411e+02 8.009814e-04
3.219414e+02 8.361621e-04
3.223417e+02 8.644290e-04
3.227420e+02 8.490674e-04
3.231423e+02 7.864270e-04
3.235426e+02 7.330292e-04
3.239429e+02 7.311021e-04
3.243432e+02 7.669406e-04
3.247435e+02 8.038904e-04
3.251438e+02 8.068215e-04
3.255441e+02 7.645546e-04
3.259444e+02 7.150122e-04
3.263447e+02 7.083334e-04
3.267450e+02 7.456026e-04
3.271453e+02 7.916211e-04
3.275456e+02 8.116342e-04
3.279459e+02 7.793693e-04
3.283462e+02 7.071977e-04
3.287465e+02 6.576208e-04
3.291468e+02 6.740265e-04
3.295471e+02 7.363358e-04
3.299474e+02 7.955660e-04
3.303477e+02 8.119032e-04
3.307480e+02 7.810991e-04
3.311483e+02 7.459624e-04
3.315486e+02 7.486049e-04
3.319489e+02 7.831702e-04
3.323492e+02 8.213430e-04
3.327495e+02 8.378200e-04
3.331498e+02 8.090246e-04
3.335502e+02 7.465233e-04
3.339505e+02 7.079222e-04
3.343508e+02 7.268661e-04
3.347511e+02 7.790694e-04
3.351514e+02 8.260992e-04
3.355517e+02 8.406991e-04
3.359520e+02 8.158411e-04
3.363523e+02 7.836772e-04
3.367526e+02 7.836005e-04
3.371529e+02 8.111842e-04
3.375532e+02 8.355998e-04
3.379535e+02 8.382802e-04
3.383538e+02 8.114563e-04
3.387541e+02 7.619661e-04
3.391544e+02 7.237453e-04
3.395547e+02 7.230888e-04
3.399550e+02 7.496214e-04
3.403553e+02 7.782125e-04
3.407556e+02 7.889118e-04
3.411559e+02 7.770846e-04
3.415562e+02 7.632461e-04
3.419565e+02 7.691091e-04
3.423568e+02 7.884149e-04
3.427571e+02 8.049246e-04
3.431574e+02 8.107854e-04
3.435577e+02 7.943792e-04
3.439580e+02 7.534946e-04
3.443583e+02 7.179681e-04
3.447586e+02 7.170090e-04
3.451589e+02 7.466482e-04
3.455592e+02 7.854970e-04
3.459595e+02 8.091982e-04
3.463598e+02 8.011061e-04
3.467601e+02 7.745636e-04
3.471604e+02 7.607772e-04
3.475607e+02 7.691707e-04
3.479610e+02 7.862894e-04
3.483613e+02 7.963737e-04
3.487616e+02 7.838304e-04
3.491619e+02 7.478893e-04
3.495622e+02 7.168728e-04
3.499625e+02 7.168435e-04
3.503628e+02 7.440431e-04
3.507631e+02 7.793281e-04
3.511634e+02 8.013160e-04
3.515637e+02 7.950874e-04
3.519640e+02 7.721294e-04
3.523643e+02 7.615601e-04
3.527646e+02 7.750842e-04
3.531649e+02 8.002432e-04
3.535652e+02 8.149256e-04
3.539655e+02 7.976317e-04
3.543658e+02 7.479441e-04
3.547661e+02 7.002041e-04
3.551664e+02 6.911198e-04
3.555667e+02 7.216907e-04
3.559670e+02 7.650353e-04
3.563673e+02 7.918015e-04
3.567676e+02 7.875064e-04
3.571679e+02 7.642142e-04
3.575682e+02 7.491963e-04
3.579685e+02 7.563885e-04
3.583688e+02 7.764435e-04
3.587691e+02 7.861278e-04
3.591694e+02 7.647797e-04
3.595697e+02 7.185075e-04
3.599700e+02 6.832851e-04
3.603703e+02 6.868649e-04
3.607706e+02 7.217349e-04
3.611709e+02 7.615918e-04
3.615712e+02 7.817728e-04
3.619715e+02 7.707743e-04
3.623718e+02 7.441128e-04
3.627721e+02 7.324941e-04
3.631724e+02 7.462113e-04
3.635727e+02 7.683354e-04
3.639730e+02 7.771897e-04
3.643733e+02 7.615838e-04
3.647736e+02 7.289170e-04
3.651739e+02 7.055694e-04
3.655742e+02 7.131794e-04
3.659745e+02 7.466157e-04
3.663748e+02 7.831431e-04
3.667751e+02 8.014497e-04
3.671754e+02 7.944654e-04
3.675757e+02 7.770498e-04
3.679760e+02 7.718649e-04
3.683763e+02 7.828812e-04
3.687766e+02 7.953797e-04
3.691769e+02 7.931578e-04
3.695772e+02 7.674852e-04
3.699775e+02 7.281024e-04
3.703778e+02 7.042028e-04
3.707781e+02 7.151495e-04
3.711784e+02 7.500411e-04
3.715787e+02 7.850534e-04
3.719790e+02 8.040642e-04
3.723793e+02 8.029662e-04
3.727796e+02 7.922565e-04
3.731799e+02 7.890207e-04
3.735802e+02 8.000615e-04
3.739805e+02 8.177162e-04
3.743808e+02 8.152796e-04
3.747811e+02 7.939233e-04
3.751814e+02 7.608008e-04
3.755817e+02 7.393401e-04
3.759820e+02 7.478487e-04
3.763823e+02 7.806330e-04
3.767826e+02 8.185589e-04
3.771829e+02 8.342435e-04
3.775832e+02 8.204672e-04
3.779835e+02 7.958537e-04
3.783838e+02 7.768174e-04
3.787841e+02 7.846448e-04
3.791844e+02 7.999887e-04
3.795847e+02 8.013435e-04
3.799850e+02 7.805067e-04
3.803853e+02 7.539779e-04
3.807856e+02 7.247588e-04
3.811859e+02 7.314837e-04
3.815862e+02 7.679918e-04
3.819865e+02 8.125598e-04
3.823868e+02 8.392767e-04
3.827871e+02 8.339303e-04
3.831874e+02 8.102656e-04
3.835877e+02 7.837563e-04
3.839880e+02 7.839643e-04
3.843883e+02 7.998616e-04
3.847886e+02 8.071861e-04
3.851889e+02 7.899281e-04
3.855892e+02 7.613450e-04
3.859895e+02 7.237129e-04
3.863898e+02 7.222050e-04
3.867901e+02 7.513082e-04
3.871904e+02 7.877960e-04
3.875907e+02 8.078761e-04
3.879910e+02 8.030148e-04
3.883913e+02 7.884642e-04
3.887916e+02 7.712895e-04
3.891919e+02 7.747550e-04
3.895922e+02 7.871210e-04
3.899925e+02 7.923083e-04
3.903928e+02 7.819692e-04
3.907931e+02 7.596879e-04
3.911934e+02 7.445431e-04
3.915937e+02 7.463495e-04
3.919940e+02 7.726328e-04
3.923943e+02 8.084380e-04
3.927946e+02 8.308787e-04
3.931949e+02 8.261450e-04
3.935952e+02 8.057086e-04
3.939955e+02 7.769733e-04
3.943958e+02 7.687891e-04
3.947961e+02 7.782293e-04
3.951964e+02 7.865183e-04
3.955967e+02 7.799482e-04
3.959970e+02 7.544094e-04
3.963973e+02 7.277961e-04
3.967976e+02 7.215287e-04
3.971979e+02 7.396392e-04
3.975982e+02 7.686162e-04
3.979985e+02 7.857914e-04
3.983988e+02 7.795571e-04
3.987991e+02 7.562039e-04
3.991994e+02 7.378886e-04
3.995997e+02 7.396056e-04
4.000000e+02 7.571515e-04
