1.000000e-01 0.000000e+00
5.003003e-01 0.000000e+00
9.006006e-01 7.690875e+08
1.300901e+00 1.944555e+09
1.701201e+00 7.709739e+10
2.101502e+00 7.788107e+08
2.501802e+00 2.811702e+08
2.902102e+00 3.104140e+08
3.302402e+00 6.012070e+11
3.702703e+00 1.700793e+08
4.103003e+00 1.431699e+08
4.503303e+00 3.398071e+08
4.903604e+00 4.102245e+11
5.303904e+00 5.123875e+08
5.704204e+00 1.549034e+08
6.104505e+00 1.979962e+08
6.504805e+00 2.531398e+11
6.905105e+00 2.481544e+08
7.305405e+00 8.518460e+07
7.705706e+00 1.722256e+08
8.106006e+00 1.414868e+10
8.506306e+00 5.084423e+08
8.906607e+00 9.092932e+07
9.306907e+00 1.394045e+08
9.707207e+00 3.134974e+10
1.010751e+01 4.554638e+08
1.050781e+01 6.787989e+07
1.090811e+01 1.001074e+08
1.130841e+01 2.540632e+10
1.170871e+01 9.210910e+09
1.210901e+01 6.132862e+07
1.250931e+01 2.342957e+08
1.290961e+01 1.995272e+09
1.330991e+01 8.128133e+10
1.371021e+01 5.713112e+07
1.411051e+01 8.986244e+07
1.451081e+01 7.712896e+09
1.491111e+01 6.509598e+10
1.531141e+01 5.519014e+07
1.571171e+01 9.964272e+07
1.611201e+01 4.899203e+09
1.651231e+01 7.048983e+10
1.691261e+01 5.426300e+07
1.731291e+01 1.893936e+08
1.771321e+01 7.610499e+08
1.811351e+01 3.952867e+10
1.851381e+01 6.500873e+07
1.891411e+01 4.783230e+07
1.931441e+01 2.443629e+09
1.971471e+01 1.637701e+10
2.011502e+01 8.571780e+07
2.051532e+01 8.590560e+07
2.091562e+01 1.189974e+09
2.131592e+01 1.313917e+10
2.171622e+01 3.358325e+09
2.211652e+01 1.106328e+08
2.251682e+01 3.928810e+08
2.291712e+01 7.079433e+09
2.331742e+01 1.200513e+10
2.371772e+01 2.822338e+07
2.411802e+01 8.318809e+08
2.451832e+01 3.236556e+09
2.491862e+01 1.054206e+10
2.531892e+01 6.276969e+07
2.571922e+01 3.396205e+08
2.611952e+01 2.963135e+09
2.651982e+01 8.548030e+09
2.692012e+01 5.721249e+07
2.732042e+01 2.017975e+08
2.772072e+01 1.732399e+09
2.812102e+01 7.621673e+09
2.852132e+01 2.366724e+07
2.892162e+01 2.898525e+08
2.932192e+01 9.155860e+08
2.972222e+01 4.624253e+09
3.012252e+01 7.602672e+07
3.052282e+01 1.160102e+08
3.092312e+01 8.171607e+08
3.132342e+01 2.712340e+09
3.172372e+01 6.789036e+08
3.212402e+01 9.720203e+07
3.252432e+01 5.143226e+08
3.292462e+01 2.331055e+09
3.332492e+01 1.798368e+09
3.372523e+01 1.031933e+08
3.412553e+01 3.003696e+08
3.452583e+01 1.521567e+09
3.492613e+01 1.974531e+09
3.532643e+01 4.727881e+07
3.572673e+01 2.525050e+08
3.612703e+01 7.766034e+08
3.652733e+01 1.474784e+09
3.692763e+01 4.421336e+07
3.732793e+01 1.734164e+08
3.772823e+01 6.187269e+08
3.812853e+01 1.204872e+09
3.852883e+01 4.112231e+07
3.892913e+01 1.052943e+08
3.932943e+01 4.373900e+08
3.972973e+01 9.540887e+08
4.013003e+01 4.653058e+07
4.053033e+01 8.546554e+07
4.093063e+01 2.236628e+08
4.133093e+01 6.022028e+08
4.173123e+01 1.516203e+08
4.213153e+01 6.371552e+07
4.253183e+01 1.824038e+08
4.293213e+01 4.228268e+08
4.333243e+01 2.963349e+08
4.373273e+01 3.837957e+07
4.413303e+01 1.396966e+08
4.453333e+01 3.571314e+08
4.493363e+01 3.526760e+08
4.533393e+01 3.144739e+07
4.573423e+01 7.371298e+07
4.613453e+01 2.399153e+08
4.653483e+01 2.951573e+08
4.693514e+01 2.484180e+07
4.733544e+01 6.102244e+07
4.773574e+01 1.514503e+08
4.813604e+01 2.242937e+08
4.853634e+01 1.625780e+07
4.893664e+01 4.828287e+07
4.933694e+01 1.214387e+08
4.973724e+01 1.773698e+08
5.013754e+01 2.187657e+07
5.053784e+01 2.616435e+07
5.093814e+01 8.343110e+07
5.133844e+01 1.325263e+08
5.173874e+01 3.886326e+07
5.213904e+01 2.208533e+07
5.253934e+01 4.991908e+07
5.293964e+01 9.065910e+07
5.333994e+01 5.505433e+07
5.374024e+01 1.755542e+07
5.414054e+01 3.919132e+07
5.454084e+01 6.826606e+07
5.494114e+01 6.538168e+07
5.534144e+01 9.807951e+06
5.574174e+01 2.815656e+07
5.614204e+01 5.417316e+07
5.654234e+01 5.920676e+07
5.694264e+01 8.572467e+06
5.734294e+01 1.694838e+07
5.774324e+01 3.772045e+07
5.814354e+01 4.618113e+07
5.854384e+01 7.457294e+06
5.894414e+01 1.343224e+07
5.934444e+01 2.650674e+07
5.974474e+01 3.568319e+07
6.014505e+01 6.579500e+06
6.054535e+01 1.006470e+07
6.094565e+01 2.099643e+07
6.134595e+01 2.750259e+07
6.174625e+01 9.716158e+06
6.214655e+01 6.184849e+06
6.254685e+01 1.489295e+07
6.294715e+01 2.015568e+07
6.334745e+01 1.203873e+07
6.374775e+01 4.936169e+06
6.414805e+01 9.898204e+06
6.454835e+01 1.474912e+07
6.494865e+01 1.270489e+07
6.534895e+01 3.798150e+06
6.574925e+01 7.654800e+06
6.614955e+01 1.122776e+07
6.654985e+01 1.191540e+07
6.695015e+01 2.448273e+06
6.735045e+01 5.518081e+06
6.775075e+01 8.531650e+06
6.815105e+01 9.911963e+06
6.855135e+01 2.199796e+06
6.895165e+01 3.580603e+06
6.935195e+01 6.196539e+06
6.975225e+01 7.550310e+06
7.015255e+01 2.194461e+06
7.055285e+01 2.756506e+06
7.095315e+01 4.568060e+06
7.135345e+01 5.848113e+06
7.175375e+01 2.326371e+06
7.215405e+01 2.042274e+06
7.255435e+01 3.526323e+06
7.295465e+01 4.453165e+06
7.335495e+01 2.643176e+06
7.375526e+01 1.332670e+06
7.415556e+01 2.573640e+06
7.455586e+01 3.284042e+06
7.495616e+01 2.753590e+06
7.535646e+01 1.040659e+06
7.575676e+01 1.833095e+06
7.615706e+01 2.471105e+06
7.655736e+01 2.445560e+06
7.695766e+01 8.138483e+05
7.735796e+01 1.403367e+06
7.775826e+01 1.879775e+06
7.815856e+01 2.101935e+06
7.855886e+01 6.096123e+05
7.895916e+01 1.027101e+06
7.935946e+01 1.408128e+06
7.975976e+01 1.677677e+06
8.016006e+01 5.841102e+05
8.056036e+01 7.136053e+05
8.096066e+01 1.049510e+06
8.136096e+01 1.274061e+06
8.176126e+01 6.122331e+05
8.216156e+01 5.410089e+05
8.256186e+01 7.901462e+05
8.296216e+01 9.803586e+05
8.336246e+01 5.932714e+05
8.376276e+01 4.003313e+05
8.416306e+01 5.994818e+05
8.456336e+01 7.475450e+05
8.496366e+01 5.953904e+05
8.536396e+01 2.798058e+05
8.576426e+01 4.458633e+05
8.616456e+01 5.553761e+05
8.656486e+01 5.388344e+05
8.696517e+01 2.198664e+05
8.736547e+01 3.302464e+05
8.776577e+01 4.215649e+05
8.816607e+01 4.515895e+05
8.856637e+01 1.825376e+05
8.896667e+01 2.504301e+05
8.936697e+01 3.213820e+05
8.976727e+01 3.666694e+05
9.016757e+01 1.528136e+05
9.056787e+01 1.859900e+05
9.096817e+01 2.400470e+05
9.136847e+01 2.893069e+05
9.176877e+01 1.492694e+05
9.216907e+01 1.357376e+05
9.256937e+01 1.814089e+05
9.296967e+01 2.188768e+05
9.336997e+01 1.430881e+05
9.377027e+01 1.024902e+05
9.417057e+01 1.378960e+05
9.457087e+01 1.680666e+05
9.497117e+01 1.325097e+05
9.537147e+01 7.742657e+04
9.577177e+01 1.036700e+05
9.617207e+01 1.283946e+05
9.657237e+01 1.179443e+05
9.697267e+01 5.826602e+04
9.737297e+01 7.825364e+04
9.777327e+01 9.602823e+04
9.817357e+01 1.014329e+05
9.857387e+01 4.791413e+04
9.897417e+01 5.901281e+04
9.937447e+01 7.312612e+04
9.977477e+01 8.121366e+04
1.001751e+02 4.121271e+04
1.005754e+02 4.449267e+04
1.009757e+02 5.581973e+04
1.013760e+02 6.464963e+04
1.017763e+02 3.688242e+04
1.021766e+02 3.358312e+04
1.025769e+02 4.184854e+04
1.029772e+02 5.035403e+04
1.033775e+02 3.357088e+04
1.037778e+02 2.523953e+04
1.041781e+02 3.180108e+04
1.045784e+02 3.825362e+04
1.049787e+02 3.091021e+04
1.053790e+02 1.935981e+04
1.057793e+02 2.428053e+04
1.061796e+02 2.926818e+04
1.065799e+02 2.652950e+04
1.069802e+02 1.515255e+04
1.073805e+02 1.825113e+04
1.077808e+02 2.239890e+04
1.081811e+02 2.262462e+04
1.085814e+02 1.227082e+04
1.089817e+02 1.387456e+04
1.093820e+02 1.686237e+04
1.097823e+02 1.849488e+04
1.101826e+02 1.033218e+04
1.105829e+02 1.056467e+04
1.109832e+02 1.284668e+04
1.113835e+02 1.464917e+04
1.117838e+02 9.181451e+03
1.121841e+02 7.984927e+03
1.125844e+02 9.818848e+03
1.129847e+02 1.143868e+04
1.133850e+02 8.012994e+03
1.137853e+02 6.119555e+03
1.141856e+02 7.404576e+03
1.145859e+02 8.879889e+03
1.149862e+02 7.132374e+03
1.153865e+02 4.738840e+03
1.157868e+02 5.635116e+03
1.161871e+02 6.753672e+03
1.165874e+02 6.123077e+03
1.169877e+02 3.725115e+03
1.173880e+02 4.311395e+03
1.177883e+02 5.164847e+03
1.181886e+02 5.153667e+03
1.185889e+02 3.058555e+03
1.189892e+02 3.257742e+03
1.193895e+02 3.954150e+03
1.197898e+02 4.189149e+03
1.201901e+02 2.547659e+03
1.205904e+02 2.484490e+03
1.209907e+02 2.992905e+03
1.213910e+02 3.374207e+03
1.217913e+02 2.211365e+03
1.221916e+02 1.908990e+03
1.225919e+02 2.281519e+03
1.229922e+02 2.631374e+03
1.233925e+02 1.908509e+03
1.237928e+02 1.458823e+03
1.241931e+02 1.744673e+03
1.245934e+02 2.044834e+03
1.249937e+02 1.666586e+03
1.253940e+02 1.142494e+03
1.257943e+02 1.322539e+03
1.261946e+02 1.577734e+03
1.265949e+02 1.406306e+03
1.269952e+02 9.072508e+02
1.273955e+02 1.008231e+03
1.277958e+02 1.204553e+03
1.281961e+02 1.185636e+03
1.285964e+02 7.406240e+02
1.289967e+02 7.722614e+02
1.293970e+02 9.200492e+02
1.297973e+02 9.623283e+02
1.301976e+02 6.161014e+02
1.305979e+02 5.879699e+02
1.309982e+02 7.047305e+02
1.313985e+02 7.736156e+02
1.317988e+02 5.289283e+02
1.321991e+02 4.510991e+02
1.325994e+02 5.354095e+02
1.329997e+02 6.100110e+02
1.334000e+02 4.489575e+02
1.338003e+02 3.503428e+02
1.342006e+02 4.087199e+02
1.346009e+02 4.755497e+02
1.350012e+02 3.878590e+02
1.354015e+02 2.736723e+02
1.358018e+02 3.125358e+02
1.362021e+02 3.667227e+02
1.366024e+02 3.252231e+02
1.370027e+02 2.178702e+02
1.374030e+02 2.381214e+02
1.378033e+02 2.826831e+02
1.382036e+02 2.721077e+02
1.386039e+02 1.787655e+02
1.390042e+02 1.818893e+02
1.394045e+02 2.161390e+02
1.398048e+02 2.212998e+02
1.402051e+02 1.471341e+02
1.406054e+02 1.397855e+02
1.410057e+02 1.652205e+02
1.414060e+02 1.787168e+02
1.418063e+02 1.252987e+02
1.422066e+02 1.075945e+02
1.426069e+02 1.265575e+02
1.430072e+02 1.408616e+02
1.434075e+02 1.054208e+02
1.438078e+02 8.323101e+01
1.442081e+02 9.640328e+01
1.446084e+02 1.106286e+02
1.450087e+02 9.000641e+01
1.454090e+02 6.588308e+01
1.458093e+02 7.372988e+01
1.462096e+02 8.575557e+01
1.466099e+02 7.500209e+01
1.470102e+02 5.223893e+01
1.474105e+02 5.641190e+01
1.478108e+02 6.615673e+01
1.482111e+02 6.270326e+01
1.486114e+02 4.276955e+01
1.490117e+02 4.328081e+01
1.494120e+02 5.090982e+01
1.498123e+02 5.085895e+01
1.502126e+02 3.514072e+01
1.506129e+02 3.314955e+01
1.510132e+02 3.898543e+01
1.514135e+02 4.116954e+01
1.518138e+02 2.959021e+01
1.522141e+02 2.571014e+01
1.526144e+02 2.986044e+01
1.530147e+02 3.264504e+01
1.534150e+02 2.469603e+01
1.538153e+02 1.996756e+01
1.542156e+02 2.286399e+01
1.546159e+02 2.570741e+01
1.550162e+02 2.094941e+01
1.554165e+02 1.576304e+01
1.558168e+02 1.749782e+01
1.562171e+02 2.001782e+01
1.566174e+02 1.734035e+01
1.570177e+02 1.257150e+01
1.574180e+02 1.340481e+01
1.578183e+02 1.553367e+01
1.582186e+02 1.442783e+01
1.586189e+02 1.022456e+01
1.590192e+02 1.027630e+01
1.594195e+02 1.194197e+01
1.598198e+02 1.171848e+01
1.602201e+02 8.362855e+00
1.606204e+02 7.931023e+00
1.610207e+02 9.215063e+00
1.614210e+02 9.499470e+00
1.618213e+02 7.000707e+00
1.622216e+02 6.132377e+00
1.626219e+02 7.054278e+00
1.630222e+02 7.539174e+00
1.634225e+02 5.799850e+00
1.638228e+02 4.794315e+00
1.642231e+02 5.426269e+00
1.646234e+02 5.983334e+00
1.650237e+02 4.875659e+00
1.654240e+02 3.783817e+00
1.658243e+02 4.151432e+00
1.662246e+02 4.655722e+00
1.666249e+02 4.015337e+00
1.670252e+02 3.008331e+00
1.674255e+02 3.190413e+00
1.678258e+02 3.641514e+00
1.682261e+02 3.337527e+00
1.686264e+02 2.444523e+00
1.690267e+02 2.446568e+00
1.694270e+02 2.806652e+00
1.698273e+02 2.700649e+00
1.702276e+02 1.993962e+00
1.706279e+02 1.894760e+00
1.710282e+02 2.172099e+00
1.714285e+02 2.196849e+00
1.718288e+02 1.653815e+00
1.722291e+02 1.469231e+00
1.726294e+02 1.668650e+00
1.730297e+02 1.741072e+00
1.734300e+02 1.360184e+00
1.738303e+02 1.144761e+00
1.742306e+02 1.281964e+00
1.746309e+02 1.385716e+00
1.750312e+02 1.135913e+00
1.754315e+02 9.011105e-01
1.758318e+02 9.816816e-01
1.762321e+02 1.084219e+00
1.766324e+02 9.306004e-01
1.770327e+02 7.179830e-01
1.774330e+02 7.538601e-01
1.778333e+02 8.456425e-01
1.782336e+02 7.690675e-01
1.786339e+02 5.797307e-01
1.790342e+02 5.800495e-01
1.794345e+02 6.554594e-01
1.798348e+02 6.214812e-01
1.802351e+02 4.713669e-01
1.806354e+02 4.496144e-01
1.810357e+02 5.077623e-01
1.814360e+02 5.046050e-01
1.818363e+02 3.889088e-01
1.822366e+02 3.481721e-01
1.826369e+02 3.912598e-01
1.830372e+02 4.021025e-01
1.834375e+02 3.176026e-01
1.838378e+02 2.714538e-01
1.842381e+02 3.008090e-01
1.846384e+02 3.198753e-01
1.850387e+02 2.654686e-01
1.854390e+02 2.166728e-01
1.858393e+02 2.335074e-01
1.862396e+02 2.513809e-01
1.866399e+02 2.158826e-01
1.870402e+02 1.712500e-01
1.874405e+02 1.787544e-01
1.878408e+02 1.971766e-01
1.882411e+02 1.788437e-01
1.886414e+02 1.399437e-01
1.890417e+02 1.394526e-01
1.894420e+02 1.541560e-01
1.898423e+02 1.449399e-01
1.902426e+02 1.124631e-01
1.906429e+02 1.071878e-01
1.910432e+02 1.194119e-01
1.914435e+02 1.172740e-01
1.918438e+02 9.270219e-02
1.922441e+02 8.381313e-02
1.926444e+02 9.204150e-02
1.930447e+02 9.304003e-02
1.934450e+02 7.529879e-02
1.938453e+02 6.548799e-02
1.942456e+02 7.158507e-02
1.946459e+02 7.527872e-02
1.950462e+02 6.379287e-02
1.954465e+02 5.375991e-02
1.958468e+02 5.684667e-02
1.962471e+02 6.028818e-02
1.966474e+02 5.239723e-02
1.970477e+02 4.272075e-02
1.974480e+02 4.383937e-02
1.978483e+02 4.699253e-02
1.982486e+02 4.256312e-02
1.986489e+02 3.435340e-02
1.990492e+02 3.376579e-02
1.994495e+02 3.643309e-02
1.998498e+02 3.423517e-02
2.002502e+02 2.770588e-02
2.006505e+02 2.666245e-02
2.010508e+02 2.921014e-02
2.014511e+02 2.861439e-02
2.018514e+02 2.368183e-02
2.022517e+02 2.169195e-02
2.026520e+02 2.312177e-02
2.030523e+02 2.311521e-02
2.034526e+02 1.926758e-02
2.038529e+02 1.716259e-02
2.042532e+02 1.825756e-02
2.046535e+02 1.856785e-02
2.050538e+02 1.584885e-02
2.054541e+02 1.346515e-02
2.058544e+02 1.390894e-02
2.062547e+02 1.460338e-02
2.066550e+02 1.292312e-02
2.070553e+02 1.094639e-02
2.074556e+02 1.116085e-02
2.078559e+02 1.174404e-02
2.082562e+02 1.076096e-02
2.086565e+02 9.131267e-03
2.090568e+02 9.041221e-03
2.094571e+02 9.613619e-03
2.098574e+02 8.918292e-03
2.102577e+02 7.330985e-03
2.106580e+02 7.063082e-03
2.110583e+02 7.543662e-03
2.114586e+02 7.233142e-03
2.118589e+02 6.045504e-03
2.122592e+02 5.576240e-03
2.126595e+02 5.947391e-03
2.130598e+02 5.926122e-03
2.134601e+02 5.016810e-03
2.138604e+02 4.499137e-03
2.142607e+02 4.723372e-03
2.146610e+02 4.793400e-03
2.150613e+02 4.228139e-03
2.154616e+02 3.766018e-03
2.158619e+02 3.951284e-03
2.162622e+02 4.096924e-03
2.166625e+02 3.555576e-03
2.170628e+02 2.968496e-03
2.174631e+02 3.025592e-03
2.178634e+02 3.187023e-03
2.182637e+02 2.942160e-03
2.186640e+02 2.595784e-03
2.190643e+02 2.619574e-03
2.194646e+02 2.728086e-03
2.198649e+02 2.472162e-03
2.202652e+02 2.035970e-03
2.206655e+02 1.978980e-03
2.210658e+02 2.140529e-03
2.214661e+02 2.127727e-03
2.218664e+02 1.950179e-03
2.222667e+02 1.939826e-03
2.226670e+02 2.048356e-03
2.230673e+02 1.964165e-03
2.234676e+02 1.631901e-03
2.238679e+02 1.448934e-03
2.242682e+02 1.508759e-03
2.246685e+02 1.524328e-03
2.250688e+02 1.390064e-03
2.254691e+02 1.334551e-03
2.258694e+02 1.445352e-03
2.262697e+02 1.482666e-03
2.266700e+02 1.256858e-03
2.270703e+02 1.035289e-03
2.274706e+02 1.055913e-03
2.278709e+02 1.145674e-03
2.282712e+02 1.118885e-03
2.286715e+02 1.103195e-03
2.290718e+02 1.219135e-03
2.294721e+02 1.291983e-03
2.298724e+02 1.167297e-03
2.302727e+02 9.573727e-04
2.306730e+02 8.887809e-04
2.310733e+02 9.356994e-04
2.314736e+02 9.711428e-04
2.318739e+02 9.730631e-04
2.322742e+02 1.008257e-03
2.326745e+02 1.057388e-03
2.330748e+02 1.014518e-03
2.334751e+02 8.656227e-04
2.338754e+02 7.824492e-04
2.342757e+02 8.014107e-04
2.346760e+02 8.357859e-04
2.350763e+02 8.573746e-04
2.354766e+02 9.180154e-04
2.358769e+02 1.019944e-03
2.362772e+02 1.045920e-03
2.366775e+02 9.237133e-04
2.370778e+02 8.040304e-04
2.374781e+02 7.992192e-04
2.378784e+02 8.297328e-04
2.382787e+02 8.533538e-04
2.386790e+02 8.988417e-04
2.390793e+02 9.658031e-04
2.394796e+02 9.838744e-04
2.398799e+02 8.893580e-04
2.402802e+02 7.610103e-04
2.406805e+02 7.208142e-04
2.410808e+02 7.385685e-04
2.414811e+02 7.625471e-04
2.418814e+02 7.807593e-04
2.422817e+02 8.030691e-04
2.426820e+02 8.392155e-04
2.430823e+02 8.050128e-04
2.434826e+02 6.793138e-04
2.438829e+02 6.131964e-04
2.442832e+02 6.481461e-04
2.446835e+02 7.103700e-04
2.450838e+02 7.491059e-04
2.454841e+02 7.906109e-04
2.458844e+02 8.576284e-04
2.462847e+02 8.665653e-04
2.466850e+02 7.565965e-04
2.470853e+02 6.420610e-04
2.474856e+02 6.214764e-04
2.478859e+02 6.567204e-04
2.482862e+02 7.006763e-04
2.486865e+02 7.451222e-04
2.490868e+02 7.912139e-04
2.494871e+02 8.186179e-04
2.498874e+02 7.838711e-04
2.502877e+02 7.074368e-04
2.506880e+02 6.680626e-04
2.510883e+02 6.733009e-04
2.514886e+02 6.995060e-04
2.518889e+02 7.457432e-04
2.522892e+02 8.081026e-04
2.526895e+02 8.420266e-04
2.530898e+02 7.912037e-04
2.534901e+02 6.788714e-04
2.538904e+02 6.159764e-04
2.542907e+02 6.348941e-04
2.546910e+02 6.890124e-04
2.550913e+02 7.285989e-04
2.554916e+02 7.495797e-04
2.558919e+02 7.801428e-04
2.562922e+02 7.889309e-04
2.566925e+02 7.288021e-04
2.570928e+02 6.740059e-04
2.574931e+02 6.794630e-04
2.578934e+02 7.014539e-04
2.582937e+02 7.170309e-04
2.586940e+02 7.376930e-04
2.590943e+02 7.799106e-04
2.594946e+02 8.052273e-04
2.598949e+02 7.406976e-04
2.602952e+02 6.292241e-04
2.606955e+02 5.828548e-04
2.610958e+02 6.061787e-04
2.614961e+02 6.518525e-04
2.618964e+02 6.923071e-04
2.622967e+02 7.217081e-04
2.626970e+02 7.351349e-04
2.630973e+02 7.116744e-04
2.634976e+02 6.562770e-04
2.638979e+02 6.216966e-04
2.642982e+02 6.216660e-04
2.646985e+02 6.340356e-04
2.650988e+02 6.660734e-04
2.654991e+02 7.334908e-04
2.658994e+02 8.070514e-04
2.662997e+02 8.023630e-04
2.667000e+02 7.030376e-04
2.671003e+02 6.122123e-04
2.675006e+02 5.967814e-04
2.679009e+02 6.356542e-04
2.683012e+02 6.833017e-04
2.687015e+02 7.199560e-04
2.691018e+02 7.558527e-04
2.695021e+02 7.760741e-04
2.699024e+02 7.423459e-04
2.703027e+02 6.837297e-04
2.707030e+02 6.658689e-04
2.711033e+02 6.849038e-04
2.715036e+02 7.014477e-04
2.719039e+02 7.201330e-04
2.723042e+02 7.679960e-04
2.727045e+02 8.098937e-04
2.731048e+02 7.662776e-04
2.735051e+02 6.533271e-04
2.739054e+02 5.806170e-04
2.743057e+02 5.826077e-04
2.747060e+02 6.206994e-04
2.751063e+02 6.707725e-04
2.755066e+02 7.331905e-04
2.759069e+02 7.980468e-04
2.763072e+02 8.129825e-04
2.767075e+02 7.516266e-04
2.771078e+02 6.813436e-04
2.775081e+02 6.576667e-04
2.779084e+02 6.724497e-04
2.783087e+02 7.209887e-04
2.787090e+02 7.931974e-04
2.791093e+02 8.518627e-04
2.795096e+02 8.498188e-04
2.799099e+02 7.688753e-04
2.803102e+02 6.669646e-04
2.807105e+02 6.179930e-04
2.811108e+02 6.255859e-04
2.815111e+02 6.561500e-04
2.819114e+02 6.921337e-04
2.823117e+02 7.374551e-04
2.827120e+02 7.691907e-04
2.831123e+02 7.400238e-04
2.835126e+02 6.703065e-04
2.839129e+02 6.365321e-04
2.843132e+02 6.516030e-04
2.847135e+02 6.789142e-04
2.851138e+02 7.176196e-04
2.855141e+02 7.768992e-04
2.859144e+02 8.168941e-04
2.863147e+02 7.832985e-04
2.867150e+02 6.940800e-04
2.871153e+02 6.310465e-04
2.875156e+02 6.264270e-04
2.879159e+02 6.499617e-04
2.883162e+02 6.793167e-04
2.887165e+02 7.174712e-04
2.891168e+02 7.623808e-04
2.895171e+02 7.794589e-04
2.899174e+02 7.358494e-04
2.903177e+02 6.672898e-04
2.907180e+02 6.405409e-04
2.911183e+02 6.650737e-04
2.915186e+02 7.145751e-04
2.919189e+02 7.740040e-04
2.923192e+02 8.231519e-04
2.927195e+02 8.300813e-04
2.931198e+02 7.779859e-04
2.935201e+02 6.912676e-04
2.939204e+02 6.318761e-04
2.943207e+02 6.316324e-04
2.947210e+02 6.580441e-04
2.951213e+02 6.851107e-04
2.955216e+02 7.246756e-04
2.959219e+02 7.580477e-04
2.963222e+02 7.353800e-04
2.967225e+02 6.618290e-04
2.971228e+02 6.004691e-04
2.975231e+02 5.931928e-04
2.979234e+02 6.281561e-04
2.983237e+02 6.742252e-04
2.987240e+02 7.194869e-04
2.991243e+02 7.554200e-04
2.995246e+02 7.505895e-04
2.999249e+02 6.874081e-04
3.003252e+02 6.067647e-04
3.007255e+02 5.632670e-04
3.011258e+02 5.622751e-04
3.015261e+02 5.855988e-04
3.019264e+02 6.305663e-04
3.023267e+02 6.939878e-04
3.027270e+02 7.381903e-04
3.031273e+02 7.159055e-04
3.035276e+02 6.463363e-04
3.039279e+02 6.044918e-04
3.043282e+02 6.182659e-04
3.047285e+02 6.561958e-04
3.051288e+02 6.950895e-04
3.055291e+02 7.314021e-04
3.059294e+02 7.500427e-04
3.063297e+02 7.232055e-04
3.067300e+02 6.564888e-04
3.071303e+02 6.021036e-04
3.075306e+02 5.946537e-04
3.079309e+02 6.215343e-04
3.083312e+02 6.630085e-04
3.087315e+02 7.099394e-04
3.091318e+02 7.452102e-04
3.095321e+02 7.393633e-04
3.099324e+02 6.910863e-04
3.103327e+02 6.491832e-04
3.107330e+02 6.534454e-04
3.111333e+02 6.900005e-04
3.115336e+02 7.309367e-04
3.119339e+02 7.721223e-04
3.123342e+02 8.137343e-04
3.127345e+02 8.242665e-04
3.131348e+02 7.674660e-04
3.135351e+02 6.711871e-04
3.139354e+02 6.079931e-04
3.143357e+02 6.060573e-04
3.147360e+02 6.411930e-04
3.151363e+02 6.917032e-04
3.155366e+02 7.460376e-04
3.159369e+02 7.761406e-04
3.163372e+02 7.509010e-04
3.167375e+02 6.840420e-04
3.171378e+02 6.365685e-04
3.175381e+02 6.460727e-04
3.179384e+02 6.887007e-04
3.183387e+02 7.294873e-04
3.187390e+02 7.599405e-04
3.191393e+02 7.753799e-04
3.195396e+02 7.563341e-04
3.199399e+02 6.953148e-04
3.203402e+02 6.280589e-04
3.207405e+02 6.017699e-04
3.211408e+02 6.231151e-04
3.215411e+02 6.672453e-04
3.219414e+02 7.130175e-04
3.223417e+02 7.482632e-04
3.227420e+02 7.572509e-04
3.231423e+02 7.293483e-04
3.235426e+02 6.830054e-04
3.239429e+02 6.535750e-04
3.243432e+02 6.510662e-04
3.247435e+02 6.638716e-04
3.251438e+02 6.901520e-04
3.255441e+02 7.316089e-04
3.259444e+02 7.631785e-04
3.263447e+02 7.403484e-04
3.267450e+02 6.636424e-04
3.271453e+02 5.969560e-04
3.275456e+02 5.899255e-04
3.279459e+02 6.343636e-04
3.283462e+02 6.996223e-04
3.287465e+02 7.587855e-04
3.291468e+02 7.881986e-04
3.295471e+02 7.726618e-04
3.299474e+02 7.194259e-04
3.303477e+02 6.656404e-04
3.307480e+02 6.459941e-04
3.311483e+02 6.577513e-04
3.315486e+02 6.840756e-04
3.319489e+02 7.203371e-04
3.323492e+02 7.552913e-04
3.327495e+02 7.563941e-04
3.331498e+02 7.041568e-04
3.335502e+02 6.312685e-04
3.339505e+02 5.934664e-04
3.343508e+02 6.067942e-04
3.347511e+02 6.469016e-04
3.351514e+02 6.914608e-04
3.355517e+02 7.308884e-04
3.359520e+02 7.504653e-04
3.363523e+02 7.312171e-04
3.367526e+02 6.795361e-04
3.371529e+02 6.344621e-04
3.375532e+02 6.260955e-04
3.379535e+02 6.515231e-04
3.383538e+02 6.970466e-04
3.387541e+02 7.487703e-04
3.391544e+02 7.785128e-04
3.395547e+02 7.554254e-04
3.399550e+02 6.882465e-04
3.403553e+02 6.276239e-04
3.407556e+02 6.109815e-04
3.411559e+02 6.335076e-04
3.415562e+02 6.762875e-04
3.419565e+02 7.252371e-04
3.423568e+02 7.599927e-04
3.427571e+02 7.578075e-04
3.431574e+02 7.181417e-04
3.435577e+02 6.706987e-04
3.439580e+02 6.491420e-04
3.443583e+02 6.611223e-04
3.447586e+02 6.934740e-04
3.451589e+02 7.338718e-04
3.455592e+02 7.704048e-04
3.459595e+02 7.794521e-04
3.463598e+02 7.415697e-04
3.467601e+02 6.753473e-04
3.471604e+02 6.273689e-04
3.475607e+02 6.207915e-04
3.479610e+02 6.425376e-04
3.483613e+02 6.754763e-04
3.487616e+02 7.127179e-04
3.491619e+02 7.432420e-04
3.495622e+02 7.446808e-04
3.499625e+02 7.075174e-04
3.503628e+02 6.587533e-04
3.507631e+02 6.363504e-04
3.511634e+02 6.506049e-04
3.515637e+02 6.875257e-04
3.519640e+02 7.280141e-04
3.523643e+02 7.515970e-04
3.527646e+02 7.398597e-04
3.531649e+02 6.917081e-04
3.535652e+02 6.348679e-04
3.539655e+02 6.071398e-04
3.543658e+02 6.212111e-04
3.547661e+02 6.602625e-04
3.551664e+02 7.023277e-04
3.555667e+02 7.337510e-04
3.559670e+02 7.425672e-04
3.563673e+02 7.176199e-04
3.567676e+02 6.670475e-04
3.571679e+02 6.228802e-04
3.575682e+02 6.115174e-04
3.579685e+02 6.328447e-04
3.583688e+02 6.727917e-04
3.587691e+02 7.165597e-04
3.591694e+02 7.440600e-04
3.595697e+02 7.325165e-04
3.599700e+02 6.849214e-04
3.603703e+02 6.404682e-04
3.607706e+02 6.321504e-04
3.611709e+02 6.552769e-04
3.615712e+02 6.888834e-04
3.619715e+02 7.193400e-04
3.623718e+02 7.373936e-04
3.627721e+02 7.323564e-04
3.631724e+02 7.019809e-04
3.635727e+02 6.660084e-04
3.639730e+02 6.528594e-04
3.643733e+02 6.716911e-04
3.647736e+02 7.093670e-04
3.651739e+02 7.469408e-04
3.655742e+02 7.678240e-04
3.659745e+02 7.613239e-04
3.663748e+02 7.254549e-04
3.667751e+02 6.782009e-04
3.671754e+02 6.500416e-04
3.675757e+02 6.570652e-04
3.679760e+02 6.906041e-04
3.683763e+02 7.319553e-04
3.687766e+02 7.617664e-04
3.691769e+02 7.668453e-04
3.695772e+02 7.416217e-04
3.699775e+02 6.988772e-04
3.703778e+02 6.643259e-04
3.707781e+02 6.549033e-04
3.711784e+02 6.685693e-04
3.715787e+02 6.948686e-04
3.719790e+02 7.239275e-04
3.723793e+02 7.430169e-04
3.727796e+02 7.377481e-04
3.731799e+02 7.055393e-04
3.735802e+02 6.680334e-04
3.739805e+02 6.534435e-04
3.743808e+02 6.694754e-04
3.747811e+02 7.038021e-04
3.751814e+02 7.414257e-04
3.755817e+02 7.691684e-04
3.759820e+02 7.740270e-04
3.763823e+02 7.468762e-04
3.767826e+02 6.995415e-04
3.771829e+02 6.620742e-04
3.775832e+02 6.553281e-04
3.779835e+02 6.761046e-04
3.783838e+02 7.099614e-04
3.787841e+02 7.390470e-04
3.791844e+02 7.486004e-04
3.795847e+02 7.287658e-04
3.799850e+02 6.878035e-04
3.803853e+02 6.509664e-04
3.807856e+02 6.400962e-04
3.811859e+02 6.628264e-04
3.815862e+02 7.062229e-04
3.819865e+02 7.478945e-04
3.823868e+02 7.665872e-04
3.827871e+02 7.521337e-04
3.831874e+02 7.107696e-04
3.835877e+02 6.656999e-04
3.839880e+02 6.370060e-04
3.843883e+02 6.344196e-04
3.847886e+02 6.513171e-04
3.851889e+02 6.776150e-04
3.855892e+02 7.004685e-04
3.859895e+02 7.048511e-04
3.863898e+02 6.841720e-04
3.867901e+02 6.527121e-04
3.871904e+02 6.289493e-04
3.875907e+02 6.323459e-04
3.879910e+02 6.575423e-04
3.883913e+02 6.881230e-04
3.887916e+02 7.080471e-04
3.891919e+02 7.109514e-04
3.895922e+02 6.969690e-04
3.899925e+02 6.747456e-04
3.903928e+02 6.578395e-04
3.907931e+02 6.582067e-04
3.911934e+02 6.743736e-04
3.915937e+02 6.955050e-04
3.919940e+02 7.135613e-04
3.923943e+02 7.220150e-04
3.927946e+02 7.122204e-04
3.931949e+02 6.830933e-04
3.935952e+02 6.528896e-04
3.939955e+02 6.413681e-04
3.943958e+02 6.586631e-04
3.947961e+02 6.924713e-04
3.951964e+02 7.260005e-04
3.955967e+02 7.423257e-04
3.959970e+02 7.379917e-04
3.963973e+02 7.151289e-04
3.967976e+02 6.853918e-04
3.971979e+02 6.642350e-04
3.975982e+02 6.631069e-04
3.979985e+02 6.825950e-04
3.983988e+02 7.143825e-04
3.987991e+02 7.401401e-04
3.991994e+02 7.499470e-04
3.995997e+02 7.372188e-04
4.000000e+02 7.090492e-04
