1.500000e+01 1.472194e+12
2.000000e+01 3.157535e+11
2.500000e+01 5.077945e+10
3.500000e+01 3.332056e+09
4.000000e+01 1.282906e+09
4.500000e+01 2.162948e+08
5.500000e+01 2.059080e+07
6.000000e+01 8.845570e+06
6.500000e+01 2.018659e+06
7.500000e+01 2.076024e+05
8.000000e+01 9.396170e+04
8.500000e+01 2.463065e+04
9.500000e+01 2.523032e+03
1.000000e+02 1.213668e+03
1.050000e+02 2.936425e+02
1.150000e+02 3.171022e+01
1.200000e+02 1.576769e+01
1.250000e+02 3.859158e+00
1.350000e+02 4.363323e-01
1.400000e+02 2.085026e-01
1.450000e+02 4.385147e-02
1.550000e+02 5.454725e-03
