3.000000e+01 2.143442e+11
4.000000e+01 2.681202e+10
5.000000e+01 1.879280e+09
7.000000e+01 2.195983e+07
8.000000e+01 3.797208e+06
9.000000e+01 3.401192e+05
1.100000e+02 6.825660e+03
1.200000e+02 1.424415e+03
1.300000e+02 1.599530e+02
1.500000e+02 3.760515e+00
1.600000e+02 8.435175e-01
1.700000e+02 9.597105e-02
1.900000e+02 3.299490e-03
2.000000e+02 2.118760e-03
2.100000e+02 7.881440e-04
2.300000e+02 5.646920e-04
2.400000e+02 9.153275e-04
2.500000e+02 4.202016e-04
2.700000e+02 2.832182e-04
2.800000e+02 4.545022e-04
2.900000e+02 2.349291e-04
3.100000e+02 1.797597e-04
3.200000e+02 2.855552e-04
3.300000e+02 1.137125e-04
3.500000e+02 8.569210e-05
3.600000e+02 1.485491e-04
3.700000e+02 6.302285e-05
3.900000e+02 5.135825e-05
4.000000e+02 8.944945e-05
