1.000000e+02 1.944400e+15
2.612060e+03 3.455598e+15
5.124121e+03 3.010477e+15
7.636181e+03 2.554286e+15
1.014824e+04 2.192357e+15
1.266030e+04 1.912172e+15
1.517236e+04 1.690009e+15
1.768442e+04 1.509006e+15
2.019648e+04 1.355070e+15
2.270854e+04 1.220229e+15
2.522060e+04 1.100962e+15
2.773266e+04 9.931064e+14
3.024472e+04 8.956676e+14
3.275678e+04 8.071611e+14
3.526884e+04 7.267037e+14
3.778090e+04 6.536058e+14
4.029296e+04 5.872782e+14
4.280503e+04 5.271592e+14
4.531709e+04 4.728010e+14
4.782915e+04 4.236348e+14
5.034121e+04 3.793421e+14
5.285327e+04 3.394080e+14
5.536533e+04 3.034297e+14
5.787739e+04 2.710858e+14
6.038945e+04 2.420733e+14
6.290151e+04 2.160882e+14
6.541357e+04 1.928143e+14
6.792563e+04 1.718803e+14
7.043769e+04 1.532211e+14
7.294975e+04 1.365015e+14
7.546181e+04 1.215007e+14
7.797387e+04 1.081773e+14
8.048593e+04 9.628923e+13
8.299799e+04 8.565746e+13
8.551005e+04 7.618156e+13
8.802211e+04 6.772943e+13
9.053417e+04 6.020038e+13
9.304623e+04 5.349572e+13
9.555829e+04 4.752047e+13
9.807035e+04 4.220805e+13
1.005824e+05 3.747566e+13
1.030945e+05 3.326844e+13
1.056065e+05 2.953565e+13
1.081186e+05 2.620662e+13
1.106307e+05 2.325263e+13
1.131427e+05 2.062163e+13
1.156548e+05 1.829260e+13
1.181668e+05 1.622453e+13
1.206789e+05 1.438083e+13
1.231910e+05 1.274763e+13
1.257030e+05 1.130359e+13
1.282151e+05 1.001331e+13
1.307271e+05 8.873278e+12
1.332392e+05 7.861306e+12
1.357513e+05 6.963954e+12
1.382633e+05 6.168305e+12
1.407754e+05 5.462789e+12
1.432874e+05 4.837491e+12
1.457995e+05 4.282657e+12
1.483116e+05 3.792169e+12
1.508236e+05 3.356707e+12
1.533357e+05 2.970928e+12
1.558477e+05 2.629305e+12
1.583598e+05 2.327167e+12
1.608719e+05 2.058719e+12
1.633839e+05 1.821387e+12
1.658960e+05 1.611322e+12
1.684080e+05 1.425521e+12
1.709201e+05 1.260854e+12
1.734322e+05 1.115311e+12
1.759442e+05 9.865049e+11
1.784563e+05 8.723833e+11
1.809683e+05 7.713808e+11
1.834804e+05 6.820665e+11
1.859925e+05 6.030407e+11
1.885045e+05 5.331254e+11
1.910166e+05 4.712577e+11
1.935286e+05 4.165389e+11
1.960407e+05 3.682293e+11
1.985528e+05 3.254158e+11
2.010648e+05 2.875705e+11
2.035769e+05 2.541430e+11
2.060889e+05 2.245890e+11
2.086010e+05 1.984199e+11
2.111131e+05 1.753394e+11
2.136251e+05 1.548954e+11
2.161372e+05 1.368891e+11
2.186492e+05 1.209005e+11
2.211613e+05 1.068244e+11
2.236734e+05 9.433046e+10
2.261854e+05 8.331820e+10
2.286975e+05 7.358745e+10
2.312095e+05 6.499025e+10
2.337216e+05 5.739343e+10
2.362337e+05 5.068458e+10
2.387457e+05 4.475780e+10
2.412578e+05 3.952185e+10
2.437698e+05 3.489342e+10
2.462819e+05 3.081166e+10
2.487940e+05 2.720296e+10
2.513060e+05 2.401276e+10
2.538181e+05 2.120223e+10
2.563302e+05 1.871910e+10
2.588422e+05 1.652206e+10
2.613543e+05 1.458308e+10
2.638663e+05 1.287011e+10
2.663784e+05 1.135890e+10
2.688905e+05 1.002946e+10
2.714025e+05 8.850534e+09
2.739146e+05 7.810831e+09
2.764266e+05 6.893216e+09
2.789387e+05 6.083592e+09
2.814508e+05 5.368510e+09
2.839628e+05 4.737436e+09
2.864749e+05 4.179914e+09
2.889869e+05 3.688812e+09
2.914990e+05 3.254081e+09
2.940111e+05 2.871480e+09
2.965231e+05 2.533233e+09
2.990352e+05 2.235340e+09
3.015472e+05 1.971705e+09
3.040593e+05 1.739590e+09
3.065714e+05 1.534651e+09
3.090834e+05 1.353452e+09
3.115955e+05 1.193851e+09
3.141075e+05 1.053496e+09
3.166196e+05 9.291987e+08
3.191317e+05 8.196251e+08
3.216437e+05 7.229030e+08
3.241558e+05 6.376191e+08
3.266678e+05 5.623566e+08
3.291799e+05 4.959813e+08
3.316920e+05 4.374549e+08
3.342040e+05 3.858228e+08
3.367161e+05 3.402406e+08
3.392281e+05 3.000131e+08
3.417402e+05 2.646089e+08
3.442523e+05 2.333286e+08
3.467643e+05 2.057727e+08
3.492764e+05 1.814433e+08
3.517884e+05 1.599405e+08
3.543005e+05 1.410574e+08
3.568126e+05 1.243666e+08
3.593246e+05 1.096469e+08
3.618367e+05 9.670201e+07
3.643487e+05 8.525190e+07
3.668608e+05 7.516694e+07
3.693729e+05 6.627261e+07
3.718849e+05 5.842814e+07
3.743970e+05 5.150904e+07
3.769090e+05 4.541302e+07
3.794211e+05 4.003579e+07
3.819332e+05 3.529603e+07
3.844452e+05 3.111085e+07
3.869573e+05 2.742220e+07
3.894693e+05 2.416709e+07
3.919814e+05 2.123552e+07
3.944935e+05 1.866555e+07
3.970055e+05 1.639932e+07
3.995176e+05 1.441574e+07
4.020296e+05 1.267012e+07
4.045417e+05 1.113040e+07
4.070538e+05 9.784789e+06
4.095658e+05 8.599155e+06
4.120779e+05 7.557691e+06
4.145899e+05 6.641577e+06
4.171020e+05 5.836897e+06
4.196141e+05 5.130549e+06
4.221261e+05 4.508402e+06
4.246382e+05 3.962117e+06
4.271503e+05 3.481995e+06
4.296623e+05 3.060403e+06
4.321744e+05 2.689788e+06
4.346864e+05 2.363402e+06
4.371985e+05 2.077511e+06
4.397106e+05 1.825973e+06
4.422226e+05 1.604831e+06
4.447347e+05 1.409880e+06
4.472467e+05 1.239185e+06
4.497588e+05 1.088763e+06
4.522709e+05 9.571991e+05
4.547829e+05 8.411921e+05
4.572950e+05 7.392970e+05
4.598070e+05 6.497804e+05
4.623191e+05 5.710612e+05
4.648312e+05 5.018408e+05
4.673432e+05 4.410467e+05
4.698553e+05 3.876145e+05
4.723673e+05 3.406941e+05
4.748794e+05 2.994116e+05
4.773915e+05 2.630810e+05
4.799035e+05 2.312496e+05
4.824156e+05 2.032260e+05
4.849276e+05 1.786197e+05
4.874397e+05 1.569504e+05
4.899518e+05 1.379257e+05
4.924638e+05 1.212188e+05
4.949759e+05 1.065239e+05
4.974879e+05 9.364353e+04
5.000000e+05 8.230000e+04
