1.000000e-01 5.954000e+10
2.109548e+00 2.103469e+10
4.119095e+00 1.569587e+10
6.128643e+00 1.262834e+10
8.138191e+00 1.046581e+10
1.014774e+01 8.807430e+09
1.215729e+01 7.481934e+09
1.416683e+01 6.398042e+09
1.617638e+01 5.496115e+09
1.818593e+01 4.739276e+09
2.019548e+01 4.098396e+09
2.220503e+01 3.552798e+09
2.421457e+01 3.086194e+09
2.622412e+01 2.685000e+09
2.823367e+01 2.340209e+09
3.024322e+01 2.042560e+09
3.225276e+01 1.785102e+09
3.426231e+01 1.561348e+09
3.627186e+01 1.367900e+09
3.828141e+01 1.198942e+09
4.029095e+01 1.052298e+09
4.230050e+01 9.238660e+08
4.431005e+01 8.120055e+08
4.631960e+01 7.146004e+08
4.832915e+01 6.290199e+08
5.033869e+01 5.539003e+08
5.234824e+01 4.883358e+08
5.435779e+01 4.308490e+08
5.636734e+01 3.801018e+08
5.837688e+01 3.356892e+08
6.038643e+01 2.965708e+08
6.239598e+01 2.621710e+08
6.440553e+01 2.318680e+08
6.641508e+01 2.051634e+08
6.842462e+01 1.816192e+08
7.043417e+01 1.608523e+08
7.244372e+01 1.425074e+08
7.445327e+01 1.263167e+08
7.646281e+01 1.119874e+08
7.847236e+01 9.933505e+07
8.048191e+01 8.813928e+07
8.249146e+01 7.823487e+07
8.450101e+01 6.946425e+07
8.651055e+01 6.170217e+07
8.852010e+01 5.481219e+07
9.052965e+01 4.871411e+07
9.253920e+01 4.331311e+07
9.454874e+01 3.852247e+07
9.655829e+01 3.426264e+07
9.856784e+01 3.048085e+07
1.005774e+02 2.712339e+07
1.025869e+02 2.414160e+07
1.045965e+02 2.149212e+07
1.066060e+02 1.914333e+07
1.086156e+02 1.704869e+07
1.106251e+02 1.518814e+07
1.126347e+02 1.353331e+07
1.146442e+02 1.206120e+07
1.166538e+02 1.075125e+07
1.186633e+02 9.585111e+06
1.206729e+02 8.547308e+06
1.226824e+02 7.623384e+06
1.246920e+02 6.800131e+06
1.267015e+02 6.065988e+06
1.287111e+02 5.413348e+06
1.307206e+02 4.830057e+06
1.327302e+02 4.310980e+06
1.347397e+02 3.848947e+06
1.367492e+02 3.435705e+06
1.387588e+02 3.068808e+06
1.407683e+02 2.739488e+06
1.427779e+02 2.447454e+06
1.447874e+02 2.185627e+06
1.467970e+02 1.952767e+06
1.488065e+02 1.745013e+06
1.508161e+02 1.558709e+06
1.528256e+02 1.393009e+06
1.548352e+02 1.245315e+06
1.568447e+02 1.113090e+06
1.588543e+02 9.950368e+05
1.608638e+02 8.896310e+05
1.628734e+02 7.954220e+05
1.648829e+02 7.112219e+05
1.668925e+02 6.360392e+05
1.689020e+02 5.688976e+05
1.709116e+02 5.087647e+05
1.729211e+02 4.550953e+05
1.749307e+02 4.071252e+05
1.769402e+02 3.642992e+05
1.789497e+02 3.259071e+05
1.809593e+02 2.916755e+05
1.829688e+02 2.609439e+05
1.849784e+02 2.335582e+05
1.869879e+02 2.090195e+05
1.889975e+02 1.871190e+05
1.910070e+02 1.674594e+05
1.930166e+02 1.499353e+05
1.950261e+02 1.341756e+05
1.970357e+02 1.201813e+05
1.990452e+02 1.075612e+05
2.010548e+02 9.632811e+04
2.030643e+02 8.626106e+04
2.050739e+02 7.724487e+04
2.070834e+02 6.917962e+04
2.090930e+02 6.196109e+04
2.111025e+02 5.549196e+04
2.131121e+02 4.970707e+04
2.151216e+02 4.452846e+04
2.171312e+02 3.989082e+04
2.191407e+02 3.573830e+04
2.211503e+02 3.201397e+04
2.231598e+02 2.867937e+04
2.251693e+02 2.569737e+04
2.271789e+02 2.303129e+04
2.291884e+02 2.063940e+04
2.311980e+02 1.848806e+04
2.332075e+02 1.657104e+04
2.352171e+02 1.484834e+04
2.372266e+02 1.331216e+04
2.392362e+02 1.192963e+04
2.412457e+02 1.069449e+04
2.432553e+02 9.582299e+03
2.452648e+02 8.590858e+03
2.472744e+02 7.701770e+03
2.492839e+02 6.904609e+03
2.512935e+02 6.190065e+03
2.533030e+02 5.549160e+03
2.553126e+02 4.975260e+03
2.573221e+02 4.460843e+03
2.593317e+02 3.999899e+03
2.613412e+02 3.586605e+03
2.633508e+02 3.216128e+03
2.653603e+02 2.883581e+03
2.673698e+02 2.585954e+03
2.693794e+02 2.319450e+03
2.713889e+02 2.079828e+03
2.733985e+02 1.865519e+03
2.754080e+02 1.672712e+03
2.774176e+02 1.500439e+03
2.794271e+02 1.345815e+03
2.814367e+02 1.206901e+03
2.834462e+02 1.082658e+03
2.854558e+02 9.713744e+02
2.874653e+02 8.713867e+02
2.894749e+02 7.817691e+02
2.914844e+02 7.012382e+02
2.934940e+02 6.290019e+02
2.955035e+02 5.642975e+02
2.975131e+02 5.062483e+02
2.995226e+02 4.542039e+02
3.015322e+02 4.075421e+02
3.035417e+02 3.656492e+02
3.055513e+02 3.281036e+02
3.075608e+02 2.943704e+02
3.095704e+02 2.641680e+02
3.115799e+02 2.370505e+02
3.135894e+02 2.127021e+02
3.155990e+02 1.908815e+02
3.176085e+02 1.712892e+02
3.196181e+02 1.536954e+02
3.216276e+02 1.379382e+02
3.236372e+02 1.237980e+02
3.256467e+02 1.111221e+02
3.276563e+02 9.970033e+01
3.296658e+02 8.950985e+01
3.316754e+02 8.031950e+01
3.336849e+02 7.207444e+01
3.356945e+02 6.470169e+01
3.377040e+02 5.807685e+01
3.397136e+02 5.212963e+01
3.417231e+02 4.679082e+01
3.437327e+02 4.200319e+01
3.457422e+02 3.770506e+01
3.477518e+02 3.384295e+01
3.497613e+02 3.038420e+01
3.517709e+02 2.727246e+01
3.537804e+02 2.448366e+01
3.557899e+02 2.197932e+01
3.577995e+02 1.973228e+01
3.598090e+02 1.771601e+01
3.618186e+02 1.590455e+01
3.638281e+02 1.427801e+01
3.658377e+02 1.282116e+01
3.678472e+02 1.151172e+01
3.698568e+02 1.033547e+01
3.718663e+02 9.279501e+00
3.738759e+02 8.331172e+00
3.758854e+02 7.481003e+00
3.778950e+02 6.718811e+00
3.799045e+02 6.030714e+00
3.819141e+02 5.414830e+00
3.839236e+02 4.863046e+00
3.859332e+02 4.366940e+00
3.879427e+02 3.921153e+00
3.899523e+02 3.521109e+00
3.919618e+02 3.162276e+00
3.939714e+02 2.839594e+00
3.959809e+02 2.550031e+00
3.979905e+02 2.289960e+00
4.000000e+02 2.056500e+00
