1.000000000000000000e+03 1.085658387960512653e-03
1.049546853007198479e+03 1.085178103335750124e-03
1.101548596657313738e+03 1.083947894606644875e-03
1.156126863056179445e+03 1.081935428815950211e-03
1.213409310797697344e+03 1.079108496842479548e-03
1.273529923557356597e+03 1.075435189029605790e-03
1.336629323480120320e+03 1.070884090621545019e-03
1.402855100095700891e+03 1.065424497961823831e-03
1.472362155530541258e+03 1.059026656291429426e-03
1.545313066823974623e+03 1.051662019817224984e-03
1.621878466196005093e+03 1.043303534519472286e-03
1.702237440156158982e+03 1.033925943906180422e-03
1.786577948386925982e+03 1.023506117608918896e-03
1.875097263381554967e+03 1.012023402335829932e-03
1.968002431864520986e+03 9.994599942497884703e-04
2.065510759073921236e+03 9.858013313226517312e-04
2.167850317038541561e+03 9.710365036171775743e-04
2.275260478038458587e+03 9.551586787730080748e-04
2.387992474496918021e+03 9.381655392171204177e-04
2.506309986613112869e+03 9.200597267832879384e-04
2.630489759110306295e+03 9.008492895174897422e-04
2.760822248541885529e+03 8.805481244709732281e-04
2.897612302669393102e+03 8.591764092617253275e-04
3.041179873501603197e+03 8.367610141200007351e-04
3.191860765662437643e+03 8.133358850692690590e-04
3.350007421838157825e+03 7.889423878411114905e-04
3.515989747140996769e+03 7.636296011392172244e-04
3.690195974317404762e+03 7.374545469725857314e-04
3.873033571824668343e+03 7.104823450561805875e-04
4.064930196899805651e+03 6.827862777625306459e-04
4.266334695850122444e+03 6.544477518736139914e-04
4.477718153904918836e+03 6.255561435159458575e-04
4.699574997084109782e+03 5.962085132130817136e-04
4.932424148660941682e+03 5.665091790519209474e-04
5.176810242923800615e+03 5.365691376047911467e-04
5.433304899076105357e+03 5.065053245211921214e-04
5.702508058253913987e+03 4.764397096861663840e-04
5.985049386788591619e+03 4.464982255272893687e-04
6.281589748996621893e+03 4.168095314714206109e-04
6.592822752941682666e+03 3.875036226581290294e-04
6.919476372784197338e+03 3.587102967296141730e-04
7.262314651513317585e+03 3.305574987316298738e-04
7.622139488043872007e+03 3.031695706632430570e-04
7.999792512858343798e+03 2.766654388109009675e-04
8.396157056581023426e+03 2.511567783562930391e-04
8.812160216088794186e+03 2.267462005405536732e-04
9.248775022991227161e+03 2.035255125073500901e-04
9.707022719552012859e+03 1.815741033877654644e-04
1.018797514737520214e+04 1.609575118729480374e-04
1.069275725444318050e+04 1.417262299635787290e-04
1.122254972637074206e+04 1.239147945544623786e-04
1.177859174802919551e+04 1.075412126682872969e-04
1.236218390200061185e+04 9.260675748662511547e-05
1.297469121064097635e+04 7.909616083453243566e-05
1.361754632886838044e+04 6.697821379552595532e-05
1.429225289514355063e+04 5.620677112302130272e-05
1.500038904848094899e+04 4.672213779509054132e-05
1.574361111971680839e+04 3.845279834669803926e-05
1.652365750566789575e+04 3.131743255262381745e-05
1.734235273524252989e+04 2.522714579197856788e-05
1.820161173701455846e+04 2.008815162031617077e-05
1.910344431824253479e+04 1.580301018686337776e-05
2.004995986580967656e+04 1.227459000844138330e-05
2.104337228008119928e+04 9.407271700614919618e-06
2.208600515321811326e+04 7.109160438151318526e-06
2.318029720406081469e+04 5.293767362189301714e-06
2.432880798229361244e+04 3.881343830850706075e-06
2.553422385523264165e+04 2.799838807865498394e-06
2.679936429124078131e+04 1.985472272344934779e-06
2.812718845446522027e+04 1.382939697305580933e-06
2.952080212632440816e+04 9.452825642965394998e-07
3.098346496993195979e+04 6.334759559946503252e-07
3.251859815445082859e+04 4.157953062653646990e-07
3.412979235720958968e+04 2.670297461737960280e-07
3.582081616229849169e+04 1.676091426416777116e-07
3.759562487528973725e+04 1.027064664343302948e-07
3.945836977469945123e+04 6.136763566200811262e-08
4.141340782183020201e+04 3.570888423470860287e-08
4.346531185170554090e+04 2.020855282689426112e-08
4.561888126893408480e+04 1.110745620662970336e-08
4.787915327351875021e+04 5.920837489511531013e-09
5.025141464287095732e+04 3.056175335590222410e-09
5.274121409758500522e+04 1.525122342831311110e-09
5.535437527989917726e+04 7.345691873320587891e-10
5.809701037519769307e+04 3.408761123246545816e-10
6.097553440841535485e+04 1.521222095117787801e-10
6.399668024878441793e+04 6.515946173982478557e-11
6.716751435801954358e+04 2.673412982590022737e-11
7.049545331877529679e+04 1.048405836643956109e-11
7.398828118203640042e+04 3.920963315952833812e-12
7.765416767401809921e+04 1.395188955295810448e-12
8.150168730515893549e+04 4.711687648730040618e-13
8.553983942590637889e+04 1.506247536295208117e-13
8.977806927620102942e+04 4.545796861040488841e-14
9.422629007789894240e+04 1.291446486745478400e-14
9.889490622180233186e+04 3.443443772460987979e-15
1.037948376035347610e+05 8.589992244753570078e-16
1.089375451651830081e+05 1.998209797866385727e-16
1.143350577024472586e+05 4.319487848698565947e-17
1.200000000000000728e+05 8.645419578889123436e-18
