1.000000689925237748e+04 1.435874170069880620e+02
1.025000678944933316e+04 1.435874170069880620e+02
1.025000678944933316e+04 2.040832281586516501e+02
1.050000667964628883e+04 2.040832281586516501e+02
1.050000667964628701e+04 5.718576450949690297e+02
1.075000656984324269e+04 5.718576450949690297e+02
1.075000656984324269e+04 6.062284790526909092e+03
1.100000646004019836e+04 6.062284790526909092e+03
1.100000646004019654e+04 1.333003310632090870e+04
1.125000635023715222e+04 1.333003310632090870e+04
1.125000635023715222e+04 9.218562451150717152e+02
1.150000624043410789e+04 9.218562451150717152e+02
1.150000624043410789e+04 1.953376399955358238e+02
1.175000613063106357e+04 1.953376399955358238e+02
1.175000613063106175e+04 7.801155242329478767e+01
1.200000602082801743e+04 7.801155242329478767e+01
1.200000602082801743e+04 5.402366381837941844e+01
1.225000591102497310e+04 5.402366381837941844e+01
1.225000591102497128e+04 3.093176900722159317e+01
1.250000580122192696e+04 3.093176900722159317e+01
1.250000580122192696e+04 1.707893807643289463e+01
1.275000569141888263e+04 1.707893807643289463e+01
1.275000569141888082e+04 1.581910262002488388e+01
1.300000558161583649e+04 1.581910262002488388e+01
1.300000558161583649e+04 1.159452880927351082e+01
1.325000547181279217e+04 1.159452880927351082e+01
1.325000547181279035e+04 7.303266276365081744e+00
1.350000536200974602e+04 7.303266276365081744e+00
1.350000536200974602e+04 7.354687548751045689e+00
1.375000525220670170e+04 7.354687548751045689e+00
1.375000525220670170e+04 6.016045247281044617e+00
1.400000514240365737e+04 6.016045247281044617e+00
1.400000514240365555e+04 4.070001347996842433e+00
1.425000503260061123e+04 4.070001347996842433e+00
1.425000503260061123e+04 4.380942956551515444e+00
1.450000492279756691e+04 4.380942956551515444e+00
1.450000492279756509e+04 3.617105316708870699e+00
1.475000481299452076e+04 3.617105316708870699e+00
1.475000481299452076e+04 2.723079049270780150e+00
1.500000470319147644e+04 2.723079049270780150e+00
1.500000470319147644e+04 2.978609487456274962e+00
1.525000459338843211e+04 2.978609487456274962e+00
1.525000459338843029e+04 2.501804587079073716e+00
1.550000448358538597e+04 2.501804587079073716e+00
1.550000448358538415e+04 2.005702389808602160e+00
1.575000437378233983e+04 2.005702389808602160e+00
1.575000437378233983e+04 2.226568082510052893e+00
1.600000426397929550e+04 2.226568082510052893e+00
1.600000426397929550e+04 1.817197229215139487e+00
1.625000415417625118e+04 1.817197229215139487e+00
1.625000415417625118e+04 1.578363044259728731e+00
1.650000404437320685e+04 1.578363044259728731e+00
1.650000404437320685e+04 1.717744540156137756e+00
1.675000393457016253e+04 1.717744540156137756e+00
1.675000393457015889e+04 1.370080398050631310e+00
1.700000382476711457e+04 1.370080398050631310e+00
1.700000382476711457e+04 1.294051071190210456e+00
1.725000371496407024e+04 1.294051071190210456e+00
1.725000371496407024e+04 1.350176917805933074e+00
1.750000360516102592e+04 1.350176917805933074e+00
1.750000360516102592e+04 1.087757090539787974e+00
1.775000349535798159e+04 1.087757090539787974e+00
1.775000349535798159e+04 1.103125762731762549e+00
1.800000338555493727e+04 1.103125762731762549e+00
1.800000338555493363e+04 1.077299971084159314e+00
1.825000327575188930e+04 1.077299971084159314e+00
1.825000327575188930e+04 8.851982778690558051e-01
1.850000316594884498e+04 8.851982778690558051e-01
1.850000316594884498e+04 9.185285627642912898e-01
1.875000305614580066e+04 9.185285627642912898e-01
1.875000305614579702e+04 8.640178537481334464e-01
1.900000294634275269e+04 8.640178537481334464e-01
1.900000294634275633e+04 7.308977913912447777e-01
1.925000283653971201e+04 7.308977913912447777e-01
1.925000283653970837e+04 7.480649628634111759e-01
1.950000272673666404e+04 7.480649628634111759e-01
1.950000272673666404e+04 6.557821256202743809e-01
1.975000261693361972e+04 6.557821256202743809e-01
1.975000261693361972e+04 5.800287055310919815e-01
2.000000250713057540e+04 5.800287055310919815e-01
2.000000250713057176e+04 5.802998556170625433e-01
2.025000239732752743e+04 5.802998556170625433e-01
2.025000239732753107e+04 5.424915228457537486e-01
2.050000228752448675e+04 5.424915228457537486e-01
2.050000228752448311e+04 5.026672675035119831e-01
2.075000217772143878e+04 5.026672675035119831e-01
2.075000217772143878e+04 4.601312423231955218e-01
2.100000206791839446e+04 4.601312423231955218e-01
2.100000206791839446e+04 3.809053434939814187e-01
2.125000195811535013e+04 3.809053434939814187e-01
2.125000195811534650e+04 2.090839998486625495e-01
2.150000184831230217e+04 2.090839998486625495e-01
2.150000184831230581e+04 6.067937913366277414e+00
2.175000173850926149e+04 6.067937913366277414e+00
2.175000173850925785e+04 1.706943591219311385e+00
2.200000162870621352e+04 1.706943591219311385e+00
2.200000162870621352e+04 1.012049586774574683e+00
2.225000151890316920e+04 1.012049586774574683e+00
2.225000151890316920e+04 7.226842006544421659e-01
2.250000140910012487e+04 7.226842006544421659e-01
2.250000140910012124e+04 6.580381605410767776e-01
2.275000129929707691e+04 6.580381605410767776e-01
2.275000129929707691e+04 6.463140784339944656e-01
2.300000118949403259e+04 6.463140784339944656e-01
2.300000118949403259e+04 5.557475822220465655e-01
2.325000107969098826e+04 5.557475822220465655e-01
2.325000107969098826e+04 5.486874464448867617e-01
2.350000096988794394e+04 5.486874464448867617e-01
2.350000096988794394e+04 5.219217599673527941e-01
2.375000086008489961e+04 5.219217599673527941e-01
2.375000086008489598e+04 4.648032110115588589e-01
2.400000075028185165e+04 4.648032110115588589e-01
2.400000075028185165e+04 4.863265819619844166e-01
2.425000064047880733e+04 4.863265819619844166e-01
2.425000064047880733e+04 4.417671354771577352e-01
2.450000053067576300e+04 4.417671354771577352e-01
2.450000053067576300e+04 4.214054644532472249e-01
2.475000042087271868e+04 4.214054644532472249e-01
2.475000042087271868e+04 4.354852917589450700e-01
2.500000031106967435e+04 4.354852917589450700e-01
2.500000031106967072e+04 3.903155829300284374e-01
2.525000020126662639e+04 3.903155829300284374e-01
2.525000020126662639e+04 3.867069480259139880e-01
2.550000009146358207e+04 3.867069480259139880e-01
2.550000009146358207e+04 3.848417706068070210e-01
2.574999998166053774e+04 3.848417706068070210e-01
2.574999998166053410e+04 3.455708468682208712e-01
2.599999987185748978e+04 3.455708468682208712e-01
2.599999987185749342e+04 3.596823497655748381e-01
2.624999976205444909e+04 3.596823497655748381e-01
2.624999976205444545e+04 3.410037095646292205e-01
2.649999965225140113e+04 3.410037095646292205e-01
2.649999965225140113e+04 3.150959526043081715e-01
2.674999954244835681e+04 3.150959526043081715e-01
2.674999954244835681e+04 3.342492977127384801e-01
2.699999943264531248e+04 3.342492977127384801e-01
2.699999943264531248e+04 2.976843968566358911e-01
2.724999932284226816e+04 2.976843968566358911e-01
2.724999932284226452e+04 2.955887838101787790e-01
2.749999921303922019e+04 2.955887838101787790e-01
2.749999921303922019e+04 3.033683378054716218e-01
2.774999910323617587e+04 3.033683378054716218e-01
2.774999910323617587e+04 2.685757663859518751e-01
2.799999899343313155e+04 2.685757663859518751e-01
2.799999899343313155e+04 2.788741190777347390e-01
2.824999888363008722e+04 2.788741190777347390e-01
2.824999888363008722e+04 2.689206932338351064e-01
2.849999877382704290e+04 2.689206932338351064e-01
2.849999877382703926e+04 2.502033767494825089e-01
2.874999866402399493e+04 2.502033767494825089e-01
2.874999866402399493e+04 2.681573927817524350e-01
2.899999855422095061e+04 2.681573927817524350e-01
2.899999855422095061e+04 2.422136878861742837e-01
2.924999844441790628e+04 2.422136878861742837e-01
2.924999844441790628e+04 2.337995789679745695e-01
2.949999833461486196e+04 2.337995789679745695e-01
2.949999833461486196e+04 2.489056864416234194e-01
2.974999822481181764e+04 2.489056864416234194e-01
2.974999822481181400e+04 2.212879590274627606e-01
2.999999811500876967e+04 2.212879590274627606e-01
2.999999811500876967e+04 2.322526349801287970e-01
3.024999800520572535e+04 2.322526349801287970e-01
3.024999800520572535e+04 2.394550575189779429e-01
3.049999789540268102e+04 2.394550575189779429e-01
3.049999789540268102e+04 2.106749059761503784e-01
3.074999778559963670e+04 2.106749059761503784e-01
3.074999778559963306e+04 2.429284949294071017e-01
3.099999767579658874e+04 2.429284949294071017e-01
3.099999767579658874e+04 2.387960458782812101e-01
3.124999756599354441e+04 2.387960458782812101e-01
3.124999756599354441e+04 2.340298005655176150e-01
3.149999745619050009e+04 2.340298005655176150e-01
3.149999745619050009e+04 3.338387992866133636e-01
3.174999734638745576e+04 3.338387992866133636e-01
3.174999734638745576e+04 4.207398050137150514e-01
3.199999723658441144e+04 4.207398050137150514e-01
3.199999723658440780e+04 1.010543826022354041e+00
3.224999712678136348e+04 1.010543826022354041e+00
3.224999712678136348e+04 2.058752891310649602e+01
3.249999701697831915e+04 2.058752891310649602e+01
3.249999701697831915e+04 7.119353308362934563e-01
3.274999690717527483e+04 7.119353308362934563e-01
3.274999690717527483e+04 2.159990466217282246e-01
3.299999679737223050e+04 2.159990466217282246e-01
3.299999679737223050e+04 1.916378235746063474e-01
3.324999668756918982e+04 1.916378235746063474e-01
3.324999668756918254e+04 1.547888311669828043e-01
3.349999657776614185e+04 1.547888311669828043e-01
3.349999657776614185e+04 1.300522492633729155e-01
3.374999646796309389e+04 1.300522492633729155e-01
3.374999646796309389e+04 1.401241833325087838e-01
3.399999635816004593e+04 1.401241833325087838e-01
3.399999635816004593e+04 1.239294255642574560e-01
3.424999624835699797e+04 1.239294255642574560e-01
3.424999624835700524e+04 1.189298376918533212e-01
3.449999613855396456e+04 1.189298376918533212e-01
3.449999613855395728e+04 1.221401422925477293e-01
3.474999602875091659e+04 1.221401422925477293e-01
3.474999602875091659e+04 1.121014159008446587e-01
3.499999591894786863e+04 1.121014159008446587e-01
