8.000000e+00 8.803232e+10
2.400000e+01 2.571986e+08
3.200000e+01 2.560076e+05
4.000000e+01 1.564490e+03
5.600000e+01 1.388648e+00
6.400000e+01 1.016025e-01
7.200000e+01 4.879834e-03
8.800000e+01 3.955870e-05
9.600000e+01 7.517103e-06
1.040000e+02 9.253707e-07
1.200000e+02 7.754423e-08
1.280000e+02 4.600145e-08
1.360000e+02 1.387325e-08
1.520000e+02 2.822294e-09
1.600000e+02 1.996856e-09
1.680000e+02 6.919511e-10
1.840000e+02 1.958141e-10
1.920000e+02 1.572044e-10
2.000000e+02 6.111600e-11
2.160000e+02 1.877018e-11
2.240000e+02 1.649637e-11
2.320000e+02 8.232598e-12
2.480000e+02 2.332711e-12
2.560000e+02 1.993956e-12
2.640000e+02 7.564630e-13
2.800000e+02 3.621659e-13
2.880000e+02 3.634282e-13
2.960000e+02 1.623317e-13
3.120000e+02 5.025457e-14
3.200000e+02 7.639236e-14
3.280000e+02 2.651370e-14
3.440000e+02 2.199510e-14
3.520000e+02 1.928227e-14
3.600000e+02 1.005144e-14
3.760000e+02 6.636607e-15
3.840000e+02 6.457539e-15
3.920000e+02 3.816110e-15
