5.000000e+00 1.234503e+11
1.500000e+01 1.569145e+09
2.000000e+01 2.066231e+08
2.500000e+01 1.403738e+07
3.500000e+01 4.153225e+03
4.000000e+01 3.872768e+02
4.500000e+01 2.259121e+01
5.500000e+01 3.533517e-01
6.000000e+01 7.497181e-02
6.500000e+01 8.878470e-03
7.500000e+01 3.237797e-04
8.000000e+01 9.204765e-05
8.500000e+01 1.536212e-05
9.500000e+01 1.065889e-06
1.000000e+02 4.860872e-07
1.050000e+02 1.370781e-07
1.150000e+02 2.725409e-08
1.200000e+02 2.019050e-08
1.250000e+02 7.185747e-09
1.350000e+02 2.582138e-09
1.400000e+02 1.805988e-09
1.450000e+02 7.814926e-10
1.550000e+02 2.690763e-10
1.600000e+02 2.251441e-10
1.650000e+02 9.914287e-11
1.750000e+02 4.490756e-11
1.800000e+02 3.482299e-11
1.850000e+02 2.028517e-11
1.950000e+02 6.891371e-12
2.000000e+02 6.190624e-12
2.050000e+02 3.713399e-12
2.150000e+02 2.095978e-12
2.200000e+02 1.319154e-12
2.250000e+02 7.230118e-13
2.350000e+02 4.483726e-13
2.400000e+02 4.518356e-13
2.450000e+02 1.529501e-13
2.550000e+02 8.879877e-14
2.600000e+02 1.282739e-13
2.650000e+02 4.036010e-14
2.750000e+02 3.416456e-14
2.800000e+02 4.591022e-14
2.850000e+02 1.256467e-14
2.950000e+02 2.738822e-15
3.000000e+02 4.564542e-15
3.050000e+02 1.969620e-16
3.150000e+02 2.434702e-15
3.200000e+02 6.176741e-17
3.250000e+02 2.260226e-15
3.350000e+02 1.920938e-15
3.400000e+02 5.161732e-18
3.450000e+02 2.625629e-16
3.550000e+02 1.923764e-17
3.600000e+02 1.743291e-16
3.650000e+02 5.266266e-16
3.750000e+02 2.326145e-16
3.800000e+02 1.133317e-19
3.850000e+02 1.185529e-21
3.950000e+02 3.355783e-19
4.000000e+02 4.114613e-20
