5.000000e+00 5.126222e+09
5.195195e+00 4.998560e+09
5.390390e+00 4.869327e+09
5.585586e+00 4.737033e+09
5.780781e+00 4.598769e+09
5.975976e+00 4.448224e+09
6.171171e+00 4.277514e+09
6.366366e+00 4.065458e+09
6.561562e+00 3.758029e+09
6.756757e+00 3.150628e+09
6.951952e+00 2.035540e+09
7.147147e+00 1.309109e+09
7.342342e+00 9.207633e+08
7.537538e+00 6.838958e+08
7.732733e+00 5.264410e+08
7.927928e+00 4.152976e+08
8.123123e+00 3.336857e+08
8.318318e+00 2.721843e+08
8.513514e+00 2.245306e+08
8.708709e+00 1.870240e+08
8.903904e+00 1.570990e+08
9.099099e+00 1.328680e+08
9.294294e+00 1.126962e+08
9.489489e+00 9.619741e+07
9.684685e+00 8.238300e+07
9.879880e+00 6.935203e+07
1.007508e+01 5.935366e+07
1.027027e+01 5.846643e+07
1.046547e+01 5.426012e+07
1.066066e+01 4.884907e+07
1.085586e+01 4.427718e+07
1.105105e+01 4.036140e+07
1.124625e+01 3.653442e+07
1.144144e+01 3.280754e+07
1.163664e+01 3.277837e+07
1.183183e+01 3.161614e+07
1.202703e+01 3.001874e+07
1.222222e+01 3.054006e+07
1.241742e+01 3.067277e+07
1.261261e+01 3.113276e+07
1.280781e+01 3.204986e+07
1.300300e+01 3.376027e+07
1.319820e+01 3.642220e+07
1.339339e+01 4.034507e+07
1.358859e+01 4.589706e+07
1.378378e+01 5.381921e+07
1.397898e+01 6.504300e+07
1.417417e+01 8.205486e+07
1.436937e+01 1.092507e+08
1.456456e+01 1.532559e+08
1.475976e+01 2.413066e+08
1.495495e+01 4.507924e+08
1.515015e+01 1.948331e+09
1.534535e+01 2.017070e+09
1.554054e+01 1.865763e+09
1.573574e+01 1.711138e+09
1.593093e+01 1.516562e+09
1.612613e+01 1.184932e+09
1.632132e+01 6.149511e+08
1.651652e+01 3.115163e+08
1.671171e+01 1.899412e+08
1.690691e+01 1.291974e+08
1.710210e+01 9.416425e+07
1.729730e+01 7.197716e+07
1.749249e+01 5.677438e+07
1.768769e+01 4.592909e+07
1.788288e+01 3.781178e+07
1.807808e+01 3.165429e+07
1.827327e+01 2.704674e+07
1.846847e+01 2.328668e+07
1.866366e+01 2.014056e+07
1.885886e+01 1.763496e+07
1.905405e+01 1.569651e+07
1.924925e+01 1.389817e+07
1.944444e+01 1.223097e+07
1.963964e+01 1.075104e+07
1.983483e+01 9.823998e+06
2.003003e+01 8.897645e+06
2.022523e+01 7.953269e+06
2.042042e+01 6.998377e+06
2.061562e+01 6.652401e+06
2.081081e+01 6.464183e+06
2.100601e+01 6.366771e+06
2.120120e+01 6.359937e+06
2.139640e+01 6.141351e+06
2.159159e+01 5.869153e+06
2.178679e+01 5.602878e+06
2.198198e+01 5.304870e+06
2.217718e+01 4.673965e+06
2.237237e+01 3.863069e+06
2.256757e+01 3.107215e+06
2.276276e+01 2.457202e+06
2.295796e+01 2.357717e+06
2.315315e+01 2.940522e+06
2.334835e+01 3.621850e+06
2.354354e+01 4.320357e+06
2.373874e+01 4.655958e+06
2.393393e+01 4.001592e+06
2.412913e+01 3.116630e+06
2.432432e+01 2.118499e+06
2.451952e+01 1.293209e+06
2.471471e+01 1.805683e+06
2.490991e+01 2.736630e+06
2.510511e+01 3.923533e+06
2.530030e+01 5.123051e+06
2.549550e+01 4.788406e+06
2.569069e+01 3.857471e+06
2.588589e+01 2.633736e+06
2.608108e+01 1.459875e+06
2.627628e+01 2.071701e+06
2.647147e+01 3.858411e+06
2.666667e+01 6.224340e+06
2.686186e+01 8.839039e+06
2.705706e+01 9.781424e+06
2.725225e+01 9.102534e+06
2.744745e+01 7.922569e+06
2.764264e+01 6.417242e+06
2.783784e+01 7.048030e+06
2.803303e+01 1.274564e+07
2.822823e+01 2.139014e+07
2.842342e+01 3.132558e+07
2.861862e+01 2.369817e+08
2.881381e+01 8.805038e+08
2.900901e+01 8.329570e+08
2.920420e+01 7.323070e+08
2.939940e+01 1.620917e+08
2.959459e+01 6.222997e+07
2.978979e+01 3.565479e+07
2.998498e+01 2.352532e+07
3.018018e+01 1.693150e+07
3.037538e+01 1.060068e+07
3.057057e+01 6.243165e+06
3.076577e+01 3.618589e+06
3.096096e+01 2.658019e+06
3.115616e+01 3.769811e+06
3.135135e+01 4.663931e+06
3.154655e+01 4.547918e+06
3.174174e+01 3.332537e+06
3.193694e+01 1.678390e+06
3.213213e+01 1.079356e+06
3.232733e+01 1.603396e+06
3.252252e+01 2.667844e+06
3.271772e+01 3.005748e+06
3.291291e+01 2.073991e+06
3.310811e+01 9.390334e+05
3.330330e+01 3.795679e+05
3.349850e+01 8.967134e+05
3.369369e+01 1.754653e+06
3.388889e+01 1.854828e+06
3.408408e+01 1.150735e+06
3.427928e+01 2.492493e+05
3.447447e+01 3.923393e+05
3.466967e+01 1.103080e+06
3.486486e+01 1.675490e+06
3.506006e+01 1.540805e+06
3.525526e+01 6.834812e+05
3.545045e+01 3.421818e+05
3.564565e+01 7.312610e+05
3.584084e+01 1.463970e+06
3.603604e+01 1.439825e+06
3.623123e+01 8.038473e+05
3.642643e+01 2.699734e+05
3.662162e+01 3.725663e+05
3.681682e+01 1.038812e+06
3.701201e+01 1.261386e+06
3.720721e+01 8.271731e+05
3.740240e+01 1.866131e+05
3.759760e+01 2.132518e+05
3.779279e+01 8.618161e+05
3.798799e+01 1.239652e+06
3.818318e+01 9.396024e+05
3.837838e+01 2.826784e+05
3.857357e+01 2.985369e+05
3.876877e+01 9.002646e+05
3.896396e+01 1.431139e+06
3.915916e+01 1.210090e+06
3.935435e+01 4.898536e+05
3.954955e+01 3.988998e+05
3.974474e+01 1.087072e+06
3.993994e+01 1.922265e+06
4.013514e+01 1.490732e+06
4.033033e+01 6.653753e+05
4.052553e+01 4.641527e+05
4.072072e+01 1.473336e+06
4.091592e+01 2.598039e+06
4.111111e+01 2.395845e+06
4.130631e+01 1.150770e+06
4.150150e+01 3.298373e+05
4.169670e+01 2.485413e+06
4.189189e+01 6.445037e+06
4.208709e+01 1.034412e+07
4.228228e+01 1.444340e+07
4.247748e+01 3.244309e+07
4.267267e+01 1.407841e+08
4.286787e+01 3.523933e+08
4.306306e+01 8.106825e+07
4.325826e+01 1.947825e+07
4.345345e+01 9.253324e+06
4.364865e+01 5.174512e+06
4.384384e+01 2.403877e+06
4.403904e+01 7.796443e+05
4.423423e+01 6.164118e+05
4.442943e+01 8.981654e+05
4.462462e+01 1.059027e+06
4.481982e+01 8.757443e+05
4.501502e+01 4.225848e+05
4.521021e+01 2.264503e+05
4.540541e+01 3.082546e+05
4.560060e+01 4.950496e+05
4.579580e+01 4.396180e+05
4.599099e+01 2.331529e+05
4.618619e+01 9.912695e+04
4.638138e+01 1.592833e+05
4.657658e+01 3.018369e+05
4.677177e+01 2.783789e+05
4.696697e+01 1.307140e+05
4.716216e+01 3.333217e+04
4.735736e+01 1.272973e+05
4.755255e+01 2.355342e+05
4.774775e+01 1.972195e+05
4.794294e+01 6.303691e+04
4.813814e+01 2.484055e+04
4.833333e+01 1.395257e+05
4.852853e+01 2.082319e+05
4.872372e+01 1.411608e+05
4.891892e+01 2.437084e+04
4.911411e+01 5.767375e+04
4.930931e+01 1.610914e+05
4.950450e+01 1.896078e+05
4.969970e+01 9.184461e+04
4.989489e+01 3.038331e+04
5.009009e+01 9.484637e+04
5.028529e+01 1.836189e+05
5.048048e+01 1.675960e+05
5.067568e+01 5.885178e+04
5.087087e+01 4.868250e+04
5.106607e+01 1.386624e+05
5.126126e+01 2.022974e+05
5.145646e+01 1.187373e+05
5.165165e+01 4.252211e+04
5.184685e+01 8.522283e+04
5.204204e+01 1.908124e+05
5.223724e+01 1.811015e+05
5.243243e+01 7.657954e+04
5.262763e+01 5.036025e+04
5.282282e+01 1.493453e+05
5.301802e+01 2.263295e+05
5.321321e+01 1.419836e+05
5.340841e+01 5.117595e+04
5.360360e+01 1.003493e+05
5.379880e+01 2.478157e+05
5.399399e+01 2.351454e+05
5.418919e+01 1.033280e+05
5.438438e+01 6.539224e+04
5.457958e+01 2.485167e+05
5.477477e+01 3.784062e+05
5.496997e+01 2.568286e+05
5.516517e+01 8.159453e+04
5.536036e+01 2.306220e+05
5.555556e+01 6.994060e+05
5.575075e+01 8.284913e+05
5.594595e+01 4.420946e+05
5.614114e+01 2.028220e+05
5.633634e+01 2.372069e+06
5.653153e+01 1.092732e+07
5.672673e+01 1.515395e+08
5.692192e+01 3.611937e+07
5.711712e+01 5.436475e+06
5.731231e+01 1.930154e+06
5.750751e+01 5.072731e+05
5.770270e+01 9.915437e+04
5.789790e+01 2.047031e+05
5.809309e+01 2.516686e+05
5.828829e+01 1.473749e+05
5.848348e+01 4.920731e+04
5.867868e+01 4.183027e+04
5.887387e+01 7.003204e+04
5.906907e+01 6.090715e+04
5.926426e+01 3.508927e+04
5.945946e+01 2.389101e+04
5.965465e+01 2.954934e+04
5.984985e+01 2.889755e+04
6.004505e+01 2.365299e+04
6.024024e+01 2.116260e+04
6.043544e+01 1.973842e+04
6.063063e+01 1.621383e+04
6.082583e+01 1.480677e+04
6.102102e+01 1.802535e+04
6.121622e+01 1.788366e+04
6.141141e+01 1.219872e+04
6.160661e+01 9.066617e+03
6.180180e+01 1.351202e+04
6.199700e+01 1.725545e+04
6.219219e+01 1.210243e+04
6.238739e+01 6.354380e+03
6.258258e+01 8.910878e+03
6.277778e+01 1.573151e+04
6.297297e+01 1.334517e+04
6.316817e+01 6.119127e+03
6.336336e+01 5.261870e+03
6.355856e+01 1.293221e+04
6.375375e+01 1.444282e+04
6.394895e+01 7.552230e+03
6.414414e+01 3.257603e+03
6.433934e+01 9.349558e+03
6.453453e+01 1.470997e+04
6.472973e+01 9.813847e+03
6.492492e+01 2.977066e+03
6.512012e+01 5.704021e+03
6.531532e+01 1.405722e+04
6.551051e+01 1.230417e+04
6.570571e+01 4.204672e+03
6.590090e+01 3.091838e+03
6.609610e+01 1.273214e+04
6.629129e+01 1.479593e+04
6.648649e+01 6.717325e+03
6.668168e+01 1.755080e+03
6.687688e+01 1.110817e+04
6.707207e+01 1.748628e+04
6.726727e+01 1.072872e+04
6.746246e+01 1.820185e+03
6.765766e+01 9.201755e+03
6.785285e+01 2.109005e+04
6.804805e+01 1.731342e+04
6.824324e+01 4.050850e+03
6.843844e+01 7.107566e+03
6.863363e+01 2.714870e+04
6.882883e+01 3.111103e+04
6.902402e+01 1.231330e+04
6.921922e+01 4.082227e+03
6.941441e+01 3.772062e+04
6.960961e+01 6.325081e+04
6.980480e+01 3.673198e+04
7.000000e+01 1.231719e+04
7.019520e+01 1.279139e+05
7.039039e+01 4.031549e+05
7.058559e+01 1.024161e+06
7.078078e+01 4.661032e+07
7.097598e+01 1.381354e+06
7.117117e+01 3.521911e+05
7.136637e+01 7.348166e+04
7.156156e+01 1.658579e+04
7.175676e+01 4.112301e+04
7.195195e+01 3.814087e+04
7.214715e+01 1.518793e+04
7.234234e+01 4.017684e+03
7.253754e+01 1.116773e+04
7.273273e+01 1.370614e+04
7.292793e+01 6.911555e+03
7.312312e+01 1.968945e+03
7.331832e+01 4.889685e+03
7.351351e+01 7.203620e+03
7.370871e+01 4.285950e+03
7.390390e+01 1.310776e+03
7.409910e+01 2.623715e+03
7.429429e+01 4.568349e+03
7.448949e+01 3.140087e+03
7.468468e+01 1.046789e+03
7.487988e+01 1.542350e+03
7.507508e+01 3.209967e+03
7.527027e+01 2.534886e+03
7.546547e+01 9.424842e+02
7.566066e+01 9.977731e+02
7.585586e+01 2.384635e+03
7.605105e+01 2.162787e+03
7.624625e+01 9.156608e+02
7.644144e+01 6.993256e+02
7.663664e+01 1.813968e+03
7.683183e+01 1.898267e+03
7.702703e+01 9.331462e+02
7.722222e+01 5.336627e+02
7.741742e+01 1.383857e+03
7.761261e+01 1.681872e+03
7.780781e+01 9.650216e+02
7.800300e+01 4.683982e+02
7.819820e+01 1.064282e+03
7.839339e+01 1.492117e+03
7.858859e+01 9.937240e+02
7.878378e+01 4.704091e+02
7.897898e+01 8.396396e+02
7.917417e+01 1.327156e+03
7.936937e+01 1.011348e+03
7.956456e+01 5.165424e+02
7.975976e+01 7.088665e+02
7.995495e+01 1.200037e+03
8.015015e+01 1.019455e+03
8.034535e+01 5.919224e+02
8.054054e+01 6.958570e+02
8.073574e+01 1.140498e+03
8.093093e+01 1.032668e+03
8.112613e+01 6.932715e+02
8.132132e+01 8.161071e+02
8.151652e+01 1.210411e+03
8.171171e+01 1.089016e+03
8.190691e+01 8.393003e+02
8.210210e+01 1.140697e+03
8.229730e+01 1.571964e+03
8.249249e+01 1.296028e+03
8.268769e+01 1.113111e+03
8.288288e+01 1.973252e+03
8.307808e+01 2.831326e+03
8.327327e+01 2.081134e+03
8.346847e+01 1.904365e+03
8.366366e+01 4.996024e+03
8.385886e+01 9.017764e+03
8.405405e+01 7.063286e+03
8.424925e+01 7.494886e+03
8.444444e+01 4.309951e+04
8.463964e+01 2.732172e+05
8.483483e+01 1.079437e+07
8.503003e+01 5.271016e+04
8.522523e+01 3.980194e+04
8.542042e+01 2.649706e+04
8.561562e+01 7.063702e+03
8.581081e+01 2.024133e+03
8.600601e+01 4.584018e+03
8.620120e+01 5.543120e+03
8.639640e+01 2.280767e+03
8.659159e+01 6.797597e+02
8.678679e+01 1.705513e+03
8.698198e+01 2.540991e+03
8.717718e+01 1.328607e+03
8.737237e+01 3.831085e+02
8.756757e+01 8.847333e+02
8.776276e+01 1.535383e+03
8.795796e+01 9.855386e+02
8.815315e+01 2.803083e+02
8.834835e+01 5.246001e+02
8.854354e+01 1.053513e+03
8.873874e+01 8.263633e+02
8.893393e+01 2.448159e+02
8.912913e+01 3.291832e+02
8.932432e+01 7.654311e+02
8.951952e+01 7.369920e+02
8.971471e+01 2.416991e+02
8.990991e+01 2.127994e+02
9.010511e+01 5.669581e+02
9.030030e+01 6.640686e+02
9.049550e+01 2.560963e+02
9.069069e+01 1.433895e+02
9.088589e+01 4.176560e+02
9.108108e+01 5.829197e+02
9.127628e+01 2.787960e+02
9.147147e+01 1.065260e+02
9.166667e+01 3.013923e+02
9.186186e+01 5.044565e+02
9.205706e+01 3.032003e+02
9.225225e+01 9.363912e+01
9.244745e+01 2.114348e+02
9.264264e+01 4.268980e+02
9.283784e+01 3.240278e+02
9.303303e+01 9.856857e+01
9.322823e+01 1.444517e+02
9.342342e+01 3.511583e+02
9.361862e+01 3.376531e+02
9.381381e+01 1.162625e+02
9.400901e+01 9.863660e+01
9.420420e+01 2.796109e+02
9.439940e+01 3.422851e+02
9.459459e+01 1.430327e+02
9.478979e+01 7.334252e+01
9.498498e+01 2.159895e+02
9.518018e+01 3.340469e+02
9.537538e+01 1.771824e+02
9.557057e+01 6.971350e+01
9.576577e+01 1.646783e+02
9.596096e+01 3.079240e+02
9.615616e+01 2.227850e+02
9.635135e+01 9.636494e+01
9.654655e+01 1.344039e+02
9.674174e+01 2.843324e+02
9.693694e+01 3.012921e+02
9.713213e+01 1.963801e+02
9.732733e+01 1.621124e+02
9.752252e+01 2.860156e+02
9.771772e+01 5.329677e+02
9.791291e+01 6.890289e+02
9.810811e+01 6.081354e+02
9.830330e+01 5.435097e+02
9.849850e+01 3.213399e+03
9.869369e+01 2.345372e+04
9.888889e+01 1.224661e+06
9.908408e+01 2.040146e+03
9.927928e+01 2.169427e+03
9.947447e+01 2.391898e+03
9.966967e+01 1.072485e+03
9.986486e+01 2.010204e+02
1.000601e+02 2.828926e+02
1.002553e+02 5.845978e+02
1.004505e+02 3.994717e+02
1.006456e+02 1.223062e+02
1.008408e+02 1.386500e+02
1.010360e+02 3.093397e+02
1.012312e+02 2.503346e+02
1.014264e+02 9.612116e+01
1.016216e+02 9.108451e+01
1.018168e+02 2.102235e+02
1.020120e+02 1.919448e+02
1.022072e+02 8.385628e+01
1.024024e+02 6.497403e+01
1.025976e+02 1.570203e+02
1.027928e+02 1.616702e+02
1.029880e+02 7.844435e+01
1.031832e+02 4.817779e+01
1.033784e+02 1.204404e+02
1.035736e+02 1.420390e+02
1.037688e+02 7.708673e+01
1.039640e+02 3.752968e+01
1.041592e+02 9.134437e+01
1.043544e+02 1.264838e+02
1.045495e+02 7.782899e+01
1.047447e+02 3.176280e+01
1.049399e+02 6.655449e+01
1.051351e+02 1.119855e+02
1.053303e+02 7.928373e+01
1.055255e+02 2.998236e+01
1.057207e+02 4.684370e+01
1.059159e+02 9.741646e+01
1.061111e+02 8.033875e+01
1.063063e+02 3.123425e+01
1.065015e+02 3.216902e+01
1.066967e+02 8.243651e+01
1.068919e+02 8.023267e+01
1.070871e+02 3.460254e+01
1.072823e+02 2.199653e+01
1.074775e+02 6.719532e+01
1.076727e+02 7.854385e+01
1.078679e+02 3.924726e+01
1.080631e+02 1.589471e+01
1.082583e+02 5.215325e+01
1.084535e+02 7.523427e+01
1.086486e+02 4.453191e+01
1.088438e+02 1.336850e+01
1.090390e+02 3.776993e+01
1.092342e+02 7.050450e+01
1.094294e+02 5.015633e+01
1.096246e+02 1.401525e+01
1.098198e+02 2.438716e+01
1.100150e+02 6.486689e+01
1.102102e+02 5.655115e+01
1.104054e+02 1.798431e+01
1.106006e+02 1.409588e+01
1.107958e+02 5.927089e+01
1.109910e+02 6.620536e+01
1.111862e+02 2.789680e+01
1.113814e+02 7.432475e+00
1.115766e+02 5.603874e+01
1.117718e+02 9.199913e+01
1.119670e+02 6.491695e+01
1.121622e+02 1.398698e+01
1.123574e+02 7.093086e+01
1.125526e+02 3.479296e+02
1.127477e+02 1.458305e+03
1.129429e+02 9.696823e+04
1.131381e+02 8.464261e+01
1.133333e+02 1.675726e+02
1.135285e+02 1.518038e+02
1.137237e+02 7.065286e+01
1.139189e+02 1.498570e+01
1.141141e+02 3.027361e+01
1.143093e+02 4.678381e+01
1.145045e+02 3.300942e+01
1.146997e+02 1.219511e+01
1.148949e+02 2.111814e+01
1.150901e+02 3.224894e+01
1.152853e+02 2.471500e+01
1.154805e+02 1.037730e+01
1.156757e+02 1.690574e+01
1.158709e+02 2.689879e+01
1.160661e+02 2.193828e+01
1.162613e+02 9.513228e+00
1.164565e+02 1.336055e+01
1.166517e+02 2.341011e+01
1.168468e+02 2.083897e+01
1.170420e+02 9.349166e+00
1.172372e+02 1.019680e+01
1.174324e+02 2.029239e+01
1.176276e+02 2.019336e+01
1.178228e+02 9.766823e+00
1.180180e+02 7.539163e+00
1.182132e+02 1.721447e+01
1.184084e+02 1.948878e+01
1.186036e+02 1.054567e+01
1.187988e+02 5.512557e+00
1.189940e+02 1.417405e+01
1.191892e+02 1.850731e+01
1.193844e+02 1.145770e+01
1.195796e+02 4.186592e+00
1.197748e+02 1.127080e+01
1.199700e+02 1.718359e+01
1.201652e+02 1.230862e+01
1.203604e+02 3.901887e+00
1.205556e+02 8.632609e+00
1.207508e+02 1.554565e+01
1.209459e+02 1.295148e+01
1.211411e+02 4.520985e+00
1.213363e+02 6.371357e+00
1.215315e+02 1.367161e+01
1.217267e+02 1.330481e+01
1.219219e+02 5.450108e+00
1.221171e+02 4.564848e+00
1.223123e+02 1.167109e+01
1.225075e+02 1.333104e+01
1.227027e+02 6.542628e+00
1.228979e+02 3.258470e+00
1.230931e+02 9.659647e+00
1.232883e+02 1.306161e+01
1.234835e+02 7.702522e+00
1.236787e+02 2.466961e+00
1.238739e+02 7.749839e+00
1.240691e+02 1.258415e+01
1.242643e+02 8.908033e+00
1.244595e+02 2.189609e+00
1.246547e+02 6.037458e+00
1.248498e+02 1.209649e+01
1.250450e+02 1.034117e+01
1.252402e+02 2.647717e+00
1.254354e+02 4.603198e+00
1.256306e+02 1.211399e+01
1.258258e+02 1.302066e+01
1.260210e+02 4.641866e+00
1.262162e+02 3.623968e+00
1.264114e+02 1.610215e+01
1.266066e+02 3.076744e+01
1.268018e+02 4.035644e+01
1.269970e+02 3.699564e+03
1.271922e+02 8.358530e+00
1.273874e+02 5.081072e+00
1.275826e+02 4.676892e+00
1.277778e+02 2.552467e+00
1.279730e+02 2.413335e+00
1.281682e+02 3.848504e+00
1.283634e+02 3.685517e+00
1.285586e+02 1.971738e+00
1.287538e+02 2.478119e+00
1.289489e+02 4.176036e+00
1.291441e+02 3.983394e+00
1.293393e+02 1.877302e+00
1.295345e+02 2.104956e+00
1.297297e+02 3.972720e+00
1.299249e+02 4.183289e+00
1.301201e+02 2.019505e+00
1.303153e+02 1.699684e+00
1.305105e+02 3.521677e+00
1.307057e+02 4.208364e+00
1.309009e+02 2.338657e+00
1.310961e+02 1.385370e+00
1.312913e+02 2.972178e+00
1.314865e+02 4.071095e+00
1.316817e+02 2.645551e+00
1.318769e+02 1.200702e+00
1.320721e+02 2.412991e+00
1.322673e+02 3.798651e+00
1.324625e+02 2.888365e+00
1.326577e+02 1.147228e+00
1.328529e+02 1.900119e+00
1.330480e+02 3.425392e+00
1.332432e+02 3.038504e+00
1.334384e+02 1.208112e+00
1.336336e+02 1.468329e+00
1.338288e+02 2.990620e+00
1.340240e+02 3.082603e+00
1.342192e+02 1.355541e+00
1.344144e+02 1.137692e+00
1.346096e+02 2.529416e+00
1.348048e+02 3.022129e+00
1.350000e+02 1.558476e+00
1.351952e+02 9.142376e-01
1.353904e+02 2.074717e+00
1.355856e+02 2.869942e+00
1.357808e+02 1.795895e+00
1.359760e+02 7.941203e-01
1.361712e+02 1.653437e+00
1.363664e+02 2.641287e+00
1.365616e+02 1.971828e+00
1.367568e+02 7.654486e-01
1.369520e+02 1.287132e+00
1.371471e+02 2.358405e+00
1.373423e+02 2.075132e+00
1.375375e+02 8.112974e-01
1.377327e+02 9.884140e-01
1.379279e+02 2.045824e+00
1.381231e+02 2.103602e+00
1.383183e+02 9.118994e-01
1.385135e+02 7.636155e-01
1.387087e+02 1.723945e+00
1.389039e+02 2.062821e+00
1.390991e+02 1.047243e+00
1.392943e+02 6.137148e-01
1.394895e+02 1.415289e+00
1.396847e+02 1.965352e+00
1.398799e+02 1.200560e+00
1.400751e+02 5.345629e-01
1.402703e+02 1.139587e+00
1.404655e+02 1.847286e+00
1.406607e+02 1.380390e+00
1.408559e+02 5.400690e-01
1.410511e+02 2.387649e+00
1.412462e+02 1.359637e+00
1.414414e+02 1.281281e+00
1.416366e+02 5.176159e-01
1.418318e+02 6.443949e-01
1.420270e+02 1.328832e+00
1.422222e+02 1.358909e+00
1.424174e+02 5.844161e-01
1.426126e+02 5.039633e-01
1.428078e+02 1.131113e+00
1.430030e+02 1.341553e+00
1.431982e+02 6.663705e-01
1.433934e+02 4.045431e-01
1.435886e+02 9.293811e-01
1.437838e+02 1.275449e+00
1.439790e+02 7.549749e-01
1.441742e+02 3.482638e-01
1.443694e+02 7.416437e-01
1.445646e+02 1.173984e+00
1.447598e+02 8.388793e-01
1.449550e+02 3.302478e-01
1.451502e+02 5.783380e-01
1.453453e+02 1.048515e+00
1.455405e+02 8.935317e-01
1.457357e+02 3.427454e-01
1.459309e+02 4.443929e-01
1.461261e+02 9.094243e-01
1.463213e+02 9.095696e-01
1.465165e+02 3.773135e-01
1.467117e+02 3.422708e-01
1.469069e+02 7.671661e-01
1.471021e+02 8.926982e-01
1.472973e+02 4.253790e-01
1.474925e+02 2.714908e-01
1.476877e+02 6.288885e-01
1.478829e+02 8.475973e-01
1.480781e+02 4.780181e-01
1.482733e+02 2.300162e-01
1.484685e+02 5.020452e-01
1.486637e+02 7.795538e-01
1.488589e+02 5.280009e-01
1.490541e+02 2.134524e-01
1.492492e+02 3.915379e-01
1.494444e+02 6.962965e-01
1.496396e+02 5.684619e-01
1.498348e+02 2.168287e-01
1.500300e+02 3.002068e-01
1.502252e+02 6.029125e-01
1.504204e+02 5.857656e-01
1.506156e+02 2.343740e-01
1.508108e+02 2.297932e-01
1.510060e+02 5.071669e-01
1.512012e+02 5.728736e-01
1.513964e+02 2.596691e-01
1.515916e+02 1.799326e-01
1.517868e+02 4.133766e-01
1.519820e+02 5.385562e-01
1.521772e+02 2.864830e-01
1.523724e+02 1.486974e-01
1.525676e+02 3.260424e-01
1.527628e+02 4.855298e-01
1.529580e+02 3.070071e-01
1.531532e+02 1.327713e-01
1.533483e+02 2.476812e-01
1.535435e+02 4.129580e-01
1.537387e+02 3.088917e-01
1.539339e+02 1.259342e-01
1.541291e+02 1.783453e-01
1.543243e+02 3.059722e-01
1.545195e+02 2.454140e-01
1.547147e+02 1.038604e-01
1.549099e+02 1.594464e-01
1.551051e+02 1.311275e+01
1.553003e+02 1.533333e+00
1.554955e+02 2.846745e-01
1.556907e+02 1.897849e-01
1.558859e+02 4.505028e-01
1.560811e+02 5.287714e-01
1.562763e+02 2.317487e-01
1.564715e+02 1.184871e-01
1.566667e+02 3.012063e-01
1.568619e+02 4.366478e-01
1.570571e+02 2.423715e-01
1.572523e+02 9.810880e-02
1.574474e+02 2.229725e-01
1.576426e+02 3.783756e-01
1.578378e+02 2.576972e-01
1.580330e+02 9.314922e-02
1.582282e+02 1.666782e-01
1.584234e+02 3.262902e-01
1.586186e+02 2.706629e-01
1.588138e+02 9.746470e-02
1.590090e+02 1.245299e-01
1.592042e+02 2.766093e-01
1.593994e+02 2.786287e-01
1.595946e+02 1.076818e-01
1.597898e+02 9.394588e-02
1.599850e+02 2.294133e-01
1.601802e+02 2.775769e-01
1.603754e+02 1.211326e-01
1.605706e+02 7.345411e-02
1.607658e+02 1.858360e-01
1.609610e+02 2.609802e-01
1.611562e+02 1.355722e-01
1.613514e+02 6.165870e-02
1.615465e+02 1.470026e-01
1.617417e+02 2.386568e-01
1.619369e+02 1.490938e-01
1.621321e+02 5.709370e-02
1.623273e+02 1.137413e-01
1.625225e+02 2.124818e-01
1.627177e+02 1.602261e-01
1.629129e+02 5.818176e-02
1.631081e+02 8.660354e-02
1.633033e+02 1.842777e-01
1.634985e+02 1.678238e-01
1.636937e+02 6.334695e-02
1.638889e+02 6.570410e-02
1.640841e+02 1.557183e-01
1.642793e+02 1.712161e-01
1.644745e+02 7.100796e-02
1.646697e+02 5.082578e-02
1.648649e+02 1.282232e-01
1.650601e+02 1.694954e-01
1.652553e+02 7.969973e-02
1.654505e+02 4.147267e-02
1.656456e+02 1.029811e-01
1.658408e+02 1.568201e-01
1.660360e+02 8.808482e-02
1.662312e+02 3.691963e-02
1.664264e+02 8.090280e-02
1.666216e+02 1.408548e-01
1.668168e+02 9.491550e-02
1.670120e+02 3.629087e-02
1.672072e+02 6.277532e-02
1.674024e+02 1.228502e-01
1.675976e+02 9.889146e-02
1.677928e+02 3.862864e-02
1.679880e+02 4.983292e-02
1.681832e+02 1.045279e-01
1.683784e+02 9.762000e-02
1.685736e+02 4.331592e-02
1.687688e+02 5.545750e-02
1.689640e+02 1.398167e-01
1.691592e+02 8.048535e-01
1.693544e+02 1.076506e-01
1.695495e+02 4.924988e-02
1.697447e+02 1.052047e-01
1.699399e+02 1.323948e-01
1.701351e+02 5.830793e-02
1.703303e+02 2.339579e-02
1.705255e+02 6.565621e-02
1.707207e+02 1.095079e-01
1.709159e+02 6.248347e-02
1.711111e+02 2.115070e-02
1.713063e+02 4.829676e-02
1.715015e+02 9.475006e-02
1.716967e+02 6.670600e-02
1.718919e+02 2.184765e-02
1.720871e+02 3.579787e-02
1.722823e+02 8.119510e-02
1.724775e+02 6.976914e-02
1.726727e+02 2.426087e-02
1.728679e+02 2.651034e-02
1.730631e+02 6.823232e-02
1.732583e+02 7.128660e-02
1.734535e+02 2.772263e-02
1.736486e+02 1.995337e-02
1.738438e+02 5.602669e-02
1.740390e+02 7.110082e-02
1.742342e+02 3.165414e-02
1.744294e+02 1.578400e-02
1.746246e+02 4.489023e-02
1.748198e+02 6.916821e-02
1.750150e+02 3.558518e-02
1.752102e+02 1.366008e-02
1.754054e+02 3.509439e-02
1.756006e+02 6.336709e-02
1.757958e+02 3.910749e-02
1.759910e+02 1.321911e-02
1.761862e+02 2.682527e-02
1.763814e+02 5.600160e-02
1.765766e+02 4.189966e-02
1.767718e+02 1.406789e-02
1.769670e+02 2.016448e-02
1.771622e+02 4.827537e-02
1.773574e+02 4.374755e-02
1.775526e+02 1.582615e-02
1.777477e+02 1.511845e-02
1.779429e+02 4.061890e-02
1.781381e+02 4.454995e-02
1.783333e+02 1.812361e-02
1.785285e+02 1.159896e-02
1.787237e+02 3.336299e-02
1.789189e+02 4.426667e-02
1.791141e+02 2.063047e-02
1.793093e+02 9.461639e-03
1.795045e+02 2.678606e-02
1.796997e+02 4.295878e-02
1.798949e+02 2.306829e-02
1.800901e+02 8.516093e-03
1.802853e+02 2.110079e-02
1.804805e+02 3.964476e-02
1.806757e+02 2.522535e-02
1.808709e+02 8.546212e-03
1.810661e+02 1.647403e-02
1.812613e+02 3.534043e-02
1.814565e+02 2.697807e-02
1.816517e+02 9.342508e-03
1.818468e+02 1.317664e-02
1.820420e+02 3.153405e-02
1.822372e+02 2.848937e-02
1.824324e+02 1.084021e-02
1.826276e+02 1.272489e-02
1.828228e+02 3.310785e-02
1.830180e+02 3.468285e-02
1.832132e+02 3.720287e-02
1.834084e+02 4.609159e-02
1.836036e+02 1.894786e-02
1.837988e+02 2.570288e-02
1.839940e+02 1.351696e-02
1.841892e+02 4.911661e-03
1.843844e+02 1.382833e-02
1.845796e+02 2.517193e-02
1.847748e+02 1.477691e-02
1.849700e+02 4.717756e-03
1.851652e+02 1.090279e-02
1.853604e+02 2.322258e-02
1.855556e+02 1.597516e-02
1.857508e+02 5.031007e-03
1.859459e+02 8.309797e-03
1.861411e+02 2.027718e-02
1.863363e+02 1.684288e-02
1.865315e+02 5.689458e-03
1.867267e+02 6.221441e-03
1.869219e+02 1.724899e-02
1.871171e+02 1.731522e-02
1.873123e+02 6.576557e-03
1.875075e+02 4.688331e-03
1.877027e+02 1.428835e-02
1.878979e+02 1.736393e-02
1.880931e+02 7.580743e-03
1.882883e+02 3.684799e-03
1.884835e+02 1.152608e-02
1.886787e+02 1.698286e-02
1.888739e+02 8.584303e-03
1.890691e+02 3.158633e-03
1.892643e+02 9.062304e-03
1.894595e+02 1.621025e-02
1.896547e+02 9.492124e-03
1.898498e+02 3.036082e-03
1.900450e+02 6.955449e-03
1.902402e+02 1.487434e-02
1.904354e+02 1.023589e-02
1.906306e+02 3.230527e-03
1.908258e+02 5.231454e-03
1.910210e+02 1.290031e-02
1.912162e+02 1.075778e-02
1.914114e+02 3.655683e-03
1.916066e+02 3.897400e-03
1.918018e+02 1.093354e-02
1.919970e+02 1.102710e-02
1.921922e+02 4.220288e-03
1.923874e+02 2.938843e-03
1.925826e+02 9.045636e-03
1.927778e+02 1.103471e-02
1.929730e+02 4.850441e-03
1.931682e+02 2.323291e-03
1.933634e+02 7.321099e-03
1.935586e+02 1.079208e-02
1.937538e+02 5.474764e-03
1.939489e+02 2.005461e-03
1.941441e+02 5.805198e-03
1.943393e+02 1.033027e-02
1.945345e+02 6.032906e-03
1.947297e+02 1.930251e-03
1.949249e+02 4.533198e-03
1.951201e+02 9.638904e-03
1.953153e+02 6.495949e-03
1.955105e+02 2.034129e-03
1.957057e+02 3.551839e-03
1.959009e+02 8.587472e-03
1.960961e+02 6.845811e-03
1.962913e+02 2.235867e-03
1.964865e+02 2.977130e-03
1.966817e+02 8.054000e-03
1.968769e+02 7.250377e-03
1.970721e+02 2.389844e-03
1.972673e+02 1.208629e-02
1.974625e+02 3.223227e-03
1.976577e+02 6.241522e-03
1.978529e+02 3.836112e-03
1.980480e+02 1.305687e-03
1.982432e+02 3.647901e-03
1.984384e+02 6.405036e-03
1.986336e+02 3.754406e-03
1.988288e+02 1.240735e-03
1.990240e+02 3.077660e-03
1.992192e+02 6.121929e-03
1.994144e+02 3.996420e-03
1.996096e+02 1.270375e-03
1.998048e+02 2.418400e-03
2.000000e+02 5.673346e-03
