200.00000000000000000000 0.97858567517204309016
400.00000000000000000000 0.98328793618368914853
600.00000000000000000000 0.98571265801966256870
800.00000000000000000000 0.98737234863337353108
1000.00000000000000000000 0.98855591988108870716
1200.00000000000000000000 0.98969512684139970826
1400.00000000000000000000 0.99040603848875563564
1600.00000000000000000000 0.99060834009831455482
1800.00000000000000000000 0.98865565557248302753
2000.00000000000000000000 0.90893726862451917903
2200.00000000000000000000 0.92312310697408173077
2400.00000000000000000000 0.93055227385442995658
2600.00000000000000000000 0.93511034162844097750
2800.00000000000000000000 0.93858181176875665752
3000.00000000000000000000 0.94149938813747557909
3200.00000000000000000000 0.94409994580477707427
3400.00000000000000000000 0.94638678310379786840
3600.00000000000000000000 0.94848325125881438602
3800.00000000000000000000 0.95064022934381009478
4000.00000000000000000000 0.95237479853925621764
4200.00000000000000000000 0.95395108748055013059
4400.00000000000000000000 0.95544890233559953696
4600.00000000000000000000 0.95679554714870651555
4800.00000000000000000000 0.95791580276659116233
5000.00000000000000000000 0.95906486553885206270
5200.00000000000000000000 0.96001637050527954820
5400.00000000000000000000 0.96092530961399691414
5600.00000000000000000000 0.96178527627975729519
5800.00000000000000000000 0.96251266955224090704
6000.00000000000000000000 0.96326059469523228618
6200.00000000000000000000 0.96385846948400932810
6400.00000000000000000000 0.96448346448322253011
6600.00000000000000000000 0.96499719116926396811
6800.00000000000000000000 0.96549464104990112556
7000.00000000000000000000 0.96596157239219515578
7200.00000000000000000000 0.96633084887434705923
7400.00000000000000000000 0.96678041005526105245
7600.00000000000000000000 0.96702328625662592465
7800.00000000000000000000 0.96733981569032534420
8000.00000000000000000000 0.96762556205209726556
8200.00000000000000000000 0.96786481986791317311
8400.00000000000000000000 0.96816858299156860479
8600.00000000000000000000 0.96834598707707530973
8800.00000000000000000000 0.96851469161616909886
9000.00000000000000000000 0.96873519550845510473
9200.00000000000000000000 0.96882861098399886135
9400.00000000000000000000 0.96892937781056287516
9600.00000000000000000000 0.96907044924176755085
9800.00000000000000000000 0.96905951411273971718
10000.00000000000000000000 0.96900064006754493828
10200.00000000000000000000 0.96896193795828944317
10400.00000000000000000000 0.96884438471514733315
10600.00000000000000000000 0.96858175384102340733
10800.00000000000000000000 0.96831117803661037602
11000.00000000000000000000 0.96802739947282845367
11200.00000000000000000000 0.96751998942089501021
11400.00000000000000000000 0.96692037801131625052
11600.00000000000000000000 0.96624906894062412288
11800.00000000000000000000 0.96547590336510602516
12000.00000000000000000000 0.96433579843045180713
12200.00000000000000000000 0.96299059661290886680
12400.00000000000000000000 0.96136449988543981604
12600.00000000000000000000 0.95933985394085830034
12800.00000000000000000000 0.95645258858246329225
13000.00000000000000000000 0.95254946760858649757
13200.00000000000000000000 0.94689745878258491096
13400.00000000000000000000 0.93770007481042061404
13600.00000000000000000000 0.91859587144097099021
13800.00000000000000000000 0.83971393987515330348
14000.00000000000000000000 0.54218244400666570915
14200.00000000000000000000 0.40174039302567393639
14400.00000000000000000000 0.32108997619276208324
14600.00000000000000000000 0.26658242091766731763
14800.00000000000000000000 0.22664134745896274969
15000.00000000000000000000 0.19592172983483835402
15200.00000000000000000000 0.17150322312792631863
15400.00000000000000000000 0.15161973774921227998
15600.00000000000000000000 0.13514010361646552894
15800.00000000000000000000 0.12126481418870477258
16000.00000000000000000000 0.10944008045834295595
16200.00000000000000000000 0.09926027993413071016
16400.00000000000000000000 0.09042062640373606242
16600.00000000000000000000 0.08269141206147458123
16800.00000000000000000000 0.07588655928769189041
17000.00000000000000000000 0.06985917677010135274
17200.00000000000000000000 0.06449292751419107017
17400.00000000000000000000 0.05969317574988599467
17600.00000000000000000000 0.05538214865451944469
17800.00000000000000000000 0.05149835928463138146
18000.00000000000000000000 0.04798431180891797598
18200.00000000000000000000 0.04479463135839066579
18400.00000000000000000000 0.04189082418119095819
18600.00000000000000000000 0.03924003239778550006
18800.00000000000000000000 0.03681405008352803959
19000.00000000000000000000 0.03458990339156294003
19200.00000000000000000000 0.03254502964358505640
19400.00000000000000000000 0.03066096849257335388
19600.00000000000000000000 0.02892167170148729136
19800.00000000000000000000 0.02731304975649263833
20000.00000000000000000000 0.02582268813604412031
20200.00000000000000000000 0.02444002769429550956
20400.00000000000000000000 0.02315536658031817213
20600.00000000000000000000 0.02195949266133827640
20800.00000000000000000000 0.02084469327212222153
21000.00000000000000000000 0.01980406943475294945
21200.00000000000000000000 0.01883143442892165967
21400.00000000000000000000 0.01792122696746943980
21600.00000000000000000000 0.01706871924479379937
21800.00000000000000000000 0.01626934191135013738
22000.00000000000000000000 0.01551871015185080256
22200.00000000000000000000 0.01481311892682341848
22400.00000000000000000000 0.01414920300994527286
22600.00000000000000000000 0.01352390032977312390
22800.00000000000000000000 0.01293441986691342901
23000.00000000000000000000 0.01237823818194920544
23200.00000000000000000000 0.01185325802523314390
23400.00000000000000000000 0.01135706170174971032
23600.00000000000000000000 0.01088769441283106085
23800.00000000000000000000 0.01044336073896037949
24000.00000000000000000000 0.01002240941378492421
24200.00000000000000000000 0.00962331976934447178
24400.00000000000000000000 0.00924468964516298244
24600.00000000000000000000 0.00888525589868455722
24800.00000000000000000000 0.00854395316756354807
25000.00000000000000000000 0.00821949591310740767
25200.00000000000000000000 0.00791085989897940406
25400.00000000000000000000 0.00761709531037985024
25600.00000000000000000000 0.00733732044082063047
25800.00000000000000000000 0.00707071599258566469
26000.00000000000000000000 0.00681651992356420607
26200.00000000000000000000 0.00657402278136744959
26400.00000000000000000000 0.00634264113696485828
26600.00000000000000000000 0.00612171050354593394
26800.00000000000000000000 0.00591061753285164471
27000.00000000000000000000 0.00570882510227942435
27200.00000000000000000000 0.00551583099410693761
27400.00000000000000000000 0.00533116525599789878
27600.00000000000000000000 0.00515438778964180232
27800.00000000000000000000 0.00498508614531908284
28000.00000000000000000000 0.00482287350258860190
28200.00000000000000000000 0.00466741296035081809
28400.00000000000000000000 0.00451835136184510888
28600.00000000000000000000 0.00437535159431999988
28800.00000000000000000000 0.00423811247988293248
29000.00000000000000000000 0.00410635059468988581
29200.00000000000000000000 0.00397979905434197104
29400.00000000000000000000 0.00385820639405235876
29600.00000000000000000000 0.00374133553526912908
29800.00000000000000000000 0.00362896283124947237
30000.00000000000000000000 0.00352087718480483978
30200.00000000000000000000 0.00341691486293250069
30400.00000000000000000000 0.00331685225164228027
30600.00000000000000000000 0.00322050860403487980
30800.00000000000000000000 0.00312771557099471645
31000.00000000000000000000 0.00303831382016806406
31200.00000000000000000000 0.00295215247683192246
31400.00000000000000000000 0.00286908860422828687
31600.00000000000000000000 0.00278898672023623288
31800.00000000000000000000 0.00271171834752986091
32000.00000000000000000000 0.00263716159461797666
32200.00000000000000000000 0.00256521541743258983
32400.00000000000000000000 0.00249576499292709572
32600.00000000000000000000 0.00242869487320190175
32800.00000000000000000000 0.00236390593353285119
33000.00000000000000000000 0.00230130392255470818
33200.00000000000000000000 0.00224079918540240992
33400.00000000000000000000 0.00218230640472604192
33600.00000000000000000000 0.00212574435828555980
33800.00000000000000000000 0.00207103569193555891
34000.00000000000000000000 0.00201810670690481114
34200.00000000000000000000 0.00196688716036174868
34400.00000000000000000000 0.00191731861228516885
34600.00000000000000000000 0.00186933633145629566
34800.00000000000000000000 0.00182287083783465201
35000.00000000000000000000 0.00177786399441020888
35200.00000000000000000000 0.00173426028984695162
35400.00000000000000000000 0.00169200670169001536
35600.00000000000000000000 0.00165105256765924672
35800.00000000000000000000 0.00161134946449403567
36000.00000000000000000000 0.00157285109385323367
36200.00000000000000000000 0.00153551317481037566
36400.00000000000000000000 0.00149929334251731341
36600.00000000000000000000 0.00146415105264024147
36800.00000000000000000000 0.00143005499496945692
37000.00000000000000000000 0.00139696370432710053
37200.00000000000000000000 0.00136483785588776630
37400.00000000000000000000 0.00133364335816395273
37600.00000000000000000000 0.00130334753579139460
37800.00000000000000000000 0.00127391906177526837
38000.00000000000000000000 0.00124532789340982600
38200.00000000000000000000 0.00121754521164848823
38400.00000000000000000000 0.00119054336371674711
38600.00000000000000000000 0.00116429580877390167
38800.00000000000000000000 0.00113877706644247186
39000.00000000000000000000 0.00111396266803609305
39200.00000000000000000000 0.00108982925456723129
39400.00000000000000000000 0.00106636012488514316
39600.00000000000000000000 0.00104352728008580116
39800.00000000000000000000 0.00102130987060406104
40000.00000000000000000000 0.00099968784947346702
40200.00000000000000000000 0.00097864193678394592
40400.00000000000000000000 0.00095815358592109972
40600.00000000000000000000 0.00093820495148731688
40800.00000000000000000000 0.00091877885881102607
41000.00000000000000000000 0.00089985877495636743
41200.00000000000000000000 0.00088142878115067904
41400.00000000000000000000 0.00086347354655241901
41600.00000000000000000000 0.00084597830328670223
41800.00000000000000000000 0.00082892882268004414
42000.00000000000000000000 0.00081231306307919286
42200.00000000000000000000 0.00079611770208575146
42400.00000000000000000000 0.00078032829956033287
42600.00000000000000000000 0.00076493257291078594
42800.00000000000000000000 0.00074991867557180610
43000.00000000000000000000 0.00073527517921883267
43200.00000000000000000000 0.00072099105680225055
43400.00000000000000000000 0.00070705566635980062
43600.00000000000000000000 0.00069345873556722832
43800.00000000000000000000 0.00068019034698964004
44000.00000000000000000000 0.00066724092399811970
44200.00000000000000000000 0.00065460121731808246
44400.00000000000000000000 0.00064226229217772797
44600.00000000000000000000 0.00063021551602676033
44800.00000000000000000000 0.00061845270311438390
45000.00000000000000000000 0.00060696888646534085
45200.00000000000000000000 0.00059575289060722150
45400.00000000000000000000 0.00058479718413051082
45600.00000000000000000000 0.00057409448388037699
45800.00000000000000000000 0.00056363774556237992
46000.00000000000000000000 0.00055342015474977755
46200.00000000000000000000 0.00054343511827331919
46400.00000000000000000000 0.00053367625597540306
46600.00000000000000000000 0.00052413739281130869
46800.00000000000000000000 0.00051481255128132280
47000.00000000000000000000 0.00050569594417820851
47200.00000000000000000000 0.00049678196763542259
47400.00000000000000000000 0.00048806519446213193
47600.00000000000000000000 0.00047954036775188106
47800.00000000000000000000 0.00047120239475231698
48000.00000000000000000000 0.00046304696374171517
48200.00000000000000000000 0.00045506906976193928
48400.00000000000000000000 0.00044726364258234187
48600.00000000000000000000 0.00043962619077293774
48800.00000000000000000000 0.00043215235988469273
49000.00000000000000000000 0.00042483792765755669
49200.00000000000000000000 0.00041767879941776196
49400.00000000000000000000 0.00041067100365599368
49600.00000000000000000000 0.00040381068777860609
49800.00000000000000000000 0.00039709411402420833
50000.00000000000000000000 0.00039051765553857281
50200.00000000000000000000 0.00038407779260094763
50400.00000000000000000000 0.00037777110899527678
50600.00000000000000000000 0.00037159428852014554
50800.00000000000000000000 0.00036554411163154205
51000.00000000000000000000 0.00035961745221274783
51200.00000000000000000000 0.00035381134912533177
51400.00000000000000000000 0.00034812371072563106
51600.00000000000000000000 0.00034255070869076932
51800.00000000000000000000 0.00033708956168258271
52000.00000000000000000000 0.00033173756733470723
52200.00000000000000000000 0.00032649209968233092
52400.00000000000000000000 0.00032135060668631477
52600.00000000000000000000 0.00031631060784787152
52800.00000000000000000000 0.00031136969190999022
53000.00000000000000000000 0.00030652551464225420
53200.00000000000000000000 0.00030177579670555483
53400.00000000000000000000 0.00029711832159353866
53600.00000000000000000000 0.00029255093364772427
53800.00000000000000000000 0.00028807153614334753
54000.00000000000000000000 0.00028367808944308834
54200.00000000000000000000 0.00027936860921608312
54400.00000000000000000000 0.00027514116471957447
54600.00000000000000000000 0.00027099387714074033
54800.00000000000000000000 0.00026692529012161222
55000.00000000000000000000 0.00026293375936526395
55200.00000000000000000000 0.00025901701825671727
55400.00000000000000000000 0.00025517338100732506
55600.00000000000000000000 0.00025140120626875246
55800.00000000000000000000 0.00024769889579091603
56000.00000000000000000000 0.00024406489312560095
56200.00000000000000000000 0.00024049768237408253
56400.00000000000000000000 0.00023699578697703832
56600.00000000000000000000 0.00023355776854514494
56800.00000000000000000000 0.00023018222572890771
57000.00000000000000000000 0.00022686779312619770
57200.00000000000000000000 0.00022361314022611111
57400.00000000000000000000 0.00022041697038781435
57600.00000000000000000000 0.00021727801985307372
57800.00000000000000000000 0.00021419505679124226
58000.00000000000000000000 0.00021116688037552456
58200.00000000000000000000 0.00020819231988933686
58400.00000000000000000000 0.00020527023386173336
58600.00000000000000000000 0.00020239967552620008
58800.00000000000000000000 0.00019957953006471838
59000.00000000000000000000 0.00019680859332983080
59200.00000000000000000000 0.00019408583295913524
59400.00000000000000000000 0.00019141024190662525
59600.00000000000000000000 0.00018878083773185390
59800.00000000000000000000 0.00018619666191160118
60000.00000000000000000000 0.00018365677917320852
60200.00000000000000000000 0.00018116027684889524
60400.00000000000000000000 0.00017870626425025042
60600.00000000000000000000 0.00017629387206225937
60800.00000000000000000000 0.00017392225175611478
61000.00000000000000000000 0.00017159057502025318
61200.00000000000000000000 0.00016929803320890114
61400.00000000000000000000 0.00016704383680760037
61600.00000000000000000000 0.00016482721491507688
61800.00000000000000000000 0.00016264741474093843
62000.00000000000000000000 0.00016050370111862989
62200.00000000000000000000 0.00015839535603316004
62400.00000000000000000000 0.00015632167816308451
62600.00000000000000000000 0.00015428209568201564
62800.00000000000000000000 0.00015227602483389930
63000.00000000000000000000 0.00015030260482372994
63200.00000000000000000000 0.00014836119699527359
63400.00000000000000000000 0.00014645117728811878
63600.00000000000000000000 0.00014457193585590652
63800.00000000000000000000 0.00014272287669579251
64000.00000000000000000000 0.00014090341728882454
64200.00000000000000000000 0.00013911298825080887
64400.00000000000000000000 0.00013735103299337902
64600.00000000000000000000 0.00013561700739492095
64800.00000000000000000000 0.00013391037948101304
65000.00000000000000000000 0.00013223062911410459
65200.00000000000000000000 0.00013057724769213069
65400.00000000000000000000 0.00012894973785575276
65600.00000000000000000000 0.00012734761320398017
65800.00000000000000000000 0.00012577039801789358
66000.00000000000000000000 0.00012421762699221225
66200.00000000000000000000 0.00012268884497445456
66400.00000000000000000000 0.00012118360671145628
66600.00000000000000000000 0.00011970147660303609
66800.00000000000000000000 0.00011824202846253104
67000.00000000000000000000 0.00011680495520138738
67200.00000000000000000000 0.00011538976605425665
67400.00000000000000000000 0.00011399603114157951
67600.00000000000000000000 0.00011262335974426038
67800.00000000000000000000 0.00011127136945389163
68000.00000000000000000000 0.00010993968597051792
68200.00000000000000000000 0.00010862794290594255
68400.00000000000000000000 0.00010733578159240460
68600.00000000000000000000 0.00010606285089645790
68800.00000000000000000000 0.00010480880703792519
69000.00000000000000000000 0.00010357331341372350
69200.00000000000000000000 0.00010235604042646725
69400.00000000000000000000 0.00010115666531765914
69600.00000000000000000000 0.00009997487200537196
69800.00000000000000000000 0.00009881035092625722
70000.00000000000000000000 0.00009766279888176361
70200.00000000000000000000 0.00009653191888844922
70400.00000000000000000000 0.00009541742003224186
70600.00000000000000000000 0.00009431901732656950
70800.00000000000000000000 0.00009323643157420016
71000.00000000000000000000 0.00009216938923272780
71200.00000000000000000000 0.00009111762228356309
71400.00000000000000000000 0.00009008086810435540
71600.00000000000000000000 0.00008905893883554210
71800.00000000000000000000 0.00008805153749381060
72000.00000000000000000000 0.00008705839005464633
72200.00000000000000000000 0.00008607925431576651
72400.00000000000000000000 0.00008511389288003099
72600.00000000000000000000 0.00008416207304640901
72800.00000000000000000000 0.00008322356670372914
73000.00000000000000000000 0.00008229815022714812
73200.00000000000000000000 0.00008138560437722904
73400.00000000000000000000 0.00008048571420159209
73600.00000000000000000000 0.00007959826893904171
73800.00000000000000000000 0.00007872306192609798
74000.00000000000000000000 0.00007785989050590144
74200.00000000000000000000 0.00007700855593936661
74400.00000000000000000000 0.00007616886331857198
74600.00000000000000000000 0.00007534062148229781
74800.00000000000000000000 0.00007452364293367062
75000.00000000000000000000 0.00007371774375982619
75200.00000000000000000000 0.00007292274355357307
75400.00000000000000000000 0.00007213846533697889
75600.00000000000000000000 0.00007136473548682223
75800.00000000000000000000 0.00007060138366188503
76000.00000000000000000000 0.00006984824273200126
76200.00000000000000000000 0.00006910514870884343
76400.00000000000000000000 0.00006837194806633620
76600.00000000000000000000 0.00006764857084513885
76800.00000000000000000000 0.00006693476456372064
77000.00000000000000000000 0.00006623037718554738
77200.00000000000000000000 0.00006553525949321117
77400.00000000000000000000 0.00006484926502866519
77600.00000000000000000000 0.00006417225003487038
77800.00000000000000000000 0.00006350407339884830
78000.00000000000000000000 0.00006284459659606629
78200.00000000000000000000 0.00006219368363615714
78400.00000000000000000000 0.00006155120100990492
78600.00000000000000000000 0.00006091701763749253
78800.00000000000000000000 0.00006029100481795208
79000.00000000000000000000 0.00005967303617980849
79200.00000000000000000000 0.00005906298763286926
79400.00000000000000000000 0.00005846073732113958
79600.00000000000000000000 0.00005786616557683269
79800.00000000000000000000 0.00005727915487544335
80000.00000000000000000000 0.00005669958979185890
80200.00000000000000000000 0.00005612735695748480
80400.00000000000000000000 0.00005556234501835298
80600.00000000000000000000 0.00005500444459418929
80800.00000000000000000000 0.00005445354823842427
81000.00000000000000000000 0.00005390955039910452
81200.00000000000000000000 0.00005337234738070257
81400.00000000000000000000 0.00005284183730678833
81600.00000000000000000000 0.00005231792008354683
81800.00000000000000000000 0.00005180050924270658
82000.00000000000000000000 0.00005128950065396138
82200.00000000000000000000 0.00005078479465437979
82400.00000000000000000000 0.00005028629793796058
82600.00000000000000000000 0.00004979391881073284
82800.00000000000000000000 0.00004930756715891396
83000.00000000000000000000 0.00004882715441778449
83200.00000000000000000000 0.00004835259354123877
83400.00000000000000000000 0.00004788379897202524
83600.00000000000000000000 0.00004742068661263355
83800.00000000000000000000 0.00004696317379682095
84000.00000000000000000000 0.00004651117926177258
84200.00000000000000000000 0.00004606462312085659
84400.00000000000000000000 0.00004562342683699540
84600.00000000000000000000 0.00004518751319659264
84800.00000000000000000000 0.00004475680628404523
85000.00000000000000000000 0.00004433123145680061
85200.00000000000000000000 0.00004391071532095335
85400.00000000000000000000 0.00004349518570736670
85600.00000000000000000000 0.00004308457164831472
85800.00000000000000000000 0.00004267880335461632
86000.00000000000000000000 0.00004227781219326670
86200.00000000000000000000 0.00004188153066554222
86400.00000000000000000000 0.00004148989238557297
86600.00000000000000000000 0.00004110283205937035
86800.00000000000000000000 0.00004072028546430091
87000.00000000000000000000 0.00004034218942899123
87200.00000000000000000000 0.00003996848181366244
87400.00000000000000000000 0.00003959912872896558
87600.00000000000000000000 0.00003923406468626899
87800.00000000000000000000 0.00003887320773238156
88000.00000000000000000000 0.00003851649968117351
88200.00000000000000000000 0.00003816388328548899
88400.00000000000000000000 0.00003781530221982545
88600.00000000000000000000 0.00003747070106337805
88800.00000000000000000000 0.00003713002528342643
89000.00000000000000000000 0.00003679322121907280
89200.00000000000000000000 0.00003646023606530874
89400.00000000000000000000 0.00003613101785741385
89600.00000000000000000000 0.00003580551545567117
89800.00000000000000000000 0.00003548367853040115
90000.00000000000000000000 0.00003516545754729196
90200.00000000000000000000 0.00003485080375303531
90400.00000000000000000000 0.00003453966916125490
90600.00000000000000000000 0.00003423200653871549
90800.00000000000000000000 0.00003392776939181390
91000.00000000000000000000 0.00003362691195334138
91200.00000000000000000000 0.00003332938916951275
91400.00000000000000000000 0.00003303515668725940
91600.00000000000000000000 0.00003274417084176834
91800.00000000000000000000 0.00003245638864428299
92000.00000000000000000000 0.00003217176777013312
92200.00000000000000000000 0.00003189026654701847
92400.00000000000000000000 0.00003161184394350971
92600.00000000000000000000 0.00003133645955778890
92800.00000000000000000000 0.00003106407360660573
93000.00000000000000000000 0.00003079464691445789
93200.00000000000000000000 0.00003052814090297499
93400.00000000000000000000 0.00003026452040852351
93600.00000000000000000000 0.00003000374883562154
93800.00000000000000000000 0.00002974578557598215
94000.00000000000000000000 0.00002949059433959369
94200.00000000000000000000 0.00002923813938353349
94400.00000000000000000000 0.00002898838550254256
94600.00000000000000000000 0.00002874129801978302
94800.00000000000000000000 0.00002849684277777131
95000.00000000000000000000 0.00002825498612949468
95200.00000000000000000000 0.00002801569492968568
95400.00000000000000000000 0.00002777893652627808
95600.00000000000000000000 0.00002754467875201817
95800.00000000000000000000 0.00002731288991623470
96000.00000000000000000000 0.00002708353879677868
96200.00000000000000000000 0.00002685659463209935
96400.00000000000000000000 0.00002663202711348158
96600.00000000000000000000 0.00002640980637743158
96800.00000000000000000000 0.00002618990299819736
97000.00000000000000000000 0.00002597228798044143
97200.00000000000000000000 0.00002575693275204620
97400.00000000000000000000 0.00002554380915704977
97600.00000000000000000000 0.00002533288944872348
97800.00000000000000000000 0.00002512414628277558
98000.00000000000000000000 0.00002491755271068093
98200.00000000000000000000 0.00002471308217313001
98400.00000000000000000000 0.00002451070849361158
98600.00000000000000000000 0.00002431040587211054
98800.00000000000000000000 0.00002411214887890908
99000.00000000000000000000 0.00002391591244852379
99200.00000000000000000000 0.00002372167187373717
99400.00000000000000000000 0.00002352940279975203
99600.00000000000000000000 0.00002333908121844521
99800.00000000000000000000 0.00002315068688699296
100000.00000000000000000000 0.00002296420386579633
