5.000000e+00 4.667971e+09
5.195195e+00 4.552553e+09
5.390390e+00 4.433659e+09
5.585586e+00 4.310483e+09
5.780781e+00 4.180766e+09
5.975976e+00 4.038655e+09
6.171171e+00 3.880076e+09
6.366366e+00 3.690042e+09
6.561562e+00 3.441737e+09
6.756757e+00 3.064478e+09
6.951952e+00 2.412370e+09
7.147147e+00 1.626151e+09
7.342342e+00 1.112650e+09
7.537538e+00 8.055935e+08
7.732733e+00 6.080959e+08
7.927928e+00 4.723978e+08
8.123123e+00 3.749429e+08
8.318318e+00 3.026749e+08
8.513514e+00 2.475363e+08
8.708709e+00 2.046677e+08
8.903904e+00 1.705508e+08
9.099099e+00 1.432449e+08
9.294294e+00 1.211328e+08
9.489489e+00 1.027060e+08
9.684685e+00 8.751050e+07
9.879880e+00 7.444066e+07
1.007508e+01 6.219622e+07
1.027027e+01 6.143973e+07
1.046547e+01 5.650019e+07
1.066066e+01 5.104340e+07
1.085586e+01 4.594997e+07
1.105105e+01 4.142311e+07
1.124625e+01 3.745429e+07
1.144144e+01 3.364539e+07
1.163664e+01 3.344234e+07
1.183183e+01 3.207746e+07
1.202703e+01 3.075144e+07
1.222222e+01 3.160690e+07
1.241742e+01 3.194317e+07
1.261261e+01 3.276713e+07
1.280781e+01 3.432861e+07
1.300300e+01 3.694471e+07
1.319820e+01 4.086098e+07
1.339339e+01 4.661841e+07
1.358859e+01 5.502390e+07
1.378378e+01 6.741591e+07
1.397898e+01 8.627189e+07
1.417417e+01 1.168379e+08
1.436937e+01 1.707160e+08
1.456456e+01 2.777982e+08
1.475976e+01 5.753997e+08
1.495495e+01 2.016821e+09
1.515015e+01 1.904888e+09
1.534535e+01 1.762283e+09
1.554054e+01 1.598496e+09
1.573574e+01 1.369729e+09
1.593093e+01 9.570272e+08
1.612613e+01 4.758191e+08
1.632132e+01 2.636786e+08
1.651652e+01 1.693774e+08
1.671171e+01 1.189440e+08
1.690691e+01 8.853782e+07
1.710210e+01 6.864116e+07
1.729730e+01 5.489033e+07
1.749249e+01 4.495929e+07
1.768769e+01 3.754105e+07
1.788288e+01 3.186179e+07
1.807808e+01 2.733948e+07
1.827327e+01 2.363164e+07
1.846847e+01 2.060790e+07
1.866366e+01 1.820891e+07
1.885886e+01 1.631044e+07
1.905405e+01 1.459310e+07
1.924925e+01 1.297626e+07
1.944444e+01 1.162881e+07
1.963964e+01 1.069407e+07
1.983483e+01 9.872919e+06
2.003003e+01 8.885379e+06
2.022523e+01 7.995780e+06
2.042042e+01 7.540418e+06
2.061562e+01 7.137659e+06
2.081081e+01 6.403099e+06
2.100601e+01 5.814003e+06
2.120120e+01 5.720136e+06
2.139640e+01 5.422727e+06
2.159159e+01 4.755099e+06
2.178679e+01 4.523713e+06
2.198198e+01 4.645057e+06
2.217718e+01 4.151093e+06
2.237237e+01 3.682288e+06
2.256757e+01 3.888755e+06
2.276276e+01 3.776141e+06
2.295796e+01 3.107937e+06
2.315315e+01 3.291797e+06
2.334835e+01 3.505043e+06
2.354354e+01 2.860569e+06
2.373874e+01 2.852963e+06
2.393393e+01 3.427624e+06
2.412913e+01 2.877294e+06
2.432432e+01 2.714025e+06
2.451952e+01 3.662900e+06
2.471471e+01 3.085900e+06
2.490991e+01 2.743124e+06
2.510511e+01 3.904067e+06
2.530030e+01 3.491513e+06
2.549550e+01 2.871470e+06
2.569069e+01 4.615994e+06
2.588589e+01 4.424714e+06
2.608108e+01 3.342193e+06
2.627628e+01 6.565891e+06
2.647147e+01 7.016584e+06
2.666667e+01 5.533403e+06
2.686186e+01 1.132968e+07
2.705706e+01 1.551917e+07
2.725225e+01 1.221878e+07
2.744745e+01 2.077320e+07
2.764264e+01 5.182442e+07
2.783784e+01 1.094013e+08
2.803303e+01 1.723392e+08
2.822823e+01 8.885663e+08
2.842342e+01 8.273905e+08
2.861862e+01 6.361258e+08
2.881381e+01 1.262183e+08
2.900901e+01 5.516868e+07
2.920420e+01 3.304899e+07
2.939940e+01 1.628055e+07
2.959459e+01 9.708206e+06
2.978979e+01 1.107077e+07
2.998498e+01 7.404936e+06
3.018018e+01 3.619693e+06
3.037538e+01 5.782298e+06
3.057057e+01 3.992535e+06
3.076577e+01 2.526502e+06
3.096096e+01 4.017555e+06
3.115616e+01 2.252283e+06
3.135135e+01 1.866283e+06
3.154655e+01 2.575327e+06
3.174174e+01 1.126977e+06
3.193694e+01 1.604998e+06
3.213213e+01 1.763551e+06
3.232733e+01 8.666494e+05
3.252252e+01 1.606557e+06
3.271772e+01 1.129237e+06
3.291291e+01 7.526114e+05
3.310811e+01 1.292018e+06
3.330330e+01 5.812395e+05
3.349850e+01 8.375581e+05
3.369369e+01 1.001780e+06
3.388889e+01 4.661392e+05
3.408408e+01 9.673428e+05
3.427928e+01 6.028029e+05
3.447447e+01 4.684922e+05
3.466967e+01 8.294343e+05
3.486486e+01 3.258321e+05
3.506006e+01 6.900708e+05
3.525526e+01 6.320051e+05
3.545045e+01 3.296166e+05
3.564565e+01 7.379846e+05
3.584084e+01 2.817629e+05
3.603604e+01 4.580836e+05
3.623123e+01 6.033052e+05
3.642643e+01 2.417433e+05
3.662162e+01 7.141321e+05
3.681682e+01 3.613989e+05
3.701201e+01 3.792038e+05
3.720721e+01 6.233471e+05
3.740240e+01 1.590161e+05
3.759760e+01 6.754952e+05
3.779279e+01 4.308732e+05
3.798799e+01 3.811273e+05
3.818318e+01 7.727477e+05
3.837838e+01 1.515317e+05
3.857357e+01 7.355658e+05
3.876877e+01 5.380533e+05
3.896396e+01 4.350353e+05
3.915916e+01 1.174147e+06
3.935435e+01 3.093429e+05
3.954955e+01 1.119041e+06
3.974474e+01 8.895423e+05
3.993994e+01 5.366946e+05
4.013514e+01 2.176212e+06
4.033033e+01 7.623444e+05
4.052553e+01 2.771740e+06
4.072072e+01 3.271381e+06
4.091592e+01 1.460406e+06
4.111111e+01 9.792087e+06
4.130631e+01 9.866315e+06
4.150150e+01 6.368550e+06
4.169670e+01 3.464269e+08
4.189189e+01 3.611641e+08
4.208709e+01 5.848607e+07
4.228228e+01 2.311153e+07
4.247748e+01 7.716302e+06
4.267267e+01 1.968237e+06
4.286787e+01 4.076225e+06
4.306306e+01 1.020522e+06
4.325826e+01 1.239586e+06
4.345345e+01 1.517600e+06
4.364865e+01 3.804448e+05
4.384384e+01 1.143752e+06
4.403904e+01 3.505578e+05
4.423423e+01 4.531066e+05
4.442943e+01 5.634184e+05
4.462462e+01 1.494870e+05
4.481982e+01 5.857235e+05
4.501502e+01 1.777787e+05
4.521021e+01 2.825204e+05
4.540541e+01 2.827929e+05
4.560060e+01 7.167389e+04
4.579580e+01 3.243417e+05
4.599099e+01 9.586772e+04
4.618619e+01 2.168304e+05
4.638138e+01 1.641901e+05
4.657658e+01 7.587782e+04
4.677177e+01 2.089021e+05
4.696697e+01 5.318837e+04
4.716216e+01 1.862773e+05
4.735736e+01 1.004008e+05
4.755255e+01 8.468833e+04
4.774775e+01 1.465827e+05
4.794294e+01 2.987395e+04
4.813814e+01 1.593195e+05
4.833333e+01 6.190688e+04
4.852853e+01 9.431594e+04
4.872372e+01 1.066402e+05
4.891892e+01 2.576857e+04
4.911411e+01 1.314975e+05
4.930931e+01 3.799830e+04
4.950450e+01 1.080327e+05
4.969970e+01 7.588674e+04
4.989489e+01 4.640979e+04
5.009009e+01 1.124503e+05
5.028529e+01 2.450623e+04
5.048048e+01 1.295519e+05
5.067568e+01 5.189099e+04
5.087087e+01 7.360258e+04
5.106607e+01 9.696192e+04
5.126126e+01 2.211359e+04
5.145646e+01 1.383985e+05
5.165165e+01 3.730094e+04
5.184685e+01 1.175805e+05
5.204204e+01 8.014812e+04
5.223724e+01 5.609884e+04
5.243243e+01 1.548228e+05
5.262763e+01 3.778366e+04
5.282282e+01 2.059824e+05
5.301802e+01 6.503064e+04
5.321321e+01 1.537357e+05
5.340841e+01 1.962343e+05
5.360360e+01 8.833446e+04
5.379880e+01 4.323489e+05
5.399399e+01 9.510672e+04
5.418919e+01 5.338096e+05
5.438438e+01 3.699135e+05
5.457958e+01 5.263658e+05
5.477477e+01 1.890927e+06
5.496997e+01 8.352217e+05
5.516517e+01 1.021403e+07
5.536036e+01 1.554759e+08
5.555556e+01 3.291136e+07
5.575075e+01 1.829343e+06
5.594595e+01 2.187667e+06
5.614114e+01 1.010180e+06
5.633634e+01 2.075652e+05
5.653153e+01 5.666661e+05
5.672673e+01 8.046468e+04
5.692192e+01 3.069633e+05
5.711712e+01 1.180472e+05
5.731231e+01 9.847838e+04
5.750751e+01 1.321263e+05
5.770270e+01 2.190899e+04
5.789790e+01 1.246755e+05
5.809309e+01 2.703026e+04
5.828829e+01 6.930906e+04
5.848348e+01 4.103833e+04
5.867868e+01 2.440015e+04
5.887387e+01 5.695462e+04
5.906907e+01 1.267493e+04
5.926426e+01 5.145878e+04
5.945946e+01 1.049901e+04
5.965465e+01 2.926502e+04
5.984985e+01 2.589125e+04
6.004505e+01 1.372375e+04
6.024024e+01 3.704971e+04
6.043544e+01 5.645076e+03
6.063063e+01 2.782860e+04
6.082583e+01 1.003347e+04
6.102102e+01 1.831750e+04
6.121622e+01 2.051367e+04
6.141141e+01 7.866905e+03
6.160661e+01 2.307766e+04
6.180180e+01 2.659937e+03
6.199700e+01 2.064517e+04
6.219219e+01 1.002149e+04
6.238739e+01 1.247361e+04
6.258258e+01 1.643707e+04
6.277778e+01 3.542166e+03
6.297297e+01 1.908341e+04
6.316817e+01 4.625116e+03
6.336336e+01 1.741771e+04
6.355856e+01 9.016563e+03
6.375375e+01 9.007995e+03
6.394895e+01 1.505283e+04
6.414414e+01 3.951109e+03
6.433934e+01 2.083070e+04
6.453453e+01 4.515275e+03
6.472973e+01 1.543762e+04
6.492492e+01 9.342874e+03
6.512012e+01 8.615454e+03
6.531532e+01 1.858577e+04
6.551051e+01 4.940948e+03
6.570571e+01 2.219576e+04
6.590090e+01 2.851099e+03
6.609610e+01 1.982525e+04
6.629129e+01 1.461812e+04
6.648649e+01 1.385725e+04
6.668168e+01 2.931827e+04
6.687688e+01 4.256453e+03
6.707207e+01 3.888151e+04
6.726727e+01 1.068709e+04
6.746246e+01 4.806768e+04
6.765766e+01 3.749346e+04
6.785285e+01 3.593144e+04
6.804805e+01 9.880409e+04
6.824324e+01 2.301479e+04
6.843844e+01 2.987181e+05
6.863363e+01 1.505901e+05
6.882883e+01 1.115938e+06
6.902402e+01 3.193037e+07
6.921922e+01 3.672023e+06
6.941441e+01 6.837967e+05
6.960961e+01 7.551309e+04
6.980480e+01 1.220301e+05
7.000000e+01 9.705743e+03
7.019520e+01 4.453366e+04
7.039039e+01 1.698961e+04
7.058559e+01 1.840132e+04
7.078078e+01 1.679037e+04
7.097598e+01 5.575428e+03
7.117117e+01 1.365210e+04
7.136637e+01 3.094469e+03
7.156156e+01 1.116396e+04
7.175676e+01 3.203186e+03
7.195195e+01 5.919774e+03
7.214715e+01 4.443893e+03
7.234234e+01 2.918834e+03
7.253754e+01 5.721560e+03
7.273273e+01 1.534900e+03
7.292793e+01 4.749199e+03
7.312312e+01 1.215628e+03
7.331832e+01 3.590587e+03
7.351351e+01 2.390156e+03
7.370871e+01 2.040639e+03
7.390390e+01 3.008065e+03
7.409910e+01 7.112673e+02
7.429429e+01 3.107812e+03
7.448949e+01 1.011201e+03
7.468468e+01 2.589510e+03
7.487988e+01 1.377352e+03
7.507508e+01 1.472887e+03
7.527027e+01 2.066162e+03
7.546547e+01 8.768368e+02
7.566066e+01 2.603662e+03
7.585586e+01 6.612704e+02
7.605105e+01 1.991686e+03
7.624625e+01 1.045328e+03
7.644144e+01 1.429293e+03
7.663664e+01 1.779063e+03
7.683183e+01 8.013332e+02
7.702703e+01 1.997735e+03
7.722222e+01 4.426561e+02
7.741742e+01 2.001205e+03
7.761261e+01 9.653780e+02
7.780781e+01 1.439073e+03
7.800300e+01 1.489247e+03
7.819820e+01 6.813882e+02
7.839339e+01 2.031117e+03
7.858859e+01 6.259438e+02
7.878378e+01 2.218722e+03
7.897898e+01 7.204582e+02
7.917417e+01 1.657655e+03
7.936937e+01 1.584169e+03
7.956456e+01 1.144755e+03
7.975976e+01 2.758910e+03
7.995495e+01 6.402481e+02
8.015015e+01 2.951342e+03
8.034535e+01 9.170669e+02
8.054054e+01 3.274732e+03
8.073574e+01 2.456110e+03
8.093093e+01 2.383569e+03
8.112613e+01 4.662455e+03
8.132132e+01 1.163306e+03
8.151652e+01 8.993726e+03
8.171171e+01 2.856390e+03
8.190691e+01 1.449980e+04
8.210210e+01 9.372633e+03
8.229730e+01 2.776911e+04
8.249249e+01 1.040214e+05
8.268769e+01 3.828838e+05
8.288288e+01 7.751535e+05
8.307808e+01 1.060511e+04
8.327327e+01 3.500394e+04
8.346847e+01 4.993089e+03
8.366366e+01 9.225495e+03
8.385886e+01 3.874094e+03
8.405405e+01 2.323702e+03
8.424925e+01 3.048559e+03
8.444444e+01 6.874828e+02
8.463964e+01 2.622439e+03
8.483483e+01 3.789290e+02
8.503003e+01 1.425331e+03
8.522523e+01 4.816398e+02
8.542042e+01 7.980473e+02
8.561562e+01 7.646287e+02
8.581081e+01 3.432064e+02
8.600601e+01 7.635598e+02
8.620120e+01 8.398054e+01
8.639640e+01 6.876219e+02
8.659159e+01 2.112550e+02
8.678679e+01 4.656506e+02
8.698198e+01 2.983229e+02
8.717718e+01 2.214428e+02
8.737237e+01 4.133273e+02
8.756757e+01 1.342734e+02
8.776276e+01 4.480007e+02
8.795796e+01 8.796492e+01
8.815315e+01 3.285361e+02
8.834835e+01 1.840476e+02
8.854354e+01 2.238520e+02
8.873874e+01 2.954587e+02
8.893393e+01 1.090057e+02
8.912913e+01 3.069930e+02
8.932432e+01 7.617667e+01
8.951952e+01 3.139098e+02
8.971471e+01 1.366709e+02
8.990991e+01 2.012461e+02
9.010511e+01 2.006005e+02
9.030030e+01 9.651066e+01
9.049550e+01 2.755522e+02
9.069069e+01 8.441107e+01
9.088589e+01 2.687933e+02
9.108108e+01 8.011970e+01
9.127628e+01 2.049921e+02
9.147147e+01 1.775495e+02
9.166667e+01 1.374562e+02
9.186186e+01 2.602572e+02
9.205706e+01 6.131483e+01
9.225225e+01 2.713551e+02
9.244745e+01 9.024220e+01
9.264264e+01 2.634306e+02
9.283784e+01 1.651472e+02
9.303303e+01 1.642512e+02
9.322823e+01 2.590202e+02
9.342342e+01 9.366958e+01
9.361862e+01 3.870246e+02
9.381381e+01 9.628065e+01
9.400901e+01 3.659696e+02
9.420420e+01 1.659859e+02
9.439940e+01 3.225875e+02
9.459459e+01 4.156777e+02
9.478979e+01 2.374638e+02
9.498498e+01 7.160167e+02
9.518018e+01 5.691537e+01
9.537538e+01 1.187264e+03
9.557057e+01 4.995920e+02
9.576577e+01 2.014904e+03
9.596096e+01 2.198686e+03
9.615616e+01 4.536558e+03
9.635135e+01 5.744469e+04
9.654655e+01 6.744830e+04
9.674174e+01 1.413200e+04
9.693694e+01 4.639029e+02
9.713213e+01 1.797582e+03
9.732733e+01 3.144387e+02
9.752252e+01 5.635678e+02
9.771772e+01 2.911698e+02
9.791291e+01 1.539579e+02
9.810811e+01 2.226486e+02
9.830330e+01 4.114002e+01
9.849850e+01 1.945819e+02
9.869369e+01 2.739749e+01
9.888889e+01 1.161583e+02
9.908408e+01 3.105765e+01
9.927928e+01 7.036312e+01
9.947447e+01 5.720417e+01
9.966967e+01 3.373841e+01
9.986486e+01 6.354134e+01
1.000601e+02 6.160488e+00
1.002553e+02 6.228128e+01
1.004505e+02 1.609178e+01
1.006456e+02 4.858090e+01
1.008408e+02 2.186529e+01
1.010360e+02 2.749497e+01
1.012312e+02 3.590060e+01
1.014264e+02 1.644728e+01
1.016216e+02 4.477967e+01
1.018168e+02 8.958982e+00
1.020120e+02 3.687475e+01
1.022072e+02 1.536352e+01
1.024024e+02 2.937508e+01
1.025976e+02 2.603196e+01
1.027928e+02 1.635428e+01
1.029880e+02 3.119504e+01
1.031832e+02 9.335024e+00
1.033784e+02 3.558354e+01
1.035736e+02 1.273186e+01
1.037688e+02 2.698997e+01
1.039640e+02 1.803427e+01
1.041592e+02 1.708939e+01
1.043544e+02 2.770438e+01
1.045495e+02 1.213062e+01
1.047447e+02 3.103123e+01
1.049399e+02 7.075983e+00
1.051351e+02 2.764232e+01
1.053303e+02 1.631713e+01
1.055255e+02 2.136864e+01
1.057207e+02 2.518142e+01
1.059159e+02 1.163782e+01
1.061111e+02 3.004113e+01
1.063063e+02 1.015217e+01
1.065015e+02 3.411252e+01
1.066967e+02 1.396483e+01
1.068919e+02 2.507544e+01
1.070871e+02 2.343677e+01
1.072823e+02 1.690009e+01
1.074775e+02 3.844606e+01
1.076727e+02 1.211308e+01
1.078679e+02 4.275837e+01
1.080631e+02 1.191418e+01
1.082583e+02 4.557225e+01
1.084535e+02 3.296845e+01
1.086486e+02 3.766491e+01
1.088438e+02 6.401394e+01
1.090390e+02 1.778323e+01
1.092342e+02 1.270416e+02
1.094294e+02 4.056996e+01
1.096246e+02 2.853746e+02
1.098198e+02 1.423047e+02
1.100150e+02 1.631690e+03
1.102102e+02 1.006090e+05
1.104054e+02 6.467760e+02
1.106006e+02 3.024444e+02
1.107958e+02 2.482403e+01
1.109910e+02 6.998459e+01
1.111862e+02 6.671984e+00
1.113814e+02 3.252082e+01
1.115766e+02 4.176307e+00
1.117718e+02 1.344573e+01
1.119670e+02 4.976227e+00
1.121622e+02 7.207471e+00
1.123574e+02 6.613193e+00
1.125526e+02 2.982763e+00
1.127477e+02 6.483081e+00
1.129429e+02 1.072509e+00
1.131381e+02 6.932789e+00
1.133333e+02 1.490177e+00
1.135285e+02 5.031822e+00
1.137237e+02 2.156734e+00
1.139189e+02 3.350159e+00
1.141141e+02 3.851140e+00
1.143093e+02 2.097597e+00
1.145045e+02 4.514293e+00
1.146997e+02 9.277634e-01
1.148949e+02 4.360023e+00
1.150901e+02 1.926200e+00
1.152853e+02 3.585101e+00
1.154805e+02 2.721545e+00
1.156757e+02 2.240976e+00
1.158709e+02 3.551325e+00
1.160661e+02 1.727565e+00
1.162613e+02 4.134484e+00
1.164565e+02 1.623907e+00
1.166517e+02 3.314548e+00
1.168468e+02 2.248466e+00
1.170420e+02 2.616777e+00
1.172372e+02 3.186014e+00
1.174324e+02 1.859886e+00
1.176276e+02 3.395020e+00
1.178228e+02 1.491826e+00
1.180180e+02 3.427142e+00
1.182132e+02 2.069951e+00
1.184084e+02 2.693291e+00
1.186036e+02 2.609933e+00
1.187988e+02 1.814569e+00
1.189940e+02 3.222778e+00
1.191892e+02 1.686606e+00
1.193844e+02 3.338344e+00
1.195796e+02 1.598802e+00
1.197748e+02 2.772317e+00
1.199700e+02 2.411555e+00
1.201652e+02 2.211589e+00
1.203604e+02 3.281218e+00
1.205556e+02 1.564332e+00
1.207508e+02 3.368792e+00
1.209459e+02 1.646433e+00
1.211411e+02 3.465232e+00
1.213363e+02 2.373441e+00
1.215315e+02 2.583484e+00
1.217267e+02 3.294931e+00
1.219219e+02 1.764646e+00
1.221171e+02 4.695712e+00
1.223123e+02 1.872621e+00
1.225075e+02 5.124933e+00
1.227027e+02 2.516681e+00
1.228979e+02 5.299351e+00
1.230931e+02 6.765315e+00
1.232883e+02 5.781273e+00
1.234835e+02 2.120064e+01
1.236787e+02 4.928953e+00
1.238739e+02 2.115389e+03
1.240691e+02 1.400165e+01
1.242643e+02 1.161876e+01
1.244595e+02 8.000679e-01
1.246547e+02 1.658992e+00
1.248498e+02 3.204778e-01
1.250450e+02 9.278751e-01
1.252402e+02 1.439612e-01
1.254354e+02 6.286525e-01
1.256306e+02 4.381343e-01
1.258258e+02 4.552170e-01
1.260210e+02 6.763876e-01
1.262162e+02 2.765010e-01
1.264114e+02 7.264061e-01
1.266066e+02 3.248108e-01
1.268018e+02 7.410268e-01
1.269970e+02 4.385056e-01
1.271922e+02 5.674240e-01
1.273874e+02 5.714762e-01
1.275826e+02 4.603725e-01
1.277778e+02 6.948759e-01
1.279730e+02 4.301333e-01
1.281682e+02 6.583767e-01
1.283634e+02 4.461185e-01
1.285586e+02 6.011434e-01
1.287538e+02 5.450738e-01
1.289489e+02 5.135512e-01
1.291441e+02 5.962605e-01
1.293393e+02 4.322131e-01
1.295345e+02 6.074381e-01
1.297297e+02 4.609543e-01
1.299249e+02 5.720128e-01
1.301201e+02 4.842161e-01
1.303153e+02 4.957192e-01
1.305105e+02 5.290798e-01
1.307057e+02 4.526237e-01
1.309009e+02 5.584050e-01
1.310961e+02 4.281022e-01
1.312913e+02 5.160461e-01
1.314865e+02 4.432264e-01
1.316817e+02 4.775528e-01
1.318769e+02 4.756924e-01
1.320721e+02 4.272050e-01
1.322673e+02 4.803505e-01
1.324625e+02 3.947358e-01
1.326577e+02 4.764484e-01
1.328529e+02 4.042883e-01
1.330480e+02 4.371420e-01
1.332432e+02 4.134176e-01
1.334384e+02 3.921214e-01
1.336336e+02 4.288587e-01
1.338288e+02 3.713749e-01
1.340240e+02 4.253948e-01
1.342192e+02 3.533576e-01
1.344144e+02 3.967716e-01
1.346096e+02 3.684096e-01
1.348048e+02 3.672831e-01
1.350000e+02 3.838002e-01
1.351952e+02 3.343538e-01
1.353904e+02 3.771133e-01
1.355856e+02 3.226021e-01
1.357808e+02 3.704963e-01
1.359760e+02 3.274415e-01
1.361712e+02 3.360945e-01
1.363664e+02 3.369525e-01
1.365616e+02 3.061451e-01
1.367568e+02 3.555688e-01
1.369520e+02 2.953273e-01
1.371471e+02 3.607419e-01
1.373423e+02 3.003217e-01
1.375375e+02 4.950177e-01
1.377327e+02 1.717125e-01
1.379279e+02 2.396011e-01
1.381231e+02 2.454544e-01
1.383183e+02 2.479777e-01
1.385135e+02 2.539807e-01
1.387087e+02 2.433879e-01
1.389039e+02 2.499086e-01
1.390991e+02 2.409681e-01
1.392943e+02 2.365075e-01
1.394895e+02 2.400630e-01
1.396847e+02 2.245942e-01
1.398799e+02 2.398066e-01
1.400751e+02 2.163576e-01
1.402703e+02 2.271188e-01
1.404655e+02 2.129168e-01
1.406607e+02 2.143881e-01
1.408559e+02 2.145235e-01
1.410511e+02 2.005722e-01
1.412462e+02 2.109294e-01
1.414414e+02 1.885075e-01
1.416366e+02 2.046006e-01
1.418318e+02 1.875631e-01
1.420270e+02 1.921092e-01
1.422222e+02 1.864567e-01
1.424174e+02 1.766979e-01
1.426126e+02 1.862057e-01
1.428078e+02 1.680190e-01
1.430030e+02 1.827455e-01
1.431982e+02 1.610568e-01
1.433934e+02 1.704187e-01
1.435886e+02 1.619492e-01
1.437838e+02 1.585458e-01
1.439790e+02 1.646458e-01
1.441742e+02 1.461698e-01
1.443694e+02 1.595202e-01
1.445646e+02 1.393480e-01
1.447598e+02 1.543724e-01
1.449550e+02 1.398357e-01
1.451502e+02 1.399912e-01
1.453453e+02 1.402631e-01
1.455405e+02 1.256695e-01
1.457357e+02 1.415760e-01
1.459309e+02 1.203190e-01
1.461261e+02 1.351790e-01
1.463213e+02 1.155671e-01
1.465165e+02 1.232337e-01
1.467117e+02 1.201650e-01
1.469069e+02 1.112030e-01
1.471021e+02 1.232851e-01
1.472973e+02 9.797150e-02
1.474925e+02 1.182500e-01
1.476877e+02 9.607505e-02
1.478829e+02 1.107091e-01
1.480781e+02 9.868024e-02
1.482733e+02 9.308753e-02
1.484685e+02 1.019254e-01
1.486637e+02 7.838811e-02
1.488589e+02 1.075153e-01
1.490541e+02 7.115388e-02
1.492492e+02 9.399478e-02
1.494444e+02 6.950636e-02
1.496396e+02 7.597282e-02
1.498348e+02 8.065933e-02
1.500300e+02 5.249082e-02
1.502252e+02 8.489024e-02
1.504204e+02 1.946076e-02
1.506156e+02 8.319461e-02
1.508108e+02 2.063302e-02
1.510060e+02 9.975734e-02
1.512012e+02 1.157901e-01
1.513964e+02 2.927722e+01
1.515916e+02 2.743761e-01
1.517868e+02 4.087339e-01
1.519820e+02 9.984821e-02
1.521772e+02 2.034069e-01
1.523724e+02 1.228460e-01
1.525676e+02 1.279940e-01
1.527628e+02 1.251556e-01
1.529580e+02 8.658107e-02
1.531532e+02 1.217874e-01
1.533483e+02 8.025967e-02
1.535435e+02 1.113920e-01
1.537387e+02 7.763895e-02
1.539339e+02 9.068643e-02
1.541291e+02 8.466972e-02
1.543243e+02 7.691963e-02
1.545195e+02 9.056596e-02
1.547147e+02 6.685565e-02
1.549099e+02 8.388389e-02
1.551051e+02 6.469209e-02
1.553003e+02 7.825702e-02
1.554955e+02 6.841307e-02
1.556907e+02 6.664317e-02
1.558859e+02 7.007657e-02
1.560811e+02 5.749494e-02
1.562763e+02 7.105578e-02
1.564715e+02 5.621253e-02
1.566667e+02 6.595997e-02
1.568619e+02 5.539401e-02
1.570571e+02 5.843362e-02
1.572523e+02 5.882520e-02
1.574474e+02 5.250458e-02
1.576426e+02 6.018577e-02
1.578378e+02 4.695438e-02
1.580330e+02 5.697902e-02
1.582282e+02 4.761044e-02
1.584234e+02 5.281021e-02
1.586186e+02 4.945783e-02
1.588138e+02 4.581086e-02
1.590090e+02 5.037615e-02
1.592042e+02 4.136717e-02
1.593994e+02 5.149650e-02
1.595946e+02 4.008564e-02
1.597898e+02 4.614461e-02
1.599850e+02 4.061619e-02
1.601802e+02 4.077244e-02
1.603754e+02 4.353690e-02
1.605706e+02 3.613334e-02
1.607658e+02 4.352388e-02
1.609610e+02 3.175130e-02
1.611562e+02 4.146453e-02
1.613514e+02 3.380287e-02
1.615465e+02 3.667841e-02
1.617417e+02 3.566063e-02
1.619369e+02 2.968635e-02
1.621321e+02 3.743634e-02
1.623273e+02 2.651853e-02
1.625225e+02 3.795955e-02
1.627177e+02 2.445212e-02
1.629129e+02 3.187488e-02
1.631081e+02 2.712415e-02
1.633033e+02 2.542008e-02
1.634985e+02 3.257773e-02
1.636937e+02 1.708177e-02
1.638889e+02 3.251988e-02
1.640841e+02 1.084301e-02
1.642793e+02 3.520588e-02
1.644745e+02 1.188959e-02
1.646697e+02 3.781739e-02
1.648649e+02 2.405909e-02
1.650601e+02 6.792341e+00
1.652553e+02 1.074057e-01
1.654505e+02 1.593515e-01
1.656456e+02 4.451454e-02
1.658408e+02 6.554094e-02
1.660360e+02 4.749008e-02
1.662312e+02 3.734979e-02
1.664264e+02 4.451951e-02
1.666216e+02 2.648978e-02
1.668168e+02 4.217982e-02
1.670120e+02 2.690229e-02
1.672072e+02 3.514574e-02
1.674024e+02 2.722166e-02
1.675976e+02 2.853300e-02
1.677928e+02 2.976638e-02
1.679880e+02 2.469985e-02
1.681832e+02 3.006417e-02
1.683784e+02 2.167770e-02
1.685736e+02 2.767154e-02
1.687688e+02 2.264293e-02
1.689640e+02 2.502444e-02
1.691592e+02 2.370668e-02
1.693544e+02 2.149321e-02
1.695495e+02 2.393303e-02
1.697447e+02 1.968456e-02
1.699399e+02 2.414977e-02
1.701351e+02 1.923928e-02
1.703303e+02 2.152659e-02
1.705255e+02 1.953455e-02
1.707207e+02 1.932399e-02
1.709159e+02 2.046475e-02
1.711111e+02 1.762209e-02
1.713063e+02 2.010443e-02
1.715015e+02 1.628529e-02
1.716967e+02 1.916590e-02
1.718919e+02 1.686346e-02
1.720871e+02 1.744860e-02
1.722823e+02 1.723156e-02
1.724775e+02 1.540814e-02
1.726727e+02 1.743330e-02
1.728679e+02 1.464698e-02
1.730631e+02 1.712416e-02
1.732583e+02 1.415981e-02
1.734535e+02 1.550364e-02
1.736486e+02 1.468162e-02
1.738438e+02 1.406400e-02
1.740390e+02 1.542785e-02
1.742342e+02 1.267268e-02
1.744294e+02 1.488965e-02
1.746246e+02 1.207773e-02
1.748198e+02 1.437152e-02
1.750150e+02 1.252618e-02
1.752102e+02 1.256259e-02
1.754054e+02 1.292166e-02
1.756006e+02 1.073207e-02
1.757958e+02 1.345814e-02
1.759910e+02 1.023575e-02
1.761862e+02 1.283317e-02
1.763814e+02 9.766663e-03
1.765766e+02 1.128326e-02
1.767718e+02 1.089865e-02
1.769670e+02 9.542101e-03
1.771622e+02 1.199822e-02
1.773574e+02 7.147508e-03
1.775526e+02 1.194772e-02
1.777477e+02 6.727103e-03
1.779429e+02 1.179481e-02
1.781381e+02 7.012950e-03
1.783333e+02 9.464528e-03
1.785285e+02 1.154399e-02
1.787237e+02 9.535764e-02
1.789189e+02 4.908755e-02
1.791141e+02 4.094902e-02
1.793093e+02 1.441615e-02
1.795045e+02 1.623267e-02
1.796997e+02 1.396083e-02
1.798949e+02 1.012835e-02
1.800901e+02 1.297209e-02
1.802853e+02 8.707415e-03
1.804805e+02 1.247307e-02
1.806757e+02 8.576982e-03
1.808709e+02 1.026779e-02
1.810661e+02 8.938444e-03
1.812613e+02 8.876540e-03
1.814565e+02 9.485583e-03
1.816517e+02 7.927977e-03
1.818468e+02 9.201319e-03
1.820420e+02 7.345665e-03
1.822372e+02 8.725406e-03
1.824324e+02 7.612907e-03
1.826276e+02 7.891611e-03
1.828228e+02 7.726119e-03
1.830180e+02 7.042641e-03
1.832132e+02 7.781204e-03
1.834084e+02 6.739698e-03
1.836036e+02 7.579474e-03
1.837988e+02 6.505606e-03
1.839940e+02 6.986059e-03
1.841892e+02 6.652034e-03
1.843844e+02 6.476477e-03
1.845796e+02 6.802865e-03
1.847748e+02 5.992330e-03
1.849700e+02 6.569564e-03
1.851652e+02 5.788024e-03
1.853604e+02 6.360541e-03
1.855556e+02 5.818591e-03
1.857508e+02 5.825671e-03
1.859459e+02 5.832501e-03
1.861411e+02 5.361254e-03
1.863363e+02 5.866638e-03
1.865315e+02 5.174324e-03
1.867267e+02 5.625849e-03
1.869219e+02 5.023338e-03
1.871171e+02 5.267107e-03
1.873123e+02 5.133691e-03
1.875075e+02 4.902420e-03
1.877027e+02 5.174650e-03
1.878979e+02 4.517258e-03
1.880931e+02 5.040590e-03
1.882883e+02 4.455639e-03
1.884835e+02 4.826314e-03
1.886787e+02 4.463523e-03
1.888739e+02 4.393497e-03
1.890691e+02 4.529646e-03
1.892643e+02 4.059484e-03
1.894595e+02 4.648263e-03
1.896547e+02 3.851650e-03
1.898498e+02 4.355470e-03
1.900450e+02 3.808214e-03
1.902402e+02 4.051383e-03
1.904354e+02 4.016361e-03
1.906306e+02 3.597182e-03
1.908258e+02 4.114609e-03
1.910210e+02 3.078923e-03
1.912162e+02 4.185182e-03
1.914114e+02 3.105518e-03
1.916066e+02 3.899959e-03
1.918018e+02 3.170413e-03
1.919970e+02 3.144330e-03
1.921922e+02 4.325721e-03
1.923874e+02 3.821184e-03
1.925826e+02 2.832666e-01
1.927778e+02 9.711101e-03
1.929730e+02 3.837234e-03
1.931682e+02 4.137197e-03
1.933634e+02 3.734820e-03
1.935586e+02 3.048308e-03
1.937538e+02 3.745148e-03
1.939489e+02 2.893594e-03
1.941441e+02 3.535776e-03
1.943393e+02 2.772222e-03
1.945345e+02 3.164914e-03
1.947297e+02 2.921503e-03
1.949249e+02 2.891969e-03
1.951201e+02 2.999501e-03
1.953153e+02 2.649678e-03
1.955105e+02 2.905145e-03
1.957057e+02 2.566181e-03
1.959009e+02 2.814880e-03
1.960961e+02 2.559455e-03
1.962913e+02 2.595302e-03
1.964865e+02 2.558280e-03
1.966817e+02 2.424502e-03
1.968769e+02 2.561481e-03
1.970721e+02 2.329495e-03
1.972673e+02 2.465563e-03
1.974625e+02 2.260257e-03
1.976577e+02 2.346195e-03
1.978529e+02 2.268665e-03
1.980480e+02 2.216626e-03
1.982432e+02 2.251158e-03
1.984384e+02 2.087108e-03
1.986336e+02 2.200236e-03
1.988288e+02 2.042889e-03
1.990240e+02 2.122745e-03
1.992192e+02 2.006329e-03
1.994144e+02 2.001229e-03
1.996096e+02 1.995300e-03
1.998048e+02 1.905561e-03
2.000000e+02 1.986899e-03
