1.000000e+01 1.456415e+10
3.000000e+01 2.257153e+08
4.000000e+01 4.329187e+07
5.000000e+01 4.282540e+06
7.000000e+01 1.075540e+05
8.000000e+01 2.767969e+04
9.000000e+01 3.779521e+03
1.100000e+02 1.721050e+02
1.200000e+02 5.168054e+01
1.300000e+02 8.948365e+00
1.500000e+02 5.069403e-01
1.600000e+02 1.898735e-01
1.700000e+02 3.252189e-02
1.900000e+02 2.244430e-03
2.000000e+02 7.695758e-04
2.100000e+02 1.315312e-04
2.300000e+02 9.602478e-06
2.400000e+02 3.590094e-06
2.500000e+02 7.035883e-07
2.700000e+02 2.126145e-07
2.800000e+02 1.597355e-07
2.900000e+02 1.454989e-07
3.100000e+02 1.268056e-07
3.200000e+02 7.769118e-08
3.300000e+02 7.588147e-08
3.500000e+02 6.152759e-08
3.600000e+02 5.593371e-08
3.700000e+02 6.038695e-08
3.900000e+02 3.427214e-08
4.000000e+02 3.620365e-08
