1.000000e+02 1.944400e+15
3.500750e+02 2.734000e+15
6.001500e+02 3.077000e+15
8.502250e+02 3.271000e+15
1.100300e+03 3.386000e+15
1.350380e+03 3.454000e+15
1.600450e+03 3.489000e+15
1.850530e+03 3.502000e+15
2.100600e+03 3.498000e+15
2.350680e+03 3.482000e+15
2.600750e+03 3.457000e+15
2.850830e+03 3.426000e+15
3.100900e+03 3.388000e+15
3.350980e+03 3.347000e+15
3.601050e+03 3.303000e+15
3.851130e+03 3.257000e+15
4.101200e+03 3.209000e+15
4.351280e+03 3.161000e+15
4.601350e+03 3.113000e+15
4.851430e+03 3.063000e+15
5.101500e+03 3.015000e+15
5.351580e+03 2.965000e+15
5.601650e+03 2.918000e+15
5.851730e+03 2.869900e+15
6.101800e+03 2.822600e+15
6.351880e+03 2.777000e+15
6.601950e+03 2.731100e+15
6.852030e+03 2.686900e+15
7.102100e+03 2.644200e+15
7.352180e+03 2.601200e+15
7.602250e+03 2.559700e+15
7.852330e+03 2.519800e+15
8.102400e+03 2.480300e+15
8.352480e+03 2.441200e+15
8.602550e+03 2.403600e+15
8.852630e+03 2.367300e+15
9.102700e+03 2.331200e+15
9.352780e+03 2.296500e+15
9.602850e+03 2.262900e+15
9.852930e+03 2.229500e+15
1.010300e+04 2.198200e+15
1.035310e+04 2.165900e+15
1.060320e+04 2.135700e+15
1.085320e+04 2.106400e+15
1.110330e+04 2.077100e+15
1.135340e+04 2.048700e+15
1.160350e+04 2.021200e+15
1.185350e+04 1.994400e+15
1.210360e+04 1.968500e+15
1.235370e+04 1.942300e+15
1.260380e+04 1.917800e+15
1.285380e+04 1.892900e+15
1.310390e+04 1.868800e+15
1.335400e+04 1.846200e+15
1.360410e+04 1.823300e+15
1.385410e+04 1.800900e+15
1.410420e+04 1.779000e+15
1.435430e+04 1.757600e+15
1.460440e+04 1.736700e+15
1.485440e+04 1.716300e+15
1.510450e+04 1.695300e+15
1.535460e+04 1.675800e+15
1.560470e+04 1.656600e+15
1.585470e+04 1.637800e+15
1.610480e+04 1.619300e+15
1.635490e+04 1.601200e+15
1.660500e+04 1.582400e+15
1.685500e+04 1.564960e+15
1.710510e+04 1.547770e+15
1.735520e+04 1.530860e+15
1.760530e+04 1.514200e+15
1.785530e+04 1.497790e+15
1.810540e+04 1.481620e+15
1.835550e+04 1.465670e+15
1.860560e+04 1.449920e+15
1.885560e+04 1.434380e+15
1.910570e+04 1.419030e+15
1.935580e+04 1.403860e+15
1.960590e+04 1.388860e+15
1.985590e+04 1.374020e+15
2.010600e+04 1.360330e+15
2.035610e+04 1.345790e+15
2.060620e+04 1.331390e+15
2.085620e+04 1.318110e+15
2.110630e+04 1.303960e+15
2.135640e+04 1.290930e+15
2.160650e+04 1.277000e+15
2.185650e+04 1.264180e+15
2.210660e+04 1.251460e+15
2.235670e+04 1.237830e+15
2.260680e+04 1.225300e+15
2.285680e+04 1.212840e+15
2.310690e+04 1.200470e+15
2.335700e+04 1.188170e+15
2.360710e+04 1.175940e+15
2.385710e+04 1.163780e+15
2.410720e+04 1.151680e+15
2.435730e+04 1.140640e+15
2.460740e+04 1.128660e+15
2.485740e+04 1.117730e+15
2.510750e+04 1.105860e+15
2.535760e+04 1.095030e+15
2.560770e+04 1.083250e+15
2.585770e+04 1.072510e+15
2.610780e+04 1.061810e+15
2.635790e+04 1.051150e+15
2.660800e+04 1.039530e+15
2.685800e+04 1.028942e+15
2.710810e+04 1.018386e+15
2.735820e+04 1.008461e+15
2.760830e+04 9.981650e+14
2.785830e+04 9.879960e+14
2.810840e+04 9.779540e+14
2.835850e+04 9.679360e+14
2.860860e+04 9.580420e+14
2.885860e+04 9.482690e+14
2.910870e+04 9.386170e+14
2.935880e+04 9.289850e+14
2.960890e+04 9.194710e+14
2.985890e+04 9.100750e+14
3.010900e+04 9.006950e+14
3.035910e+04 8.914310e+14
3.060920e+04 8.822820e+14
3.085920e+04 8.732460e+14
3.110930e+04 8.642240e+14
3.135940e+04 8.553140e+14
3.160950e+04 8.465160e+14
3.185950e+04 8.378290e+14
3.210960e+04 8.291520e+14
3.235970e+04 8.205860e+14
3.260980e+04 8.121280e+14
3.285980e+04 8.036800e+14
3.310990e+04 7.953400e+14
3.336000e+04 7.871080e+14
3.361010e+04 7.789830e+14
3.386010e+04 7.708650e+14
3.411020e+04 7.628540e+14
3.436030e+04 7.549490e+14
3.461040e+04 7.470500e+14
3.486040e+04 7.392560e+14
3.511050e+04 7.315680e+14
3.536060e+04 7.238850e+14
3.561070e+04 7.163060e+14
3.586070e+04 7.088320e+14
3.611080e+04 7.014620e+14
3.636090e+04 6.940960e+14
3.661100e+04 6.867340e+14
3.686100e+04 6.795754e+14
3.711110e+04 6.724200e+14
3.736120e+04 6.653677e+14
3.761130e+04 6.583184e+14
3.786130e+04 6.513719e+14
3.811140e+04 6.445280e+14
3.836150e+04 6.376866e+14
3.861160e+04 6.309475e+14
3.886160e+04 6.243106e+14
3.911170e+04 6.176759e+14
3.936180e+04 6.111431e+14
3.961190e+04 6.046121e+14
3.986190e+04 5.981830e+14
4.011200e+04 5.918554e+14
4.036210e+04 5.855295e+14
4.061220e+04 5.793050e+14
4.086220e+04 5.731819e+14
4.111230e+04 5.670601e+14
4.136240e+04 5.609395e+14
4.161250e+04 5.549202e+14
4.186250e+04 5.490019e+14
4.211260e+04 5.431846e+14
4.236270e+04 5.373684e+14
4.261280e+04 5.315530e+14
4.286280e+04 5.258386e+14
4.311290e+04 5.202250e+14
4.336300e+04 5.146121e+14
4.361310e+04 5.091000e+14
4.386310e+04 5.035885e+14
4.411320e+04 4.981777e+14
4.436330e+04 4.927676e+14
4.461340e+04 4.874580e+14
4.486340e+04 4.822489e+14
4.511350e+04 4.770404e+14
4.536360e+04 4.718324e+14
4.561370e+04 4.667248e+14
4.586370e+04 4.616176e+14
4.611380e+04 4.566109e+14
4.636390e+04 4.517045e+14
4.661400e+04 4.467985e+14
4.686400e+04 4.418929e+14
4.711410e+04 4.370876e+14
4.736420e+04 4.323825e+14
4.761430e+04 4.276778e+14
4.786430e+04 4.229733e+14
4.811440e+04 4.183691e+14
4.836450e+04 4.137652e+14
4.861460e+04 4.092614e+14
4.886460e+04 4.048579e+14
4.911470e+04 4.003546e+14
4.936480e+04 3.960514e+14
4.961490e+04 3.916485e+14
4.986490e+04 3.873457e+14
5.011500e+04 3.831431e+14
5.036510e+04 3.789406e+14
5.061520e+04 3.747383e+14
5.086520e+04 3.706361e+14
5.111530e+04 3.665340e+14
5.136540e+04 3.625320e+14
5.161550e+04 3.585302e+14
5.186550e+04 3.546284e+14
5.211560e+04 3.506268e+14
5.236570e+04 3.468253e+14
5.261580e+04 3.429238e+14
5.286580e+04 3.392224e+14
5.311590e+04 3.354212e+14
5.336600e+04 3.317199e+14
5.361610e+04 3.280188e+14
5.386610e+04 3.244177e+14
5.411620e+04 3.208167e+14
5.436630e+04 3.173157e+14
5.461640e+04 3.137148e+14
5.486640e+04 3.103140e+14
5.511650e+04 3.068132e+14
5.536660e+04 3.034124e+14
5.561670e+04 3.000117e+14
5.586670e+04 2.967110e+14
5.611680e+04 2.934104e+14
5.636690e+04 2.901098e+14
5.661700e+04 2.869092e+14
5.686700e+04 2.837087e+14
5.711710e+04 2.805082e+14
5.736720e+04 2.774077e+14
5.761730e+04 2.743073e+14
5.786730e+04 2.712068e+14
5.811740e+04 2.682064e+14
5.836750e+04 2.652061e+14
5.861760e+04 2.622057e+14
5.886760e+04 2.593054e+14
5.911770e+04 2.564051e+14
5.936780e+04 2.535048e+14
5.961790e+04 2.507045e+14
5.986790e+04 2.479043e+14
6.011800e+04 2.451040e+14
6.036810e+04 2.423038e+14
6.061820e+04 2.396036e+14
6.086820e+04 2.369034e+14
6.111830e+04 2.343032e+14
6.136840e+04 2.316030e+14
6.161850e+04 2.290028e+14
6.186850e+04 2.264026e+14
6.211860e+04 2.239025e+14
6.236870e+04 2.214023e+14
6.261880e+04 2.189022e+14
6.286880e+04 2.164021e+14
6.311890e+04 2.140020e+14
6.336900e+04 2.116018e+14
6.361910e+04 2.092017e+14
6.386910e+04 2.068016e+14
6.411920e+04 2.045015e+14
6.436930e+04 2.022015e+14
6.461940e+04 1.999014e+14
6.486940e+04 1.976013e+14
6.511950e+04 1.954012e+14
6.536960e+04 1.932011e+14
6.561970e+04 1.910011e+14
6.586970e+04 1.888010e+14
6.611980e+04 1.867010e+14
6.636990e+04 1.845009e+14
6.662000e+04 1.825008e+14
6.687000e+04 1.804008e+14
6.712010e+04 1.783008e+14
6.737020e+04 1.763007e+14
6.762030e+04 1.743007e+14
6.787030e+04 1.723006e+14
6.812040e+04 1.704006e+14
6.837050e+04 1.684006e+14
6.862060e+04 1.665005e+14
6.887060e+04 1.646005e+14
6.912070e+04 1.627005e+14
6.937080e+04 1.609004e+14
6.962090e+04 1.590004e+14
6.987090e+04 1.572004e+14
7.012100e+04 1.554004e+14
7.037110e+04 1.537003e+14
7.062120e+04 1.519003e+14
7.087120e+04 1.502003e+14
7.112130e+04 1.485003e+14
7.137140e+04 1.468003e+14
7.162150e+04 1.451003e+14
7.187150e+04 1.434002e+14
7.212160e+04 1.418002e+14
7.237170e+04 1.402002e+14
7.262180e+04 1.386002e+14
7.287180e+04 1.370002e+14
7.312190e+04 1.354002e+14
7.337200e+04 1.338002e+14
7.362210e+04 1.323002e+14
7.387210e+04 1.308002e+14
7.412220e+04 1.293001e+14
7.437230e+04 1.278001e+14
7.462240e+04 1.263001e+14
7.487240e+04 1.249001e+14
7.512250e+04 1.235001e+14
7.537260e+04 1.220001e+14
7.562270e+04 1.206001e+14
7.587270e+04 1.193001e+14
7.612280e+04 1.179001e+14
7.637290e+04 1.165001e+14
7.662300e+04 1.152001e+14
7.687300e+04 1.139001e+14
7.712310e+04 1.125001e+14
7.737320e+04 1.112001e+14
7.762330e+04 1.100001e+14
7.787330e+04 1.087001e+14
7.812340e+04 1.074001e+14
7.837350e+04 1.062001e+14
7.862360e+04 1.050000e+14
7.887360e+04 1.038000e+14
7.912370e+04 1.026000e+14
7.937380e+04 1.014000e+14
7.962390e+04 1.002000e+14
7.987390e+04 9.906004e+13
8.012400e+04 9.792003e+13
8.037410e+04 9.679003e+13
8.062420e+04 9.567003e+13
8.087420e+04 9.456003e+13
8.112430e+04 9.347003e+13
8.137440e+04 9.239002e+13
8.162450e+04 9.132002e+13
8.187450e+04 9.026002e+13
8.212460e+04 8.921002e+13
8.237470e+04 8.818002e+13
8.262480e+04 8.716002e+13
8.287480e+04 8.615002e+13
8.312490e+04 8.515002e+13
8.337500e+04 8.416002e+13
8.362510e+04 8.319001e+13
8.387510e+04 8.222001e+13
8.412520e+04 8.127001e+13
8.437530e+04 8.032001e+13
8.462540e+04 7.939001e+13
8.487540e+04 7.847001e+13
8.512550e+04 7.756001e+13
8.537560e+04 7.666001e+13
8.562570e+04 7.577001e+13
8.587570e+04 7.489001e+13
8.612580e+04 7.402001e+13
8.637590e+04 7.315001e+13
8.662600e+04 7.230001e+13
8.687600e+04 7.146001e+13
8.712610e+04 7.063001e+13
8.737620e+04 6.981001e+13
8.762630e+04 6.900001e+13
8.787630e+04 6.819001e+13
8.812640e+04 6.740000e+13
8.837650e+04 6.661000e+13
8.862660e+04 6.584000e+13
8.887660e+04 6.507000e+13
8.912670e+04 6.431000e+13
8.937680e+04 6.356000e+13
8.962690e+04 6.282000e+13
8.987690e+04 6.209000e+13
9.012700e+04 6.136000e+13
9.037710e+04 6.064000e+13
9.062720e+04 5.994000e+13
9.087720e+04 5.924000e+13
9.112730e+04 5.854000e+13
9.137740e+04 5.786000e+13
9.162750e+04 5.718000e+13
9.187750e+04 5.652000e+13
9.212760e+04 5.586000e+13
9.237770e+04 5.520000e+13
9.262780e+04 5.456000e+13
9.287780e+04 5.392000e+13
9.312790e+04 5.329000e+13
9.337800e+04 5.266000e+13
9.362810e+04 5.205000e+13
9.387810e+04 5.144000e+13
9.412820e+04 5.084000e+13
9.437830e+04 5.024000e+13
9.462840e+04 4.965000e+13
9.487840e+04 4.907000e+13
9.512850e+04 4.849000e+13
9.537860e+04 4.793000e+13
9.562870e+04 4.736000e+13
9.587870e+04 4.681000e+13
9.612880e+04 4.626000e+13
9.637890e+04 4.572000e+13
9.662900e+04 4.518000e+13
9.687900e+04 4.465000e+13
9.712910e+04 4.413000e+13
9.737920e+04 4.361000e+13
9.762930e+04 4.310000e+13
9.787930e+04 4.259000e+13
9.812940e+04 4.209000e+13
9.837950e+04 4.159000e+13
9.862960e+04 4.111000e+13
9.887960e+04 4.062000e+13
9.912970e+04 4.014000e+13
9.937980e+04 3.967000e+13
9.962990e+04 3.921000e+13
9.987990e+04 3.875000e+13
1.001300e+05 3.829000e+13
1.003800e+05 3.784000e+13
1.006300e+05 3.739000e+13
1.008800e+05 3.695000e+13
1.011300e+05 3.652000e+13
1.013800e+05 3.609000e+13
1.016300e+05 3.566000e+13
1.018810e+05 3.524000e+13
1.021310e+05 3.483000e+13
1.023810e+05 3.442000e+13
1.026310e+05 3.401000e+13
1.028810e+05 3.361000e+13
1.031310e+05 3.321000e+13
1.033810e+05 3.282000e+13
1.036310e+05 3.244000e+13
1.038810e+05 3.205000e+13
1.041310e+05 3.167000e+13
1.043810e+05 3.130000e+13
1.046310e+05 3.093000e+13
1.048810e+05 3.057000e+13
1.051320e+05 3.021000e+13
1.053820e+05 2.985000e+13
1.056320e+05 2.950000e+13
1.058820e+05 2.915000e+13
1.061320e+05 2.880000e+13
1.063820e+05 2.846000e+13
1.066320e+05 2.813000e+13
1.068820e+05 2.779000e+13
1.071320e+05 2.747000e+13
1.073820e+05 2.714000e+13
1.076320e+05 2.682000e+13
1.078820e+05 2.650000e+13
1.081320e+05 2.619000e+13
1.083820e+05 2.588000e+13
1.086330e+05 2.557000e+13
1.088830e+05 2.527000e+13
1.091330e+05 2.497000e+13
1.093830e+05 2.468000e+13
1.096330e+05 2.438000e+13
1.098830e+05 2.409000e+13
1.101330e+05 2.381000e+13
1.103830e+05 2.353000e+13
1.106330e+05 2.325000e+13
1.108830e+05 2.297000e+13
1.111330e+05 2.270000e+13
1.113830e+05 2.243000e+13
1.116330e+05 2.217000e+13
1.118840e+05 2.190000e+13
1.121340e+05 2.164000e+13
1.123840e+05 2.139000e+13
1.126340e+05 2.113000e+13
1.128840e+05 2.088000e+13
1.131340e+05 2.063000e+13
1.133840e+05 2.039000e+13
1.136340e+05 2.015000e+13
1.138840e+05 1.991000e+13
1.141340e+05 1.967000e+13
1.143840e+05 1.944000e+13
1.146340e+05 1.921000e+13
1.148840e+05 1.898000e+13
1.151350e+05 1.875000e+13
1.153850e+05 1.853000e+13
1.156350e+05 1.831000e+13
1.158850e+05 1.809000e+13
1.161350e+05 1.788000e+13
1.163850e+05 1.766000e+13
1.166350e+05 1.745000e+13
1.168850e+05 1.725000e+13
1.171350e+05 1.704000e+13
1.173850e+05 1.684000e+13
1.176350e+05 1.664000e+13
1.178850e+05 1.644000e+13
1.181350e+05 1.625000e+13
1.183850e+05 1.605000e+13
1.186360e+05 1.586000e+13
1.188860e+05 1.567000e+13
1.191360e+05 1.549000e+13
1.193860e+05 1.530000e+13
1.196360e+05 1.512000e+13
1.198860e+05 1.494000e+13
1.201360e+05 1.476000e+13
1.203860e+05 1.458000e+13
1.206360e+05 1.441000e+13
1.208860e+05 1.424000e+13
1.211360e+05 1.407000e+13
1.213860e+05 1.390000e+13
1.216360e+05 1.374000e+13
1.218870e+05 1.357000e+13
1.221370e+05 1.341000e+13
1.223870e+05 1.325000e+13
1.226370e+05 1.309000e+13
1.228870e+05 1.294000e+13
1.231370e+05 1.278000e+13
1.233870e+05 1.263000e+13
1.236370e+05 1.248000e+13
1.238870e+05 1.233000e+13
1.241370e+05 1.218000e+13
1.243870e+05 1.204000e+13
1.246370e+05 1.189000e+13
1.248870e+05 1.175000e+13
1.251380e+05 1.161000e+13
1.253880e+05 1.147000e+13
1.256380e+05 1.134000e+13
1.258880e+05 1.120000e+13
1.261380e+05 1.107000e+13
1.263880e+05 1.093000e+13
1.266380e+05 1.080000e+13
1.268880e+05 1.067000e+13
1.271380e+05 1.055000e+13
1.273880e+05 1.042000e+13
1.276380e+05 1.030000e+13
1.278880e+05 1.017000e+13
1.281380e+05 1.005000e+13
1.283880e+05 9.931000e+12
1.286390e+05 9.812000e+12
1.288890e+05 9.695000e+12
1.291390e+05 9.579000e+12
1.293890e+05 9.464000e+12
1.296390e+05 9.351000e+12
1.298890e+05 9.239000e+12
1.301390e+05 9.128000e+12
1.303890e+05 9.019000e+12
1.306390e+05 8.911000e+12
1.308890e+05 8.804000e+12
1.311390e+05 8.699000e+12
1.313890e+05 8.595000e+12
1.316390e+05 8.492000e+12
1.318900e+05 8.390000e+12
1.321400e+05 8.289000e+12
1.323900e+05 8.190000e+12
1.326400e+05 8.092000e+12
1.328900e+05 7.995000e+12
1.331400e+05 7.899000e+12
1.333900e+05 7.804000e+12
1.336400e+05 7.711000e+12
1.338900e+05 7.618000e+12
1.341400e+05 7.527000e+12
1.343900e+05 7.437000e+12
1.346400e+05 7.348000e+12
1.348900e+05 7.259000e+12
1.351410e+05 7.172000e+12
1.353910e+05 7.086000e+12
1.356410e+05 7.001000e+12
1.358910e+05 6.917000e+12
1.361410e+05 6.834000e+12
1.363910e+05 6.752000e+12
1.366410e+05 6.671000e+12
1.368910e+05 6.591000e+12
1.371410e+05 6.512000e+12
1.373910e+05 6.434000e+12
1.376410e+05 6.356000e+12
1.378910e+05 6.280000e+12
1.381410e+05 6.205000e+12
1.383910e+05 6.130000e+12
1.386420e+05 6.056000e+12
1.388920e+05 5.984000e+12
1.391420e+05 5.912000e+12
1.393920e+05 5.841000e+12
1.396420e+05 5.771000e+12
1.398920e+05 5.701000e+12
1.401420e+05 5.633000e+12
1.403920e+05 5.565000e+12
1.406420e+05 5.498000e+12
1.408920e+05 5.432000e+12
1.411420e+05 5.367000e+12
1.413920e+05 5.302000e+12
1.416420e+05 5.238000e+12
1.418930e+05 5.175000e+12
1.421430e+05 5.113000e+12
1.423930e+05 5.051000e+12
1.426430e+05 4.991000e+12
1.428930e+05 4.931000e+12
1.431430e+05 4.871000e+12
1.433930e+05 4.813000e+12
1.436430e+05 4.755000e+12
1.438930e+05 4.697000e+12
1.441430e+05 4.641000e+12
1.443930e+05 4.585000e+12
1.446430e+05 4.530000e+12
1.448930e+05 4.475000e+12
1.451440e+05 4.421000e+12
1.453940e+05 4.368000e+12
1.456440e+05 4.315000e+12
1.458940e+05 4.263000e+12
1.461440e+05 4.212000e+12
1.463940e+05 4.161000e+12
1.466440e+05 4.111000e+12
1.468940e+05 4.062000e+12
1.471440e+05 4.013000e+12
1.473940e+05 3.964000e+12
1.476440e+05 3.917000e+12
1.478940e+05 3.869000e+12
1.481440e+05 3.823000e+12
1.483940e+05 3.777000e+12
1.486450e+05 3.731000e+12
1.488950e+05 3.686000e+12
1.491450e+05 3.642000e+12
1.493950e+05 3.598000e+12
1.496450e+05 3.554000e+12
1.498950e+05 3.511000e+12
1.501450e+05 3.469000e+12
1.503950e+05 3.427000e+12
1.506450e+05 3.386000e+12
1.508950e+05 3.345000e+12
1.511450e+05 3.305000e+12
1.513950e+05 3.265000e+12
1.516450e+05 3.225000e+12
1.518960e+05 3.186000e+12
1.521460e+05 3.148000e+12
1.523960e+05 3.110000e+12
1.526460e+05 3.072000e+12
1.528960e+05 3.035000e+12
1.531460e+05 2.999000e+12
1.533960e+05 2.962000e+12
1.536460e+05 2.927000e+12
1.538960e+05 2.891000e+12
1.541460e+05 2.856000e+12
1.543960e+05 2.822000e+12
1.546460e+05 2.788000e+12
1.548960e+05 2.754000e+12
1.551470e+05 2.721000e+12
1.553970e+05 2.688000e+12
1.556470e+05 2.655000e+12
1.558970e+05 2.623000e+12
1.561470e+05 2.591000e+12
1.563970e+05 2.560000e+12
1.566470e+05 2.529000e+12
1.568970e+05 2.499000e+12
1.571470e+05 2.468000e+12
1.573970e+05 2.439000e+12
1.576470e+05 2.409000e+12
1.578970e+05 2.380000e+12
1.581470e+05 2.351000e+12
1.583970e+05 2.323000e+12
1.586480e+05 2.295000e+12
1.588980e+05 2.267000e+12
1.591480e+05 2.239000e+12
1.593980e+05 2.212000e+12
1.596480e+05 2.185000e+12
1.598980e+05 2.159000e+12
1.601480e+05 2.133000e+12
1.603980e+05 2.107000e+12
1.606480e+05 2.082000e+12
1.608980e+05 2.056000e+12
1.611480e+05 2.031000e+12
1.613980e+05 2.007000e+12
1.616480e+05 1.983000e+12
1.618990e+05 1.959000e+12
1.621490e+05 1.935000e+12
1.623990e+05 1.911000e+12
1.626490e+05 1.888000e+12
1.628990e+05 1.865000e+12
1.631490e+05 1.843000e+12
1.633990e+05 1.820000e+12
1.636490e+05 1.798000e+12
1.638990e+05 1.777000e+12
1.641490e+05 1.755000e+12
1.643990e+05 1.734000e+12
1.646490e+05 1.713000e+12
1.648990e+05 1.692000e+12
1.651500e+05 1.671000e+12
1.654000e+05 1.651000e+12
1.656500e+05 1.631000e+12
1.659000e+05 1.611000e+12
1.661500e+05 1.592000e+12
1.664000e+05 1.573000e+12
1.666500e+05 1.553000e+12
1.669000e+05 1.535000e+12
1.671500e+05 1.516000e+12
1.674000e+05 1.498000e+12
1.676500e+05 1.479000e+12
1.679000e+05 1.461000e+12
1.681500e+05 1.444000e+12
1.684010e+05 1.426000e+12
1.686510e+05 1.409000e+12
1.689010e+05 1.392000e+12
1.691510e+05 1.375000e+12
1.694010e+05 1.358000e+12
1.696510e+05 1.342000e+12
1.699010e+05 1.325000e+12
1.701510e+05 1.309000e+12
1.704010e+05 1.293000e+12
1.706510e+05 1.278000e+12
1.709010e+05 1.262000e+12
1.711510e+05 1.247000e+12
1.714010e+05 1.232000e+12
1.716510e+05 1.217000e+12
1.719020e+05 1.202000e+12
1.721520e+05 1.187000e+12
1.724020e+05 1.173000e+12
1.726520e+05 1.159000e+12
1.729020e+05 1.145000e+12
1.731520e+05 1.131000e+12
1.734020e+05 1.117000e+12
1.736520e+05 1.103000e+12
1.739020e+05 1.090000e+12
1.741520e+05 1.077000e+12
1.744020e+05 1.064000e+12
1.746520e+05 1.051000e+12
1.749020e+05 1.038000e+12
1.751530e+05 1.025000e+12
1.754030e+05 1.013000e+12
1.756530e+05 1.001000e+12
1.759030e+05 9.885000e+11
1.761530e+05 9.764000e+11
1.764030e+05 9.646000e+11
1.766530e+05 9.528000e+11
1.769030e+05 9.413000e+11
1.771530e+05 9.298000e+11
1.774030e+05 9.185000e+11
1.776530e+05 9.073000e+11
1.779030e+05 8.963000e+11
1.781530e+05 8.854000e+11
1.784040e+05 8.746000e+11
1.786540e+05 8.640000e+11
1.789040e+05 8.535000e+11
1.791540e+05 8.431000e+11
1.794040e+05 8.328000e+11
1.796540e+05 8.227000e+11
1.799040e+05 8.127000e+11
1.801540e+05 8.028000e+11
1.804040e+05 7.930000e+11
1.806540e+05 7.833000e+11
1.809040e+05 7.738000e+11
1.811540e+05 7.644000e+11
1.814040e+05 7.551000e+11
1.816540e+05 7.459000e+11
1.819050e+05 7.368000e+11
1.821550e+05 7.278000e+11
1.824050e+05 7.190000e+11
1.826550e+05 7.102000e+11
1.829050e+05 7.016000e+11
1.831550e+05 6.930000e+11
1.834050e+05 6.846000e+11
1.836550e+05 6.762000e+11
1.839050e+05 6.680000e+11
1.841550e+05 6.599000e+11
1.844050e+05 6.518000e+11
1.846550e+05 6.439000e+11
1.849050e+05 6.360000e+11
1.851560e+05 6.283000e+11
1.854060e+05 6.206000e+11
1.856560e+05 6.131000e+11
1.859060e+05 6.056000e+11
1.861560e+05 5.982000e+11
1.864060e+05 5.909000e+11
1.866560e+05 5.837000e+11
1.869060e+05 5.766000e+11
1.871560e+05 5.696000e+11
1.874060e+05 5.626000e+11
1.876560e+05 5.558000e+11
1.879060e+05 5.490000e+11
1.881560e+05 5.423000e+11
1.884070e+05 5.357000e+11
1.886570e+05 5.291000e+11
1.889070e+05 5.227000e+11
1.891570e+05 5.163000e+11
1.894070e+05 5.100000e+11
1.896570e+05 5.038000e+11
1.899070e+05 4.976000e+11
1.901570e+05 4.916000e+11
1.904070e+05 4.856000e+11
1.906570e+05 4.796000e+11
1.909070e+05 4.738000e+11
1.911570e+05 4.680000e+11
1.914070e+05 4.623000e+11
1.916570e+05 4.567000e+11
1.919080e+05 4.511000e+11
1.921580e+05 4.456000e+11
1.924080e+05 4.401000e+11
1.926580e+05 4.348000e+11
1.929080e+05 4.295000e+11
1.931580e+05 4.242000e+11
1.934080e+05 4.190000e+11
1.936580e+05 4.139000e+11
1.939080e+05 4.089000e+11
1.941580e+05 4.039000e+11
1.944080e+05 3.989000e+11
1.946580e+05 3.941000e+11
1.949080e+05 3.893000e+11
1.951590e+05 3.845000e+11
1.954090e+05 3.798000e+11
1.956590e+05 3.752000e+11
1.959090e+05 3.706000e+11
1.961590e+05 3.661000e+11
1.964090e+05 3.616000e+11
1.966590e+05 3.572000e+11
1.969090e+05 3.528000e+11
1.971590e+05 3.485000e+11
1.974090e+05 3.442000e+11
1.976590e+05 3.400000e+11
1.979090e+05 3.359000e+11
1.981590e+05 3.318000e+11
1.984100e+05 3.277000e+11
1.986600e+05 3.237000e+11
1.989100e+05 3.198000e+11
1.991600e+05 3.158000e+11
1.994100e+05 3.120000e+11
1.996600e+05 3.082000e+11
1.999100e+05 3.044000e+11
2.001600e+05 3.007000e+11
2.004100e+05 2.970000e+11
2.006600e+05 2.934000e+11
2.009100e+05 2.898000e+11
2.011600e+05 2.862000e+11
2.014100e+05 2.827000e+11
2.016600e+05 2.793000e+11
2.019110e+05 2.759000e+11
2.021610e+05 2.725000e+11
2.024110e+05 2.692000e+11
2.026610e+05 2.659000e+11
2.029110e+05 2.626000e+11
2.031610e+05 2.594000e+11
2.034110e+05 2.562000e+11
2.036610e+05 2.531000e+11
2.039110e+05 2.500000e+11
2.041610e+05 2.469000e+11
2.044110e+05 2.439000e+11
2.046610e+05 2.409000e+11
2.049110e+05 2.380000e+11
2.051620e+05 2.351000e+11
2.054120e+05 2.322000e+11
2.056620e+05 2.293000e+11
2.059120e+05 2.265000e+11
2.061620e+05 2.238000e+11
2.064120e+05 2.210000e+11
2.066620e+05 2.183000e+11
2.069120e+05 2.157000e+11
2.071620e+05 2.130000e+11
2.074120e+05 2.104000e+11
2.076620e+05 2.078000e+11
2.079120e+05 2.053000e+11
2.081620e+05 2.028000e+11
2.084130e+05 2.003000e+11
2.086630e+05 1.978000e+11
2.089130e+05 1.954000e+11
2.091630e+05 1.930000e+11
2.094130e+05 1.907000e+11
2.096630e+05 1.883000e+11
2.099130e+05 1.860000e+11
2.101630e+05 1.837000e+11
2.104130e+05 1.815000e+11
2.106630e+05 1.793000e+11
2.109130e+05 1.771000e+11
2.111630e+05 1.749000e+11
2.114130e+05 1.727000e+11
2.116630e+05 1.706000e+11
2.119140e+05 1.685000e+11
2.121640e+05 1.665000e+11
2.124140e+05 1.644000e+11
2.126640e+05 1.624000e+11
2.129140e+05 1.604000e+11
2.131640e+05 1.585000e+11
2.134140e+05 1.565000e+11
2.136640e+05 1.546000e+11
2.139140e+05 1.527000e+11
2.141640e+05 1.508000e+11
2.144140e+05 1.490000e+11
2.146640e+05 1.472000e+11
2.149140e+05 1.454000e+11
2.151650e+05 1.436000e+11
2.154150e+05 1.418000e+11
2.156650e+05 1.401000e+11
2.159150e+05 1.384000e+11
2.161650e+05 1.367000e+11
2.164150e+05 1.350000e+11
2.166650e+05 1.333000e+11
2.169150e+05 1.317000e+11
2.171650e+05 1.301000e+11
2.174150e+05 1.285000e+11
2.176650e+05 1.269000e+11
2.179150e+05 1.253000e+11
2.181650e+05 1.238000e+11
2.184160e+05 1.223000e+11
2.186660e+05 1.208000e+11
2.189160e+05 1.193000e+11
2.191660e+05 1.178000e+11
2.194160e+05 1.164000e+11
2.196660e+05 1.150000e+11
2.199160e+05 1.136000e+11
2.201660e+05 1.122000e+11
2.204160e+05 1.108000e+11
2.206660e+05 1.094000e+11
2.209160e+05 1.081000e+11
2.211660e+05 1.068000e+11
2.214160e+05 1.055000e+11
2.216660e+05 1.042000e+11
2.219170e+05 1.029000e+11
2.221670e+05 1.016000e+11
2.224170e+05 1.004000e+11
2.226670e+05 9.914000e+10
2.229170e+05 9.792000e+10
2.231670e+05 9.672000e+10
2.234170e+05 9.553000e+10
2.236670e+05 9.436000e+10
2.239170e+05 9.320000e+10
2.241670e+05 9.205000e+10
2.244170e+05 9.092000e+10
2.246670e+05 8.981000e+10
2.249170e+05 8.870000e+10
2.251680e+05 8.761000e+10
2.254180e+05 8.654000e+10
2.256680e+05 8.547000e+10
2.259180e+05 8.442000e+10
2.261680e+05 8.339000e+10
2.264180e+05 8.236000e+10
2.266680e+05 8.135000e+10
2.269180e+05 8.035000e+10
2.271680e+05 7.937000e+10
2.274180e+05 7.839000e+10
2.276680e+05 7.743000e+10
2.279180e+05 7.648000e+10
2.281680e+05 7.554000e+10
2.284190e+05 7.461000e+10
2.286690e+05 7.369000e+10
2.289190e+05 7.279000e+10
2.291690e+05 7.189000e+10
2.294190e+05 7.101000e+10
2.296690e+05 7.013000e+10
2.299190e+05 6.927000e+10
2.301690e+05 6.842000e+10
2.304190e+05 6.758000e+10
2.306690e+05 6.675000e+10
2.309190e+05 6.593000e+10
2.311690e+05 6.512000e+10
2.314190e+05 6.432000e+10
2.316690e+05 6.353000e+10
2.319200e+05 6.275000e+10
2.321700e+05 6.197000e+10
2.324200e+05 6.121000e+10
2.326700e+05 6.046000e+10
2.329200e+05 5.972000e+10
2.331700e+05 5.898000e+10
2.334200e+05 5.826000e+10
2.336700e+05 5.754000e+10
2.339200e+05 5.683000e+10
2.341700e+05 5.613000e+10
2.344200e+05 5.544000e+10
2.346700e+05 5.476000e+10
2.349200e+05 5.409000e+10
2.351710e+05 5.342000e+10
2.354210e+05 5.277000e+10
2.356710e+05 5.212000e+10
2.359210e+05 5.147000e+10
2.361710e+05 5.084000e+10
2.364210e+05 5.022000e+10
2.366710e+05 4.960000e+10
2.369210e+05 4.899000e+10
2.371710e+05 4.839000e+10
2.374210e+05 4.779000e+10
2.376710e+05 4.720000e+10
2.379210e+05 4.662000e+10
2.381710e+05 4.605000e+10
2.384220e+05 4.548000e+10
2.386720e+05 4.492000e+10
2.389220e+05 4.437000e+10
2.391720e+05 4.382000e+10
2.394220e+05 4.328000e+10
2.396720e+05 4.275000e+10
2.399220e+05 4.222000e+10
2.401720e+05 4.170000e+10
2.404220e+05 4.119000e+10
2.406720e+05 4.068000e+10
2.409220e+05 4.018000e+10
2.411720e+05 3.969000e+10
2.414220e+05 3.920000e+10
2.416720e+05 3.872000e+10
2.419230e+05 3.824000e+10
2.421730e+05 3.777000e+10
2.424230e+05 3.730000e+10
2.426730e+05 3.684000e+10
2.429230e+05 3.639000e+10
2.431730e+05 3.594000e+10
2.434230e+05 3.550000e+10
2.436730e+05 3.506000e+10
2.439230e+05 3.463000e+10
2.441730e+05 3.420000e+10
2.444230e+05 3.378000e+10
2.446730e+05 3.337000e+10
2.449230e+05 3.296000e+10
2.451740e+05 3.255000e+10
2.454240e+05 3.215000e+10
2.456740e+05 3.175000e+10
2.459240e+05 3.136000e+10
2.461740e+05 3.098000e+10
2.464240e+05 3.059000e+10
2.466740e+05 3.022000e+10
2.469240e+05 2.984000e+10
2.471740e+05 2.948000e+10
2.474240e+05 2.911000e+10
2.476740e+05 2.875000e+10
2.479240e+05 2.840000e+10
2.481740e+05 2.805000e+10
2.484250e+05 2.770000e+10
2.486750e+05 2.736000e+10
2.489250e+05 2.703000e+10
2.491750e+05 2.669000e+10
2.494250e+05 2.636000e+10
2.496750e+05 2.604000e+10
2.499250e+05 2.572000e+10
2.501750e+05 2.540000e+10
2.504250e+05 2.509000e+10
2.506750e+05 2.478000e+10
2.509250e+05 2.447000e+10
2.511750e+05 2.417000e+10
2.514250e+05 2.387000e+10
2.516750e+05 2.358000e+10
2.519260e+05 2.329000e+10
2.521760e+05 2.300000e+10
2.524260e+05 2.272000e+10
2.526760e+05 2.244000e+10
2.529260e+05 2.216000e+10
2.531760e+05 2.189000e+10
2.534260e+05 2.162000e+10
2.536760e+05 2.135000e+10
2.539260e+05 2.109000e+10
2.541760e+05 2.083000e+10
2.544260e+05 2.057000e+10
2.546760e+05 2.032000e+10
2.549260e+05 2.007000e+10
2.551770e+05 1.982000e+10
2.554270e+05 1.957000e+10
2.556770e+05 1.933000e+10
2.559270e+05 1.909000e+10
2.561770e+05 1.886000e+10
2.564270e+05 1.863000e+10
2.566770e+05 1.840000e+10
2.569270e+05 1.817000e+10
2.571770e+05 1.795000e+10
2.574270e+05 1.772000e+10
2.576770e+05 1.751000e+10
2.579270e+05 1.729000e+10
2.581770e+05 1.708000e+10
2.584280e+05 1.686000e+10
2.586780e+05 1.666000e+10
2.589280e+05 1.645000e+10
2.591780e+05 1.625000e+10
2.594280e+05 1.605000e+10
2.596780e+05 1.585000e+10
2.599280e+05 1.565000e+10
2.601780e+05 1.546000e+10
2.604280e+05 1.527000e+10
2.606780e+05 1.508000e+10
2.609280e+05 1.490000e+10
2.611780e+05 1.471000e+10
2.614280e+05 1.453000e+10
2.616780e+05 1.435000e+10
2.619290e+05 1.417000e+10
2.621790e+05 1.400000e+10
2.624290e+05 1.383000e+10
2.626790e+05 1.365000e+10
2.629290e+05 1.349000e+10
2.631790e+05 1.332000e+10
2.634290e+05 1.316000e+10
2.636790e+05 1.299000e+10
2.639290e+05 1.283000e+10
2.641790e+05 1.267000e+10
2.644290e+05 1.252000e+10
2.646790e+05 1.236000e+10
2.649290e+05 1.221000e+10
2.651800e+05 1.206000e+10
2.654300e+05 1.191000e+10
2.656800e+05 1.176000e+10
2.659300e+05 1.162000e+10
2.661800e+05 1.147000e+10
2.664300e+05 1.133000e+10
2.666800e+05 1.119000e+10
2.669300e+05 1.105000e+10
2.671800e+05 1.092000e+10
2.674300e+05 1.078000e+10
2.676800e+05 1.065000e+10
2.679300e+05 1.052000e+10
2.681800e+05 1.039000e+10
2.684310e+05 1.026000e+10
2.686810e+05 1.013000e+10
2.689310e+05 1.001000e+10
2.691810e+05 9.884000e+09
2.694310e+05 9.762000e+09
2.696810e+05 9.642000e+09
2.699310e+05 9.523000e+09
2.701810e+05 9.405000e+09
2.704310e+05 9.289000e+09
2.706810e+05 9.174000e+09
2.709310e+05 9.060000e+09
2.711810e+05 8.948000e+09
2.714310e+05 8.838000e+09
2.716810e+05 8.729000e+09
2.719320e+05 8.621000e+09
2.721820e+05 8.514000e+09
2.724320e+05 8.409000e+09
2.726820e+05 8.305000e+09
2.729320e+05 8.202000e+09
2.731820e+05 8.101000e+09
2.734320e+05 8.001000e+09
2.736820e+05 7.902000e+09
2.739320e+05 7.804000e+09
2.741820e+05 7.708000e+09
2.744320e+05 7.612000e+09
2.746820e+05 7.518000e+09
2.749320e+05 7.425000e+09
2.751830e+05 7.334000e+09
2.754330e+05 7.243000e+09
2.756830e+05 7.153000e+09
2.759330e+05 7.065000e+09
2.761830e+05 6.978000e+09
2.764330e+05 6.891000e+09
2.766830e+05 6.806000e+09
2.769330e+05 6.722000e+09
2.771830e+05 6.639000e+09
2.774330e+05 6.557000e+09
2.776830e+05 6.476000e+09
2.779330e+05 6.395000e+09
2.781830e+05 6.316000e+09
2.784340e+05 6.238000e+09
2.786840e+05 6.161000e+09
2.789340e+05 6.085000e+09
2.791840e+05 6.010000e+09
2.794340e+05 5.935000e+09
2.796840e+05 5.862000e+09
2.799340e+05 5.789000e+09
2.801840e+05 5.718000e+09
2.804340e+05 5.647000e+09
2.806840e+05 5.577000e+09
2.809340e+05 5.508000e+09
2.811840e+05 5.440000e+09
2.814340e+05 5.373000e+09
2.816840e+05 5.306000e+09
2.819350e+05 5.241000e+09
2.821850e+05 5.176000e+09
2.824350e+05 5.112000e+09
2.826850e+05 5.048000e+09
2.829350e+05 4.986000e+09
2.831850e+05 4.924000e+09
2.834350e+05 4.863000e+09
2.836850e+05 4.803000e+09
2.839350e+05 4.744000e+09
2.841850e+05 4.685000e+09
2.844350e+05 4.627000e+09
2.846850e+05 4.570000e+09
2.849350e+05 4.513000e+09
2.851860e+05 4.457000e+09
2.854360e+05 4.402000e+09
2.856860e+05 4.348000e+09
2.859360e+05 4.294000e+09
2.861860e+05 4.241000e+09
2.864360e+05 4.188000e+09
2.866860e+05 4.136000e+09
2.869360e+05 4.085000e+09
2.871860e+05 4.034000e+09
2.874360e+05 3.985000e+09
2.876860e+05 3.935000e+09
2.879360e+05 3.886000e+09
2.881860e+05 3.838000e+09
2.884370e+05 3.791000e+09
2.886870e+05 3.744000e+09
2.889370e+05 3.698000e+09
2.891870e+05 3.652000e+09
2.894370e+05 3.607000e+09
2.896870e+05 3.562000e+09
2.899370e+05 3.518000e+09
2.901870e+05 3.474000e+09
2.904370e+05 3.431000e+09
2.906870e+05 3.389000e+09
2.909370e+05 3.347000e+09
2.911870e+05 3.305000e+09
2.914370e+05 3.264000e+09
2.916870e+05 3.224000e+09
2.919380e+05 3.184000e+09
2.921880e+05 3.145000e+09
2.924380e+05 3.106000e+09
2.926880e+05 3.067000e+09
2.929380e+05 3.029000e+09
2.931880e+05 2.992000e+09
2.934380e+05 2.955000e+09
2.936880e+05 2.918000e+09
2.939380e+05 2.882000e+09
2.941880e+05 2.846000e+09
2.944380e+05 2.811000e+09
2.946880e+05 2.776000e+09
2.949380e+05 2.742000e+09
2.951890e+05 2.708000e+09
2.954390e+05 2.674000e+09
2.956890e+05 2.641000e+09
2.959390e+05 2.608000e+09
2.961890e+05 2.576000e+09
2.964390e+05 2.544000e+09
2.966890e+05 2.512000e+09
2.969390e+05 2.481000e+09
2.971890e+05 2.451000e+09
2.974390e+05 2.420000e+09
2.976890e+05 2.390000e+09
2.979390e+05 2.361000e+09
2.981890e+05 2.331000e+09
2.984400e+05 2.302000e+09
2.986900e+05 2.274000e+09
2.989400e+05 2.246000e+09
2.991900e+05 2.218000e+09
2.994400e+05 2.190000e+09
2.996900e+05 2.163000e+09
2.999400e+05 2.136000e+09
3.001900e+05 2.110000e+09
3.004400e+05 2.084000e+09
3.006900e+05 2.058000e+09
3.009400e+05 2.032000e+09
3.011900e+05 2.007000e+09
3.014400e+05 1.982000e+09
3.016900e+05 1.958000e+09
3.019410e+05 1.934000e+09
3.021910e+05 1.910000e+09
3.024410e+05 1.886000e+09
3.026910e+05 1.862000e+09
3.029410e+05 1.839000e+09
3.031910e+05 1.817000e+09
3.034410e+05 1.794000e+09
3.036910e+05 1.772000e+09
3.039410e+05 1.750000e+09
3.041910e+05 1.728000e+09
3.044410e+05 1.707000e+09
3.046910e+05 1.686000e+09
3.049410e+05 1.665000e+09
3.051920e+05 1.644000e+09
3.054420e+05 1.624000e+09
3.056920e+05 1.603000e+09
3.059420e+05 1.584000e+09
3.061920e+05 1.564000e+09
3.064420e+05 1.545000e+09
3.066920e+05 1.525000e+09
3.069420e+05 1.506000e+09
3.071920e+05 1.488000e+09
3.074420e+05 1.469000e+09
3.076920e+05 1.451000e+09
3.079420e+05 1.433000e+09
3.081920e+05 1.415000e+09
3.084430e+05 1.398000e+09
3.086930e+05 1.380000e+09
3.089430e+05 1.363000e+09
3.091930e+05 1.346000e+09
3.094430e+05 1.330000e+09
3.096930e+05 1.313000e+09
3.099430e+05 1.297000e+09
3.101930e+05 1.281000e+09
3.104430e+05 1.265000e+09
3.106930e+05 1.249000e+09
3.109430e+05 1.234000e+09
3.111930e+05 1.218000e+09
3.114430e+05 1.203000e+09
3.116930e+05 1.188000e+09
3.119440e+05 1.174000e+09
3.121940e+05 1.159000e+09
3.124440e+05 1.145000e+09
3.126940e+05 1.130000e+09
3.129440e+05 1.116000e+09
3.131940e+05 1.103000e+09
3.134440e+05 1.089000e+09
3.136940e+05 1.075000e+09
3.139440e+05 1.062000e+09
3.141940e+05 1.049000e+09
3.144440e+05 1.036000e+09
3.146940e+05 1.023000e+09
3.149440e+05 1.010000e+09
3.151950e+05 9.977000e+08
3.154450e+05 9.854000e+08
3.156950e+05 9.731000e+08
3.159450e+05 9.610000e+08
3.161950e+05 9.491000e+08
3.164450e+05 9.373000e+08
3.166950e+05 9.257000e+08
3.169450e+05 9.142000e+08
3.171950e+05 9.029000e+08
3.174450e+05 8.916000e+08
3.176950e+05 8.806000e+08
3.179450e+05 8.696000e+08
3.181950e+05 8.588000e+08
3.184460e+05 8.482000e+08
3.186960e+05 8.376000e+08
3.189460e+05 8.272000e+08
3.191960e+05 8.170000e+08
3.194460e+05 8.068000e+08
3.196960e+05 7.968000e+08
3.199460e+05 7.869000e+08
3.201960e+05 7.771000e+08
3.204460e+05 7.675000e+08
3.206960e+05 7.580000e+08
3.209460e+05 7.486000e+08
3.211960e+05 7.393000e+08
3.214460e+05 7.301000e+08
3.216960e+05 7.210000e+08
3.219470e+05 7.121000e+08
3.221970e+05 7.032000e+08
3.224470e+05 6.945000e+08
3.226970e+05 6.859000e+08
3.229470e+05 6.773000e+08
3.231970e+05 6.689000e+08
3.234470e+05 6.606000e+08
3.236970e+05 6.524000e+08
3.239470e+05 6.443000e+08
3.241970e+05 6.363000e+08
3.244470e+05 6.284000e+08
3.246970e+05 6.206000e+08
3.249470e+05 6.129000e+08
3.251980e+05 6.053000e+08
3.254480e+05 5.977000e+08
3.256980e+05 5.903000e+08
3.259480e+05 5.830000e+08
3.261980e+05 5.757000e+08
3.264480e+05 5.686000e+08
3.266980e+05 5.615000e+08
3.269480e+05 5.545000e+08
3.271980e+05 5.477000e+08
3.274480e+05 5.409000e+08
3.276980e+05 5.341000e+08
3.279480e+05 5.275000e+08
3.281980e+05 5.209000e+08
3.284490e+05 5.145000e+08
3.286990e+05 5.081000e+08
3.289490e+05 5.018000e+08
3.291990e+05 4.955000e+08
3.294490e+05 4.894000e+08
3.296990e+05 4.833000e+08
3.299490e+05 4.773000e+08
3.301990e+05 4.713000e+08
3.304490e+05 4.655000e+08
3.306990e+05 4.597000e+08
3.309490e+05 4.540000e+08
3.311990e+05 4.483000e+08
3.314490e+05 4.428000e+08
3.316990e+05 4.373000e+08
3.319500e+05 4.318000e+08
3.322000e+05 4.265000e+08
3.324500e+05 4.212000e+08
3.327000e+05 4.159000e+08
3.329500e+05 4.108000e+08
3.332000e+05 4.057000e+08
3.334500e+05 4.006000e+08
3.337000e+05 3.956000e+08
3.339500e+05 3.907000e+08
3.342000e+05 3.859000e+08
3.344500e+05 3.811000e+08
3.347000e+05 3.763000e+08
3.349500e+05 3.716000e+08
3.352010e+05 3.670000e+08
3.354510e+05 3.625000e+08
3.357010e+05 3.580000e+08
3.359510e+05 3.535000e+08
3.362010e+05 3.491000e+08
3.364510e+05 3.448000e+08
3.367010e+05 3.405000e+08
3.369510e+05 3.362000e+08
3.372010e+05 3.321000e+08
3.374510e+05 3.279000e+08
3.377010e+05 3.239000e+08
3.379510e+05 3.198000e+08
3.382010e+05 3.159000e+08
3.384520e+05 3.119000e+08
3.387020e+05 3.080000e+08
3.389520e+05 3.042000e+08
3.392020e+05 3.004000e+08
3.394520e+05 2.967000e+08
3.397020e+05 2.930000e+08
3.399520e+05 2.894000e+08
3.402020e+05 2.858000e+08
3.404520e+05 2.822000e+08
3.407020e+05 2.787000e+08
3.409520e+05 2.752000e+08
3.412020e+05 2.718000e+08
3.414520e+05 2.684000e+08
3.417030e+05 2.651000e+08
3.419530e+05 2.618000e+08
3.422030e+05 2.585000e+08
3.424530e+05 2.553000e+08
3.427030e+05 2.521000e+08
3.429530e+05 2.490000e+08
3.432030e+05 2.459000e+08
3.434530e+05 2.428000e+08
3.437030e+05 2.398000e+08
3.439530e+05 2.368000e+08
3.442030e+05 2.339000e+08
3.444530e+05 2.310000e+08
3.447030e+05 2.281000e+08
3.449530e+05 2.253000e+08
3.452040e+05 2.225000e+08
3.454540e+05 2.197000e+08
3.457040e+05 2.170000e+08
3.459540e+05 2.143000e+08
3.462040e+05 2.116000e+08
3.464540e+05 2.090000e+08
3.467040e+05 2.064000e+08
3.469540e+05 2.038000e+08
3.472040e+05 2.013000e+08
3.474540e+05 1.988000e+08
3.477040e+05 1.963000e+08
3.479540e+05 1.938000e+08
3.482040e+05 1.914000e+08
3.484550e+05 1.891000e+08
3.487050e+05 1.867000e+08
3.489550e+05 1.844000e+08
3.492050e+05 1.821000e+08
3.494550e+05 1.798000e+08
3.497050e+05 1.776000e+08
3.499550e+05 1.754000e+08
3.502050e+05 1.732000e+08
3.504550e+05 1.710000e+08
3.507050e+05 1.689000e+08
3.509550e+05 1.668000e+08
3.512050e+05 1.647000e+08
3.514550e+05 1.627000e+08
3.517060e+05 1.606000e+08
3.519560e+05 1.586000e+08
3.522060e+05 1.567000e+08
3.524560e+05 1.547000e+08
3.527060e+05 1.528000e+08
3.529560e+05 1.509000e+08
3.532060e+05 1.490000e+08
3.534560e+05 1.472000e+08
3.537060e+05 1.453000e+08
3.539560e+05 1.435000e+08
3.542060e+05 1.417000e+08
3.544560e+05 1.400000e+08
3.547060e+05 1.382000e+08
3.549560e+05 1.365000e+08
3.552070e+05 1.348000e+08
3.554570e+05 1.331000e+08
3.557070e+05 1.315000e+08
3.559570e+05 1.298000e+08
3.562070e+05 1.282000e+08
3.564570e+05 1.266000e+08
3.567070e+05 1.250000e+08
3.569570e+05 1.235000e+08
3.572070e+05 1.219000e+08
3.574570e+05 1.204000e+08
3.577070e+05 1.189000e+08
3.579570e+05 1.174000e+08
3.582070e+05 1.160000e+08
3.584580e+05 1.145000e+08
3.587080e+05 1.131000e+08
3.589580e+05 1.117000e+08
3.592080e+05 1.103000e+08
3.594580e+05 1.089000e+08
3.597080e+05 1.076000e+08
3.599580e+05 1.062000e+08
3.602080e+05 1.049000e+08
3.604580e+05 1.036000e+08
3.607080e+05 1.023000e+08
3.609580e+05 1.010000e+08
3.612080e+05 9.979000e+07
3.614580e+05 9.855000e+07
3.617090e+05 9.732000e+07
3.619590e+05 9.611000e+07
3.622090e+05 9.491000e+07
3.624590e+05 9.373000e+07
3.627090e+05 9.256000e+07
3.629590e+05 9.141000e+07
3.632090e+05 9.027000e+07
3.634590e+05 8.914000e+07
3.637090e+05 8.803000e+07
3.639590e+05 8.694000e+07
3.642090e+05 8.585000e+07
3.644590e+05 8.478000e+07
3.647090e+05 8.373000e+07
3.649590e+05 8.268000e+07
3.652100e+05 8.165000e+07
3.654600e+05 8.064000e+07
3.657100e+05 7.963000e+07
3.659600e+05 7.864000e+07
3.662100e+05 7.766000e+07
3.664600e+05 7.669000e+07
3.667100e+05 7.574000e+07
3.669600e+05 7.479000e+07
3.672100e+05 7.386000e+07
3.674600e+05 7.294000e+07
3.677100e+05 7.203000e+07
3.679600e+05 7.113000e+07
3.682100e+05 7.025000e+07
3.684610e+05 6.937000e+07
3.687110e+05 6.851000e+07
3.689610e+05 6.765000e+07
3.692110e+05 6.681000e+07
3.694610e+05 6.598000e+07
3.697110e+05 6.516000e+07
3.699610e+05 6.434000e+07
3.702110e+05 6.354000e+07
3.704610e+05 6.275000e+07
3.707110e+05 6.197000e+07
3.709610e+05 6.120000e+07
3.712110e+05 6.043000e+07
3.714610e+05 5.968000e+07
3.717120e+05 5.894000e+07
3.719620e+05 5.820000e+07
3.722120e+05 5.748000e+07
3.724620e+05 5.676000e+07
3.727120e+05 5.605000e+07
3.729620e+05 5.535000e+07
3.732120e+05 5.466000e+07
3.734620e+05 5.398000e+07
3.737120e+05 5.331000e+07
3.739620e+05 5.264000e+07
3.742120e+05 5.199000e+07
3.744620e+05 5.134000e+07
3.747120e+05 5.070000e+07
3.749620e+05 5.007000e+07
3.752130e+05 4.944000e+07
3.754630e+05 4.883000e+07
3.757130e+05 4.822000e+07
3.759630e+05 4.762000e+07
3.762130e+05 4.702000e+07
3.764630e+05 4.644000e+07
3.767130e+05 4.586000e+07
3.769630e+05 4.529000e+07
3.772130e+05 4.472000e+07
3.774630e+05 4.416000e+07
3.777130e+05 4.361000e+07
3.779630e+05 4.307000e+07
3.782130e+05 4.253000e+07
3.784640e+05 4.200000e+07
3.787140e+05 4.148000e+07
3.789640e+05 4.096000e+07
3.792140e+05 4.045000e+07
3.794640e+05 3.995000e+07
3.797140e+05 3.945000e+07
3.799640e+05 3.896000e+07
3.802140e+05 3.847000e+07
3.804640e+05 3.799000e+07
3.807140e+05 3.752000e+07
3.809640e+05 3.705000e+07
3.812140e+05 3.659000e+07
3.814640e+05 3.613000e+07
3.817150e+05 3.568000e+07
3.819650e+05 3.524000e+07
3.822150e+05 3.480000e+07
3.824650e+05 3.436000e+07
3.827150e+05 3.393000e+07
3.829650e+05 3.351000e+07
3.832150e+05 3.309000e+07
3.834650e+05 3.268000e+07
3.837150e+05 3.227000e+07
3.839650e+05 3.187000e+07
3.842150e+05 3.147000e+07
3.844650e+05 3.108000e+07
3.847150e+05 3.069000e+07
3.849650e+05 3.031000e+07
3.852160e+05 2.993000e+07
3.854660e+05 2.956000e+07
3.857160e+05 2.919000e+07
3.859660e+05 2.882000e+07
3.862160e+05 2.846000e+07
3.864660e+05 2.811000e+07
3.867160e+05 2.776000e+07
3.869660e+05 2.741000e+07
3.872160e+05 2.707000e+07
3.874660e+05 2.673000e+07
3.877160e+05 2.640000e+07
3.879660e+05 2.607000e+07
3.882160e+05 2.574000e+07
3.884670e+05 2.542000e+07
3.887170e+05 2.511000e+07
3.889670e+05 2.479000e+07
3.892170e+05 2.448000e+07
3.894670e+05 2.417000e+07
3.897170e+05 2.386000e+07
3.899670e+05 2.355000e+07
3.902170e+05 2.325000e+07
3.904670e+05 2.295000e+07
3.907170e+05 2.266000e+07
3.909670e+05 2.237000e+07
3.912170e+05 2.209000e+07
3.914670e+05 2.180000e+07
3.917180e+05 2.153000e+07
3.919680e+05 2.125000e+07
3.922180e+05 2.098000e+07
3.924680e+05 2.071000e+07
3.927180e+05 2.045000e+07
3.929680e+05 2.019000e+07
3.932180e+05 1.993000e+07
3.934680e+05 1.967000e+07
3.937180e+05 1.942000e+07
3.939680e+05 1.917000e+07
3.942180e+05 1.893000e+07
3.944680e+05 1.869000e+07
3.947180e+05 1.845000e+07
3.949680e+05 1.821000e+07
3.952190e+05 1.798000e+07
3.954690e+05 1.775000e+07
3.957190e+05 1.752000e+07
3.959690e+05 1.730000e+07
3.962190e+05 1.708000e+07
3.964690e+05 1.686000e+07
3.967190e+05 1.664000e+07
3.969690e+05 1.643000e+07
3.972190e+05 1.622000e+07
3.974690e+05 1.602000e+07
3.977190e+05 1.581000e+07
3.979690e+05 1.561000e+07
3.982190e+05 1.541000e+07
3.984700e+05 1.521000e+07
3.987200e+05 1.502000e+07
3.989700e+05 1.483000e+07
3.992200e+05 1.464000e+07
3.994700e+05 1.445000e+07
3.997200e+05 1.427000e+07
3.999700e+05 1.408000e+07
4.002200e+05 1.390000e+07
4.004700e+05 1.373000e+07
4.007200e+05 1.355000e+07
4.009700e+05 1.338000e+07
4.012200e+05 1.321000e+07
4.014700e+05 1.304000e+07
4.017210e+05 1.287000e+07
4.019710e+05 1.271000e+07
4.022210e+05 1.254000e+07
4.024710e+05 1.238000e+07
4.027210e+05 1.223000e+07
4.029710e+05 1.207000e+07
4.032210e+05 1.192000e+07
4.034710e+05 1.176000e+07
4.037210e+05 1.161000e+07
4.039710e+05 1.146000e+07
4.042210e+05 1.132000e+07
4.044710e+05 1.117000e+07
4.047210e+05 1.103000e+07
4.049710e+05 1.089000e+07
4.052220e+05 1.075000e+07
4.054720e+05 1.061000e+07
4.057220e+05 1.048000e+07
4.059720e+05 1.034000e+07
4.062220e+05 1.021000e+07
4.064720e+05 1.008000e+07
4.067220e+05 9.953000e+06
4.069720e+05 9.826000e+06
4.072220e+05 9.700000e+06
4.074720e+05 9.576000e+06
4.077220e+05 9.454000e+06
4.079720e+05 9.333000e+06
4.082220e+05 9.214000e+06
4.084730e+05 9.096000e+06
4.087230e+05 8.980000e+06
4.089730e+05 8.865000e+06
4.092230e+05 8.752000e+06
4.094730e+05 8.640000e+06
4.097230e+05 8.530000e+06
4.099730e+05 8.421000e+06
4.102230e+05 8.313000e+06
4.104730e+05 8.207000e+06
4.107230e+05 8.102000e+06
4.109730e+05 7.999000e+06
4.112230e+05 7.897000e+06
4.114730e+05 7.796000e+06
4.117240e+05 7.696000e+06
4.119740e+05 7.598000e+06
4.122240e+05 7.501000e+06
4.124740e+05 7.405000e+06
4.127240e+05 7.311000e+06
4.129740e+05 7.217000e+06
4.132240e+05 7.125000e+06
4.134740e+05 7.034000e+06
4.137240e+05 6.944000e+06
4.139740e+05 6.855000e+06
4.142240e+05 6.768000e+06
4.144740e+05 6.681000e+06
4.147240e+05 6.596000e+06
4.149740e+05 6.512000e+06
4.152250e+05 6.429000e+06
4.154750e+05 6.346000e+06
4.157250e+05 6.265000e+06
4.159750e+05 6.185000e+06
4.162250e+05 6.106000e+06
4.164750e+05 6.028000e+06
4.167250e+05 5.951000e+06
4.169750e+05 5.875000e+06
4.172250e+05 5.800000e+06
4.174750e+05 5.726000e+06
4.177250e+05 5.653000e+06
4.179750e+05 5.581000e+06
4.182250e+05 5.510000e+06
4.184760e+05 5.439000e+06
4.187260e+05 5.370000e+06
4.189760e+05 5.301000e+06
4.192260e+05 5.233000e+06
4.194760e+05 5.167000e+06
4.197260e+05 5.101000e+06
4.199760e+05 5.035000e+06
4.202260e+05 4.971000e+06
4.204760e+05 4.908000e+06
4.207260e+05 4.845000e+06
4.209760e+05 4.783000e+06
4.212260e+05 4.722000e+06
4.214760e+05 4.662000e+06
4.217270e+05 4.602000e+06
4.219770e+05 4.543000e+06
4.222270e+05 4.485000e+06
4.224770e+05 4.428000e+06
4.227270e+05 4.371000e+06
4.229770e+05 4.316000e+06
4.232270e+05 4.260000e+06
4.234770e+05 4.206000e+06
4.237270e+05 4.152000e+06
4.239770e+05 4.099000e+06
4.242270e+05 4.047000e+06
4.244770e+05 3.995000e+06
4.247270e+05 3.944000e+06
4.249770e+05 3.894000e+06
4.252280e+05 3.844000e+06
4.254780e+05 3.795000e+06
4.257280e+05 3.746000e+06
4.259780e+05 3.699000e+06
4.262280e+05 3.651000e+06
4.264780e+05 3.605000e+06
4.267280e+05 3.559000e+06
4.269780e+05 3.513000e+06
4.272280e+05 3.468000e+06
4.274780e+05 3.424000e+06
4.277280e+05 3.380000e+06
4.279780e+05 3.337000e+06
4.282280e+05 3.294000e+06
4.284790e+05 3.252000e+06
4.287290e+05 3.211000e+06
4.289790e+05 3.170000e+06
4.292290e+05 3.129000e+06
4.294790e+05 3.089000e+06
4.297290e+05 3.050000e+06
4.299790e+05 3.011000e+06
4.302290e+05 2.972000e+06
4.304790e+05 2.935000e+06
4.307290e+05 2.897000e+06
4.309790e+05 2.860000e+06
4.312290e+05 2.823000e+06
4.314790e+05 2.787000e+06
4.317300e+05 2.752000e+06
4.319800e+05 2.717000e+06
4.322300e+05 2.682000e+06
4.324800e+05 2.648000e+06
4.327300e+05 2.614000e+06
4.329800e+05 2.580000e+06
4.332300e+05 2.548000e+06
4.334800e+05 2.515000e+06
4.337300e+05 2.483000e+06
4.339800e+05 2.451000e+06
4.342300e+05 2.420000e+06
4.344800e+05 2.389000e+06
4.347300e+05 2.358000e+06
4.349800e+05 2.328000e+06
4.352310e+05 2.299000e+06
4.354810e+05 2.269000e+06
4.357310e+05 2.240000e+06
4.359810e+05 2.212000e+06
4.362310e+05 2.183000e+06
4.364810e+05 2.155000e+06
4.367310e+05 2.128000e+06
4.369810e+05 2.101000e+06
4.372310e+05 2.074000e+06
4.374810e+05 2.047000e+06
4.377310e+05 2.021000e+06
4.379810e+05 1.995000e+06
4.382310e+05 1.970000e+06
4.384820e+05 1.945000e+06
4.387320e+05 1.920000e+06
4.389820e+05 1.895000e+06
4.392320e+05 1.871000e+06
4.394820e+05 1.847000e+06
4.397320e+05 1.824000e+06
4.399820e+05 1.800000e+06
4.402320e+05 1.777000e+06
4.404820e+05 1.755000e+06
4.407320e+05 1.732000e+06
4.409820e+05 1.710000e+06
4.412320e+05 1.688000e+06
4.414820e+05 1.667000e+06
4.417330e+05 1.645000e+06
4.419830e+05 1.624000e+06
4.422330e+05 1.604000e+06
4.424830e+05 1.583000e+06
4.427330e+05 1.563000e+06
4.429830e+05 1.543000e+06
4.432330e+05 1.523000e+06
4.434830e+05 1.504000e+06
4.437330e+05 1.485000e+06
4.439830e+05 1.466000e+06
4.442330e+05 1.447000e+06
4.444830e+05 1.428000e+06
4.447330e+05 1.410000e+06
4.449830e+05 1.392000e+06
4.452340e+05 1.374000e+06
4.454840e+05 1.357000e+06
4.457340e+05 1.340000e+06
4.459840e+05 1.322000e+06
4.462340e+05 1.306000e+06
4.464840e+05 1.289000e+06
4.467340e+05 1.272000e+06
4.469840e+05 1.256000e+06
4.472340e+05 1.240000e+06
4.474840e+05 1.224000e+06
4.477340e+05 1.209000e+06
4.479840e+05 1.193000e+06
4.482340e+05 1.178000e+06
4.484850e+05 1.163000e+06
4.487350e+05 1.148000e+06
4.489850e+05 1.133000e+06
4.492350e+05 1.119000e+06
4.494850e+05 1.105000e+06
4.497350e+05 1.090000e+06
4.499850e+05 1.077000e+06
4.502350e+05 1.063000e+06
4.504850e+05 1.049000e+06
4.507350e+05 1.036000e+06
4.509850e+05 1.023000e+06
4.512350e+05 1.010000e+06
4.514850e+05 9.966000e+05
4.517360e+05 9.839000e+05
4.519860e+05 9.713000e+05
4.522360e+05 9.589000e+05
4.524860e+05 9.467000e+05
4.527360e+05 9.346000e+05
4.529860e+05 9.227000e+05
4.532360e+05 9.109000e+05
4.534860e+05 8.992000e+05
4.537360e+05 8.877000e+05
4.539860e+05 8.764000e+05
4.542360e+05 8.652000e+05
4.544860e+05 8.542000e+05
4.547360e+05 8.432000e+05
4.549860e+05 8.325000e+05
4.552370e+05 8.218000e+05
4.554870e+05 8.113000e+05
4.557370e+05 8.010000e+05
4.559870e+05 7.908000e+05
4.562370e+05 7.807000e+05
4.564870e+05 7.707000e+05
4.567370e+05 7.608000e+05
4.569870e+05 7.511000e+05
4.572370e+05 7.415000e+05
4.574870e+05 7.320000e+05
4.577370e+05 7.227000e+05
4.579870e+05 7.135000e+05
4.582370e+05 7.044000e+05
4.584880e+05 6.954000e+05
4.587380e+05 6.865000e+05
4.589880e+05 6.777000e+05
4.592380e+05 6.690000e+05
4.594880e+05 6.605000e+05
4.597380e+05 6.521000e+05
4.599880e+05 6.437000e+05
4.602380e+05 6.355000e+05
4.604880e+05 6.274000e+05
4.607380e+05 6.194000e+05
4.609880e+05 6.115000e+05
4.612380e+05 6.037000e+05
4.614880e+05 5.959000e+05
4.617390e+05 5.883000e+05
4.619890e+05 5.808000e+05
4.622390e+05 5.734000e+05
4.624890e+05 5.661000e+05
4.627390e+05 5.588000e+05
4.629890e+05 5.517000e+05
4.632390e+05 5.447000e+05
4.634890e+05 5.377000e+05
4.637390e+05 5.308000e+05
4.639890e+05 5.241000e+05
4.642390e+05 5.174000e+05
4.644890e+05 5.107000e+05
4.647390e+05 5.042000e+05
4.649890e+05 4.978000e+05
4.652400e+05 4.914000e+05
4.654900e+05 4.851000e+05
4.657400e+05 4.790000e+05
4.659900e+05 4.728000e+05
4.662400e+05 4.668000e+05
4.664900e+05 4.608000e+05
4.667400e+05 4.549000e+05
4.669900e+05 4.491000e+05
4.672400e+05 4.434000e+05
4.674900e+05 4.377000e+05
4.677400e+05 4.321000e+05
4.679900e+05 4.266000e+05
4.682400e+05 4.212000e+05
4.684910e+05 4.158000e+05
4.687410e+05 4.105000e+05
4.689910e+05 4.052000e+05
4.692410e+05 4.001000e+05
4.694910e+05 3.949000e+05
4.697410e+05 3.899000e+05
4.699910e+05 3.849000e+05
4.702410e+05 3.800000e+05
4.704910e+05 3.752000e+05
4.707410e+05 3.704000e+05
4.709910e+05 3.656000e+05
4.712410e+05 3.610000e+05
4.714910e+05 3.563000e+05
4.717420e+05 3.518000e+05
4.719920e+05 3.473000e+05
4.722420e+05 3.429000e+05
4.724920e+05 3.385000e+05
4.727420e+05 3.342000e+05
4.729920e+05 3.299000e+05
4.732420e+05 3.257000e+05
4.734920e+05 3.215000e+05
4.737420e+05 3.174000e+05
4.739920e+05 3.134000e+05
4.742420e+05 3.094000e+05
4.744920e+05 3.054000e+05
4.747420e+05 3.015000e+05
4.749920e+05 2.977000e+05
4.752430e+05 2.939000e+05
4.754930e+05 2.901000e+05
4.757430e+05 2.864000e+05
4.759930e+05 2.827000e+05
4.762430e+05 2.791000e+05
4.764930e+05 2.756000e+05
4.767430e+05 2.720000e+05
4.769930e+05 2.686000e+05
4.772430e+05 2.651000e+05
4.774930e+05 2.617000e+05
4.777430e+05 2.584000e+05
4.779930e+05 2.551000e+05
4.782430e+05 2.518000e+05
4.784940e+05 2.486000e+05
4.787440e+05 2.454000e+05
4.789940e+05 2.423000e+05
4.792440e+05 2.392000e+05
4.794940e+05 2.362000e+05
4.797440e+05 2.331000e+05
4.799940e+05 2.302000e+05
4.802440e+05 2.272000e+05
4.804940e+05 2.243000e+05
4.807440e+05 2.215000e+05
4.809940e+05 2.186000e+05
4.812440e+05 2.158000e+05
4.814940e+05 2.131000e+05
4.817450e+05 2.104000e+05
4.819950e+05 2.077000e+05
4.822450e+05 2.050000e+05
4.824950e+05 2.024000e+05
4.827450e+05 1.998000e+05
4.829950e+05 1.973000e+05
4.832450e+05 1.947000e+05
4.834950e+05 1.923000e+05
4.837450e+05 1.898000e+05
4.839950e+05 1.874000e+05
4.842450e+05 1.850000e+05
4.844950e+05 1.826000e+05
4.847450e+05 1.803000e+05
4.849950e+05 1.780000e+05
4.852460e+05 1.757000e+05
4.854960e+05 1.735000e+05
4.857460e+05 1.712000e+05
4.859960e+05 1.691000e+05
4.862460e+05 1.669000e+05
4.864960e+05 1.648000e+05
4.867460e+05 1.627000e+05
4.869960e+05 1.606000e+05
4.872460e+05 1.585000e+05
4.874960e+05 1.565000e+05
4.877460e+05 1.545000e+05
4.879960e+05 1.525000e+05
4.882460e+05 1.506000e+05
4.884970e+05 1.487000e+05
4.887470e+05 1.468000e+05
4.889970e+05 1.449000e+05
4.892470e+05 1.430000e+05
4.894970e+05 1.412000e+05
4.897470e+05 1.394000e+05
4.899970e+05 1.376000e+05
4.902470e+05 1.359000e+05
4.904970e+05 1.341000e+05
4.907470e+05 1.324000e+05
4.909970e+05 1.307000e+05
4.912470e+05 1.291000e+05
4.914970e+05 1.274000e+05
4.917480e+05 1.258000e+05
4.919980e+05 1.242000e+05
4.922480e+05 1.226000e+05
4.924980e+05 1.210000e+05
4.927480e+05 1.195000e+05
4.929980e+05 1.180000e+05
4.932480e+05 1.164000e+05
4.934980e+05 1.150000e+05
4.937480e+05 1.135000e+05
4.939980e+05 1.120000e+05
4.942480e+05 1.106000e+05
4.944980e+05 1.092000e+05
4.947480e+05 1.078000e+05
4.949980e+05 1.064000e+05
4.952490e+05 1.051000e+05
4.954990e+05 1.037000e+05
4.957490e+05 1.024000e+05
4.959990e+05 1.011000e+05
4.962490e+05 9.980000e+04
4.964990e+05 9.852000e+04
4.967490e+05 9.727000e+04
4.969990e+05 9.602000e+04
4.972490e+05 9.480000e+04
4.974990e+05 9.359000e+04
4.977490e+05 9.239000e+04
4.979990e+05 9.121000e+04
4.982490e+05 9.005000e+04
4.985000e+05 8.890000e+04
4.987500e+05 8.776000e+04
4.990000e+05 8.664000e+04
4.992500e+05 8.553000e+04
4.995000e+05 8.444000e+04
4.997500e+05 8.336000e+04
5.000000e+05 8.230000e+04
