6.000000e+03 3.322431e+09
1.800000e+04 2.986851e+08
2.400000e+04 1.682712e+08
3.000000e+04 4.693665e+07
4.200000e+04 2.455834e+05
4.800000e+04 2.390159e+04
5.400000e+04 2.163872e+03
6.600000e+04 8.848218e+01
7.200000e+04 3.134141e+01
7.800000e+04 5.743682e+00
9.000000e+04 6.730982e-01
9.600000e+04 3.544477e-01
1.020000e+05 9.251428e-02
1.140000e+05 1.405591e-02
1.200000e+05 8.400372e-03
1.260000e+05 2.525450e-03
1.380000e+05 4.547736e-04
1.440000e+05 3.268524e-04
1.500000e+05 1.016805e-04
1.620000e+05 2.227700e-05
1.680000e+05 1.372320e-05
1.740000e+05 4.824155e-06
1.860000e+05 1.146372e-06
1.920000e+05 7.717023e-07
1.980000e+05 2.882339e-07
2.100000e+05 7.018463e-08
2.160000e+05 5.321495e-08
2.220000e+05 1.951957e-08
2.340000e+05 6.272430e-09
2.400000e+05 3.561521e-09
2.460000e+05 1.281022e-09
2.580000e+05 4.824197e-10
2.640000e+05 3.999614e-10
2.700000e+05 1.381262e-10
2.820000e+05 3.961567e-11
2.880000e+05 3.213846e-11
2.940000e+05 1.896191e-11
3.060000e+05 4.918470e-12
3.120000e+05 3.809850e-12
3.180000e+05 1.367210e-12
3.300000e+05 5.783100e-13
3.360000e+05 4.146500e-13
3.420000e+05 1.749100e-13
3.540000e+05 4.139000e-14
3.600000e+05 3.877000e-14
3.660000e+05 1.356000e-14
