8.000000e+03 1.472406e+10
2.400000e+04 7.246531e+08
3.200000e+04 3.320280e+08
4.000000e+04 8.170183e+07
5.600000e+04 1.251197e+07
6.400000e+04 7.787491e+06
7.200000e+04 2.543952e+06
8.800000e+04 6.562528e+05
9.600000e+04 5.128847e+05
1.040000e+05 1.931101e+05
1.200000e+05 5.576983e+04
1.280000e+05 4.342807e+04
1.360000e+05 1.711370e+04
1.520000e+05 5.412611e+03
1.600000e+05 4.200245e+03
1.680000e+05 1.626252e+03
1.840000e+05 5.529395e+02
1.920000e+05 4.154086e+02
2.000000e+05 1.738677e+02
2.160000e+05 5.640401e+01
2.240000e+05 4.310792e+01
2.320000e+05 1.784899e+01
2.480000e+05 5.509304e+00
2.560000e+05 4.733830e+00
2.640000e+05 1.811702e+00
2.800000e+05 5.902430e-01
2.880000e+05 4.897775e-01
2.960000e+05 2.090016e-01
3.120000e+05 7.206292e-02
3.200000e+05 6.517036e-02
3.280000e+05 2.375165e-02
3.440000e+05 9.084384e-03
3.520000e+05 7.154761e-03
3.600000e+05 3.325283e-03
