1.000000e+04 1.416185e+10
3.000000e+04 4.656202e+08
4.000000e+04 1.334032e+07
5.000000e+04 8.983171e+04
7.000000e+04 3.013659e+02
8.000000e+04 4.654083e+01
9.000000e+04 5.347748e+00
1.100000e+05 2.033197e-01
1.200000e+05 6.532832e-02
1.300000e+05 1.136629e-02
1.500000e+05 8.655432e-04
1.600000e+05 3.439814e-04
1.700000e+05 7.705127e-05
1.900000e+05 7.357827e-06
2.000000e+05 3.407513e-06
2.100000e+05 8.339055e-07
2.300000e+05 1.056944e-07
2.400000e+05 5.685392e-08
2.500000e+05 1.412467e-08
2.700000e+05 2.034086e-09
2.800000e+05 1.109817e-09
2.900000e+05 2.938659e-10
3.100000e+05 4.615290e-11
3.200000e+05 2.463694e-11
3.300000e+05 7.815700e-12
3.500000e+05 1.209300e-12
3.600000e+05 7.812700e-13
3.700000e+05 2.502300e-13
