7.000000e+03 3.686937e+09
2.100000e+04 4.406746e+07
2.800000e+04 2.559352e+05
3.500000e+04 6.756742e+03
4.900000e+04 5.316547e+01
5.600000e+04 1.113113e+01
6.300000e+04 1.427023e+00
7.700000e+04 7.760140e-02
8.400000e+04 2.995450e-02
9.100000e+04 6.329862e-03
1.050000e+05 6.774961e-04
1.120000e+05 3.364788e-04
1.190000e+05 8.341910e-05
1.330000e+05 1.265602e-05
1.400000e+05 7.094823e-06
1.470000e+05 2.051002e-06
1.610000e+05 3.500602e-07
1.680000e+05 2.209387e-07
1.750000e+05 6.244433e-08
1.890000e+05 1.310559e-08
1.960000e+05 8.214278e-09
2.030000e+05 2.489044e-09
2.170000e+05 5.459896e-10
2.240000e+05 3.766306e-10
2.310000e+05 1.177254e-10
2.450000e+05 3.357378e-11
2.520000e+05 2.124460e-11
2.590000e+05 6.473480e-12
2.730000e+05 2.334070e-12
2.800000e+05 1.259530e-12
2.870000e+05 4.392500e-13
3.010000e+05 1.218300e-13
3.080000e+05 8.146000e-14
3.150000e+05 2.500000e-14
3.290000e+05 7.930000e-15
3.360000e+05 6.500000e-15
3.430000e+05 2.920000e-15
3.570000e+05 8.300000e-16
3.640000e+05 6.500000e-16
3.710000e+05 2.600000e-16
