7.000000e+03 1.214766e+10
2.100000e+04 9.720222e+07
2.800000e+04 5.286303e+05
3.500000e+04 1.347195e+04
4.900000e+04 1.024794e+02
5.600000e+04 2.122989e+01
6.300000e+04 2.693037e+00
7.700000e+04 1.432355e-01
8.400000e+04 5.462585e-02
9.100000e+04 1.138612e-02
1.050000e+05 1.185311e-03
1.120000e+05 5.796339e-04
1.190000e+05 1.414919e-04
1.330000e+05 2.080804e-05
1.400000e+05 1.148348e-05
1.470000e+05 3.269461e-06
1.610000e+05 5.418127e-07
1.680000e+05 3.370371e-07
1.750000e+05 9.395681e-08
1.890000e+05 1.922104e-08
1.960000e+05 1.190313e-08
2.030000e+05 3.566704e-09
2.170000e+05 7.670658e-10
2.240000e+05 5.244347e-10
2.310000e+05 1.626018e-10
2.450000e+05 4.570813e-11
2.520000e+05 2.876018e-11
2.590000e+05 8.714770e-12
2.730000e+05 3.115390e-12
2.800000e+05 1.675230e-12
2.870000e+05 5.828100e-13
3.010000e+05 1.610800e-13
3.080000e+05 1.076100e-13
3.150000e+05 3.300000e-14
3.290000e+05 1.048000e-14
3.360000e+05 8.600000e-15
3.430000e+05 3.860000e-15
3.570000e+05 1.100000e-15
3.640000e+05 8.700000e-16
3.710000e+05 3.500000e-16
