9.000000e+03 1.332059e+10
2.700000e+04 1.341602e+06
3.600000e+04 2.916283e+04
4.500000e+04 8.479775e+02
6.300000e+04 6.115510e+00
7.200000e+04 1.182989e+00
8.100000e+04 1.398779e-01
9.900000e+04 6.148079e-03
1.080000e+05 2.121197e-03
1.170000e+05 3.963745e-04
1.350000e+05 3.259613e-05
1.440000e+05 1.476861e-05
1.530000e+05 3.458227e-06
1.710000e+05 3.905532e-07
1.800000e+05 1.876079e-07
1.890000e+05 4.693159e-08
2.070000e+05 6.183853e-09
2.160000e+05 3.744929e-09
2.250000e+05 1.023964e-09
2.430000e+05 1.530749e-10
2.520000e+05 8.806454e-11
2.610000e+05 2.249370e-11
2.790000e+05 3.984640e-12
2.880000e+05 2.469020e-12
2.970000e+05 8.214500e-13
3.150000e+05 1.653400e-13
3.240000e+05 9.507000e-14
3.330000e+05 2.701000e-14
3.510000e+05 5.760000e-15
3.600000e+05 3.720000e-15
3.690000e+05 1.420000e-15
