7.000000e+03 4.248953e+09
2.100000e+04 3.609659e+08
2.800000e+04 1.865676e+08
3.500000e+04 4.997891e+07
4.900000e+04 8.787161e+06
5.600000e+04 5.904344e+06
6.300000e+04 2.076074e+06
7.700000e+04 6.107452e+05
8.400000e+04 4.857656e+05
9.100000e+04 1.988936e+05
1.050000e+05 6.895905e+04
1.120000e+05 5.804662e+04
1.190000e+05 2.359442e+04
1.330000e+05 8.844566e+03
1.400000e+05 7.517349e+03
1.470000e+05 3.226926e+03
1.610000e+05 1.149786e+03
1.680000e+05 1.023504e+03
1.750000e+05 4.022060e+02
1.890000e+05 1.570412e+02
1.960000e+05 1.319541e+02
2.030000e+05 5.304585e+01
2.170000e+05 1.990563e+01
2.240000e+05 1.772771e+01
2.310000e+05 7.097366e+00
2.450000e+05 3.248521e+00
2.520000e+05 2.577884e+00
2.590000e+05 9.789465e-01
2.730000e+05 5.387487e-01
2.800000e+05 3.562610e-01
2.870000e+05 1.514856e-01
3.010000e+05 6.158236e-02
3.080000e+05 4.951985e-02
3.150000e+05 1.819940e-02
3.290000e+05 8.187584e-03
3.360000e+05 7.939795e-03
3.430000e+05 4.203172e-03
3.570000e+05 1.643525e-03
3.640000e+05 1.518494e-03
3.710000e+05 7.074688e-04
