8.000000e+03 1.289269e+10
2.400000e+04 5.438469e+06
3.200000e+04 1.100484e+05
4.000000e+04 3.091947e+03
5.600000e+04 2.358810e+01
6.400000e+04 4.682686e+00
7.200000e+04 5.665721e-01
8.800000e+04 2.754099e-02
9.600000e+04 1.050911e-02
1.040000e+05 2.051870e-03
1.200000e+05 1.841831e-04
1.280000e+05 8.483558e-05
1.360000e+05 2.043328e-05
1.520000e+05 2.624140e-06
1.600000e+05 1.344842e-06
1.680000e+05 3.510508e-07
1.840000e+05 5.728000e-08
1.920000e+05 3.053419e-08
2.000000e+05 9.197778e-09
2.160000e+05 1.605687e-09
2.240000e+05 9.158407e-10
2.320000e+05 2.859551e-10
2.480000e+05 5.163320e-11
2.560000e+05 3.437470e-11
2.640000e+05 1.027434e-11
2.800000e+05 2.086750e-12
2.880000e+05 1.381030e-12
2.960000e+05 4.729700e-13
3.120000e+05 1.068800e-13
3.200000e+05 7.890000e-14
3.280000e+05 2.359000e-14
3.440000e+05 6.160000e-15
3.520000e+05 4.030000e-15
3.600000e+05 1.570000e-15
