6.000000e+03 3.121842e+09
1.800000e+04 3.236657e+08
2.400000e+04 1.558854e+06
3.000000e+04 3.831741e+04
4.200000e+04 2.854181e+02
4.800000e+04 6.128223e+01
5.400000e+04 8.098848e+00
6.600000e+04 4.861252e-01
7.200000e+04 1.953137e-01
7.800000e+04 4.338649e-02
9.000000e+04 4.689942e-03
9.600000e+04 2.503085e-03
1.020000e+05 6.635014e-04
1.140000e+05 1.037296e-04
1.200000e+05 6.276802e-05
1.260000e+05 1.907681e-05
1.380000e+05 3.498140e-06
1.440000e+05 2.533599e-06
1.500000e+05 7.934235e-07
1.620000e+05 1.756649e-07
1.680000e+05 1.087621e-07
1.740000e+05 3.841027e-08
1.860000e+05 9.201189e-09
1.920000e+05 6.215781e-09
1.980000e+05 2.329156e-09
2.100000e+05 5.704070e-10
2.160000e+05 4.335981e-10
2.220000e+05 1.594213e-10
2.340000e+05 5.144648e-11
2.400000e+05 2.926736e-11
2.460000e+05 1.054583e-11
2.580000e+05 3.984240e-12
2.640000e+05 3.308110e-12
2.700000e+05 1.144040e-12
2.820000e+05 3.289400e-13
2.880000e+05 2.671600e-13
2.940000e+05 1.578000e-13
3.060000e+05 4.101000e-14
3.120000e+05 3.180000e-14
3.180000e+05 1.142000e-14
3.300000e+05 4.840000e-15
3.360000e+05 3.470000e-15
3.420000e+05 1.470000e-15
3.540000e+05 3.500000e-16
3.600000e+05 3.300000e-16
3.660000e+05 1.100000e-16
