6.000000e+03 1.098094e+10
1.800000e+04 7.461377e+08
2.400000e+04 3.325473e+06
3.000000e+04 7.819754e+04
4.200000e+04 5.578496e+02
4.800000e+04 1.183491e+02
5.400000e+04 1.549611e+01
6.600000e+04 9.137165e-01
7.200000e+04 3.635304e-01
7.800000e+04 7.994656e-02
9.000000e+04 8.453093e-03
9.600000e+04 4.458114e-03
1.020000e+05 1.167638e-03
1.140000e+05 1.778512e-04
1.200000e+05 1.062310e-04
1.260000e+05 3.186024e-05
1.380000e+05 5.687248e-06
1.440000e+05 4.066080e-06
1.500000e+05 1.256902e-06
1.620000e+05 2.711327e-07
1.680000e+05 1.659142e-07
1.740000e+05 5.790374e-08
1.860000e+05 1.356649e-08
1.920000e+05 9.070466e-09
1.980000e+05 3.365713e-09
2.100000e+05 8.091671e-10
2.160000e+05 6.099514e-10
2.220000e+05 2.225412e-10
2.340000e+05 7.081163e-11
2.400000e+05 4.005344e-11
2.460000e+05 1.434856e-11
2.580000e+05 5.367630e-12
2.640000e+05 4.439060e-12
2.700000e+05 1.529920e-12
2.820000e+05 4.373300e-13
2.880000e+05 3.543900e-13
2.940000e+05 2.089000e-13
3.060000e+05 5.418000e-14
3.120000e+05 4.199000e-14
3.180000e+05 1.508000e-14
3.300000e+05 6.390000e-15
3.360000e+05 4.590000e-15
3.420000e+05 1.940000e-15
3.540000e+05 4.600000e-16
3.600000e+05 4.300000e-16
3.660000e+05 1.500000e-16
