7.000000e+03 1.283772e+10
2.100000e+04 6.434805e+08
2.800000e+04 3.097979e+08
3.500000e+04 7.114230e+07
4.900000e+04 3.690169e+04
5.600000e+04 5.198289e+03
6.300000e+04 5.268073e+02
7.700000e+04 2.023718e+01
8.400000e+04 7.843115e+00
9.100000e+04 1.630980e+00
1.050000e+05 1.640012e-01
1.120000e+05 7.886979e-02
1.190000e+05 1.897197e-02
1.330000e+05 2.724240e-03
1.400000e+05 1.488995e-03
1.470000e+05 4.203176e-04
1.610000e+05 6.877239e-05
1.680000e+05 4.252607e-05
1.750000e+05 1.179193e-05
1.890000e+05 2.390426e-06
1.960000e+05 1.474578e-06
2.030000e+05 4.402770e-07
2.170000e+05 9.410255e-08
2.240000e+05 6.416351e-08
2.310000e+05 1.984445e-08
2.450000e+05 5.553910e-09
2.520000e+05 3.487783e-09
2.590000e+05 1.054929e-09
2.730000e+05 3.758953e-10
2.800000e+05 2.018322e-10
2.870000e+05 7.012064e-11
3.010000e+05 1.933139e-11
3.080000e+05 1.290049e-11
3.150000e+05 3.952090e-12
3.290000e+05 1.252180e-12
3.360000e+05 1.026460e-12
3.430000e+05 4.604900e-13
3.570000e+05 1.309200e-13
3.640000e+05 1.036900e-13
3.710000e+05 4.156000e-14
