6.000000e+03 1.168651e+10
1.800000e+04 6.885507e+08
2.400000e+04 3.589697e+08
3.000000e+04 9.578755e+07
4.200000e+04 4.799926e+05
4.800000e+04 4.615908e+04
5.400000e+04 4.140293e+03
6.600000e+04 1.663103e+02
7.200000e+04 5.833464e+01
7.800000e+04 1.058365e+01
9.000000e+04 1.213184e+00
9.600000e+04 6.312882e-01
1.020000e+05 1.628077e-01
1.140000e+05 2.409979e-02
1.200000e+05 1.421711e-02
1.260000e+05 4.217762e-03
1.380000e+05 7.393673e-04
1.440000e+05 5.245534e-04
1.500000e+05 1.610772e-04
1.620000e+05 3.438379e-05
1.680000e+05 2.093443e-05
1.740000e+05 7.272446e-06
1.860000e+05 1.690242e-06
1.920000e+05 1.126117e-06
1.980000e+05 4.165082e-07
2.100000e+05 9.956240e-08
2.160000e+05 7.485857e-08
2.220000e+05 2.724798e-08
2.340000e+05 8.633457e-09
2.400000e+05 4.874070e-09
2.460000e+05 1.742948e-09
2.580000e+05 6.499229e-10
2.640000e+05 5.366978e-10
2.700000e+05 1.847158e-10
2.820000e+05 5.266892e-11
2.880000e+05 4.263158e-11
2.940000e+05 2.510129e-11
3.060000e+05 6.497390e-12
3.120000e+05 5.030260e-12
3.180000e+05 1.805170e-12
3.300000e+05 7.641700e-13
3.360000e+05 5.484700e-13
3.420000e+05 2.314300e-13
3.540000e+05 5.493000e-14
3.600000e+05 5.157000e-14
3.660000e+05 1.807000e-14
