9.000000e+03 5.096108e+09
2.700000e+04 3.139191e+08
3.600000e+04 1.427908e+08
4.500000e+04 3.388393e+07
6.300000e+04 4.714472e+06
7.200000e+04 2.853819e+06
8.100000e+04 9.152588e+05
9.900000e+04 2.181602e+05
1.080000e+05 1.564918e+05
1.170000e+05 5.728795e+04
1.350000e+05 1.571041e+04
1.440000e+05 1.225128e+04
1.530000e+05 4.782021e+03
1.710000e+05 1.376348e+03
1.800000e+05 1.017584e+03
1.890000e+05 3.834440e+02
2.070000e+05 1.082211e+02
2.160000e+05 9.351579e+01
2.250000e+05 3.592153e+01
2.430000e+05 1.016550e+01
2.520000e+05 7.893559e+00
2.610000e+05 2.691536e+00
2.790000e+05 8.227642e-01
2.880000e+05 6.601081e-01
2.970000e+05 2.817683e-01
3.150000e+05 9.117827e-02
3.240000e+05 6.571644e-02
3.330000e+05 2.323136e-02
3.510000e+05 7.529411e-03
3.600000e+05 5.947068e-03
3.690000e+05 2.763326e-03
