9.000000e+03 1.511211e+10
2.700000e+04 6.529554e+08
3.600000e+04 2.837583e+08
4.500000e+04 6.579178e+07
6.300000e+04 8.897019e+06
7.200000e+04 5.311711e+06
8.100000e+04 1.677710e+06
9.900000e+04 3.863408e+05
1.080000e+05 2.718672e+05
1.170000e+05 9.764780e+04
1.350000e+05 2.571353e+04
1.440000e+05 1.966163e+04
1.530000e+05 7.521720e+03
1.710000e+05 2.087255e+03
1.800000e+05 1.516818e+03
1.890000e+05 5.623701e+02
2.070000e+05 1.542146e+02
2.160000e+05 1.315506e+02
2.250000e+05 4.995530e+01
2.430000e+05 1.386674e+01
2.520000e+05 1.068602e+01
2.610000e+05 3.618445e+00
2.790000e+05 1.095163e+00
2.880000e+05 8.756315e-01
2.970000e+05 3.729447e-01
3.150000e+05 1.203671e-01
3.240000e+05 8.676441e-02
3.330000e+05 3.071391e-02
3.510000e+05 9.986393e-03
3.600000e+05 7.910580e-03
3.690000e+05 3.688127e-03
