8.000000e+03 1.355638e+10
2.400000e+04 5.870579e+08
3.200000e+04 2.584649e+08
4.000000e+04 4.522393e+06
5.600000e+04 5.775714e+03
6.400000e+04 8.930703e+02
7.200000e+04 9.091614e+01
8.800000e+04 3.970603e+00
9.600000e+04 1.488135e+00
1.040000e+05 2.845955e-01
1.200000e+05 2.464960e-02
1.280000e+05 1.119377e-02
1.360000e+05 2.663587e-03
1.520000e+05 3.356606e-04
1.600000e+05 1.708590e-04
1.680000e+05 4.429426e-05
1.840000e+05 7.145450e-06
1.920000e+05 3.790884e-06
2.000000e+05 1.137061e-06
2.160000e+05 1.970639e-07
2.240000e+05 1.120512e-07
2.320000e+05 3.488722e-08
2.480000e+05 6.268481e-09
2.560000e+05 4.164291e-09
2.640000e+05 1.242203e-09
2.800000e+05 2.514116e-10
2.880000e+05 1.661298e-10
2.960000e+05 5.681389e-11
3.120000e+05 1.280576e-11
3.200000e+05 9.440950e-12
3.280000e+05 2.819350e-12
3.440000e+05 7.344700e-13
3.520000e+05 4.806300e-13
3.600000e+05 1.863900e-13
