9.000000e+03 1.395400e+10
2.700000e+04 5.263154e+08
3.600000e+04 1.872418e+08
4.500000e+04 4.511728e+05
6.300000e+04 1.196306e+03
7.200000e+04 1.898308e+02
8.100000e+04 1.985758e+01
9.900000e+04 8.642795e-01
1.080000e+05 2.913492e-01
1.170000e+05 5.336038e-02
1.350000e+05 4.255060e-03
1.440000e+05 1.905256e-03
1.530000e+05 4.419501e-04
1.710000e+05 4.916356e-05
1.800000e+05 2.346423e-05
1.890000e+05 5.836650e-06
2.070000e+05 7.619140e-07
2.160000e+05 4.596104e-07
2.250000e+05 1.252331e-07
2.430000e+05 1.861072e-08
2.520000e+05 1.067969e-08
2.610000e+05 2.721538e-09
2.790000e+05 4.801732e-10
2.880000e+05 2.970094e-10
2.970000e+05 9.865469e-11
3.150000e+05 1.979982e-11
3.240000e+05 1.137056e-11
3.330000e+05 3.227020e-12
3.510000e+05 6.864000e-13
3.600000e+05 4.434000e-13
3.690000e+05 1.694400e-13
