1.000000e+04 5.379897e+09
3.000000e+04 2.868635e+08
4.000000e+04 1.227070e+08
5.000000e+04 2.751091e+07
7.000000e+04 3.421643e+06
8.000000e+04 1.956778e+06
9.000000e+04 5.930115e+05
1.100000e+05 1.280349e+05
1.200000e+05 8.733297e+04
1.300000e+05 3.031415e+04
1.500000e+05 7.899969e+03
1.600000e+05 5.453400e+03
1.700000e+05 2.051421e+03
1.900000e+05 5.056772e+02
2.000000e+05 3.618938e+02
2.100000e+05 1.337769e+02
2.300000e+05 3.645000e+01
2.400000e+05 2.798678e+01
2.500000e+05 9.776132e+00
2.700000e+05 2.660914e+00
2.800000e+05 1.958977e+00
2.900000e+05 6.915436e-01
3.100000e+05 1.866992e-01
3.200000e+05 1.288341e-01
3.300000e+05 5.233338e-02
3.500000e+05 1.296723e-02
3.600000e+05 1.047883e-02
3.700000e+05 4.170503e-03
