9.000000e+03 4.705570e+09
2.700000e+04 2.530348e+08
3.600000e+04 9.422248e+07
4.500000e+04 2.323619e+05
6.300000e+04 6.339145e+02
7.200000e+04 1.019902e+02
8.100000e+04 1.083312e+01
9.900000e+04 4.880442e-01
1.080000e+05 1.677060e-01
1.170000e+05 3.130544e-02
1.350000e+05 2.599750e-03
1.440000e+05 1.187177e-03
1.530000e+05 2.809749e-04
1.710000e+05 3.241875e-05
1.800000e+05 1.574139e-05
1.890000e+05 3.979637e-06
2.070000e+05 5.346778e-07
2.160000e+05 3.267248e-07
2.250000e+05 9.005179e-08
2.430000e+05 1.364324e-08
2.520000e+05 7.888889e-09
2.610000e+05 2.024383e-09
2.790000e+05 3.607402e-10
2.880000e+05 2.239050e-10
2.970000e+05 7.453589e-11
3.150000e+05 1.499840e-11
3.240000e+05 8.612200e-12
3.330000e+05 2.440850e-12
3.510000e+05 5.175200e-13
3.600000e+05 3.333400e-13
3.690000e+05 1.269600e-13
