1.000000e+04 1.529011e+10
3.000000e+04 5.854264e+08
4.000000e+04 2.410071e+08
5.000000e+04 5.294148e+07
7.000000e+04 6.388567e+06
8.000000e+04 3.593720e+06
9.000000e+04 1.068836e+06
1.100000e+05 2.214993e+05
1.200000e+05 1.478056e+05
1.300000e+05 5.017451e+04
1.500000e+05 1.251474e+04
1.600000e+05 8.456130e+03
1.700000e+05 3.117492e+03
1.900000e+05 7.401767e+02
2.000000e+05 5.210420e+02
2.100000e+05 1.897731e+02
2.300000e+05 5.040377e+01
2.400000e+05 3.830092e+01
2.500000e+05 1.324919e+01
2.700000e+05 3.558435e+00
2.800000e+05 2.605536e+00
2.900000e+05 9.162011e-01
3.100000e+05 2.465829e-01
3.200000e+05 1.700674e-01
3.300000e+05 6.915225e-02
3.500000e+05 1.719411e-02
3.600000e+05 1.393856e-02
3.700000e+05 5.566533e-03
