5.000000e+03 2.435542e+09
1.500000e+04 3.315551e+08
2.000000e+04 1.616117e+08
2.500000e+04 3.258130e+05
3.500000e+04 2.033869e+03
4.000000e+04 4.294376e+02
4.500000e+04 5.733794e+01
5.500000e+04 3.608762e+00
6.000000e+04 1.542468e+00
6.500000e+04 3.459335e-01
7.500000e+04 4.611975e-02
8.000000e+04 2.516561e-02
8.500000e+04 7.227163e-03
9.500000e+04 1.232195e-03
1.000000e+05 7.280571e-04
1.050000e+05 2.191383e-04
1.150000e+05 5.135040e-05
1.200000e+05 3.535665e-05
1.250000e+05 1.192299e-05
1.350000e+05 2.786554e-06
1.400000e+05 2.103864e-06
1.450000e+05 6.071061e-07
1.550000e+05 1.766394e-07
1.600000e+05 1.355168e-07
1.650000e+05 5.249644e-08
1.750000e+05 1.557417e-08
1.800000e+05 1.050572e-08
1.850000e+05 4.694792e-09
1.950000e+05 1.420625e-09
2.000000e+05 9.622488e-10
2.050000e+05 4.178875e-10
2.150000e+05 1.304073e-10
2.200000e+05 9.436403e-11
2.250000e+05 4.687443e-11
2.350000e+05 1.168046e-11
2.400000e+05 1.745125e-11
2.450000e+05 6.250920e-12
2.550000e+05 1.887560e-12
2.600000e+05 1.945240e-12
2.650000e+05 9.784300e-13
2.750000e+05 2.855500e-13
2.800000e+05 2.388000e-13
2.850000e+05 8.587000e-14
2.950000e+05 2.557000e-14
3.000000e+05 2.011000e-14
3.050000e+05 1.378000e-14
3.150000e+05 2.820000e-15
3.200000e+05 3.660000e-15
3.250000e+05 1.810000e-15
3.350000e+05 7.500000e-16
3.400000e+05 5.400000e-16
3.450000e+05 2.700000e-16
3.550000e+05 1.400000e-16
3.600000e+05 5.000000e-17
3.650000e+05 1.000000e-17
