# Energy [eV] 	 Flux [ph/s/0.1%bw/100mA]
1.000000000000000000e+03 6.744852730315083008e+12
1.100000000000000000e+03 6.753592318354323242e+12
1.200000000000000000e+03 6.718698877930832031e+12
1.300000000000000000e+03 6.679287935476192383e+12
1.400000000000000000e+03 6.639876993021552734e+12
1.500000000000000000e+03 6.577157837797544922e+12
1.600000000000000000e+03 6.510667579079677734e+12
1.700000000000000000e+03 6.444177320361811523e+12
1.800000000000000000e+03 6.364888981136215820e+12
1.900000000000000000e+03 6.282701288122297852e+12
2.000000000000000000e+03 6.200513595108378906e+12
2.100000000000000000e+03 6.111487756936441406e+12
2.200000000000000000e+03 6.020417701729330078e+12
2.300000000000000000e+03 5.929347646522218750e+12
2.400000000000000000e+03 5.834991290197022461e+12
2.500000000000000000e+03 5.739384749141064453e+12
2.600000000000000000e+03 5.643778208085105469e+12
2.700000000000000000e+03 5.547048406585351562e+12
2.800000000000000000e+03 5.449787517275724609e+12
2.900000000000000000e+03 5.352526627966097656e+12
3.000000000000000000e+03 5.255456830071350586e+12
3.100000000000000000e+03 5.158497568670457031e+12
3.200000000000000000e+03 5.061538307269562500e+12
3.300000000000000000e+03 4.965545239611559570e+12
3.400000000000000000e+03 4.870228906115031250e+12
3.500000000000000000e+03 4.774912572618503906e+12
3.600000000000000000e+03 4.680986271999713867e+12
3.700000000000000000e+03 4.588231495269512695e+12
3.800000000000000000e+03 4.495476718539311523e+12
3.900000000000000000e+03 4.404303941325173828e+12
4.000000000000000000e+03 4.314730913970514648e+12
4.100000000000000000e+03 4.225157886615855957e+12
4.200000000000000000e+03 4.137205392883455078e+12
4.300000000000000000e+03 4.051219445363867676e+12
4.400000000000000000e+03 3.965233497844280273e+12
4.500000000000000000e+03 3.880806045156859863e+12
4.600000000000000000e+03 3.798655650517791504e+12
4.700000000000000000e+03 3.716505255878722656e+12
4.800000000000000000e+03 3.635787041001125488e+12
4.900000000000000000e+03 3.557605138938337402e+12
5.000000000000000000e+03 3.479423236875548828e+12
5.100000000000000000e+03 3.402508151676189453e+12
5.200000000000000000e+03 3.328342196729106445e+12
5.300000000000000000e+03 3.254176241782022949e+12
5.400000000000000000e+03 3.181090341684115234e+12
5.500000000000000000e+03 3.110924506916670898e+12
5.600000000000000000e+03 3.040758672149226562e+12
5.700000000000000000e+03 2.971477101497195801e+12
5.800000000000000000e+03 2.905248949318250488e+12
5.900000000000000000e+03 2.839020797139304688e+12
6.000000000000000000e+03 2.773480704062839355e+12
6.100000000000000000e+03 2.711093805088273926e+12
6.200000000000000000e+03 2.648706906113708008e+12
6.300000000000000000e+03 2.586817370915398926e+12
6.400000000000000000e+03 2.528150954458800293e+12
6.500000000000000000e+03 2.469484538002201660e+12
6.600000000000000000e+03 2.411134271927055664e+12
6.700000000000000000e+03 2.356050637077455566e+12
6.800000000000000000e+03 2.300967002227855957e+12
6.900000000000000000e+03 2.246030339376926270e+12
7.000000000000000000e+03 2.194380581591436523e+12
7.100000000000000000e+03 2.142730823805946777e+12
7.200000000000000000e+03 2.091081066020456787e+12
7.300000000000000000e+03 2.042700831291430664e+12
7.400000000000000000e+03 1.994329252265601562e+12
7.500000000000000000e+03 1.945957673239772461e+12
7.600000000000000000e+03 1.900555246954858887e+12
7.700000000000000000e+03 1.855302792548419922e+12
7.800000000000000000e+03 1.810050338141980957e+12
7.900000000000000000e+03 1.767480442675722900e+12
8.000000000000000000e+03 1.725187310088357178e+12
8.100000000000000000e+03 1.682894177500991211e+12
8.200000000000000000e+03 1.643012644378865479e+12
8.300000000000000000e+03 1.603520321263756592e+12
8.400000000000000000e+03 1.564027998148647949e+12
8.500000000000000000e+03 1.526692999994991943e+12
8.600000000000000000e+03 1.489845768346110840e+12
8.700000000000000000e+03 1.452998536697229492e+12
8.800000000000000000e+03 1.418071557295619141e+12
8.900000000000000000e+03 1.383717659124549805e+12
9.000000000000000000e+03 1.349363760953480469e+12
9.100000000000000000e+03 1.316710301560085449e+12
9.200000000000000000e+03 1.284702763078794922e+12
9.300000000000000000e+03 1.252695224597504150e+12
9.400000000000000000e+03 1.222185331106923340e+12
9.500000000000000000e+03 1.192382570193151123e+12
9.600000000000000000e+03 1.162579809279378662e+12
9.700000000000000000e+03 1.134088429831116211e+12
9.800000000000000000e+03 1.106354643492782959e+12
9.900000000000000000e+03 1.078620857154449463e+12
1.000000000000000000e+04 1.052028085884619873e+12
1.010000000000000000e+04 1.026233513171561646e+12
1.020000000000000000e+04 1.000438940458503296e+12
1.030000000000000000e+04 9.756301635681240234e+11
1.040000000000000000e+04 9.516512199602852783e+11
1.050000000000000000e+04 9.276722763524466553e+11
1.060000000000000000e+04 9.045382195333679199e+11
1.070000000000000000e+04 8.822575101057348633e+11
1.080000000000000000e+04 8.599768006781018066e+11
1.090000000000000000e+04 8.384135245221795654e+11
1.100000000000000000e+04 8.177198180934553223e+11
1.110000000000000000e+04 7.970261116647312012e+11
1.120000000000000000e+04 7.769349592144555664e+11
1.130000000000000000e+04 7.577230874362796631e+11
1.140000000000000000e+04 7.385112156581037598e+11
1.150000000000000000e+04 7.197987146947982178e+11
1.160000000000000000e+04 7.019694292152896729e+11
1.170000000000000000e+04 6.841401437357810059e+11
1.180000000000000000e+04 6.667178793305241699e+11
1.190000000000000000e+04 6.501776754651397705e+11
1.200000000000000000e+04 6.336374715997554932e+11
1.210000000000000000e+04 6.174219359765705566e+11
1.220000000000000000e+04 6.020828547072239990e+11
1.230000000000000000e+04 5.867437734378774414e+11
1.240000000000000000e+04 5.716561996797996826e+11
1.250000000000000000e+04 5.574356106091199951e+11
1.260000000000000000e+04 5.432150215384403076e+11
1.270000000000000000e+04 5.291812041665142212e+11
1.280000000000000000e+04 5.160015782929542847e+11
1.290000000000000000e+04 5.028219524193944092e+11
1.300000000000000000e+04 4.897720607651840820e+11
1.310000000000000000e+04 4.775607380043753662e+11
1.320000000000000000e+04 4.653494152435667114e+11
1.330000000000000000e+04 4.532178027906641846e+11
1.340000000000000000e+04 4.419067545713750610e+11
1.350000000000000000e+04 4.305957063520859375e+11
1.360000000000000000e+04 4.193207165826420288e+11
1.370000000000000000e+04 4.088463107412548828e+11
1.380000000000000000e+04 3.983719048998677368e+11
1.390000000000000000e+04 3.878974990584805908e+11
1.400000000000000000e+04 3.781984478736833496e+11
1.410000000000000000e+04 3.685012168322676392e+11
1.420000000000000000e+04 3.588039857908519897e+11
1.430000000000000000e+04 3.497939132371357422e+11
1.440000000000000000e+04 3.408183228382410889e+11
1.450000000000000000e+04 3.318427324393464966e+11
1.460000000000000000e+04 3.234745195474862061e+11
1.470000000000000000e+04 3.151687500382427368e+11
1.480000000000000000e+04 3.068629805289992676e+11
1.490000000000000000e+04 2.990925288608253784e+11
1.500000000000000000e+04 2.914082571904827271e+11
1.510000000000000000e+04 2.837239855201400757e+11
1.520000000000000000e+04 2.765100484132822876e+11
1.530000000000000000e+04 2.694022420233374939e+11
1.540000000000000000e+04 2.622944356333926697e+11
1.550000000000000000e+04 2.555984540266808777e+11
1.560000000000000000e+04 2.490251705514797058e+11
1.570000000000000000e+04 2.424518870762785645e+11
1.580000000000000000e+04 2.362378332356348267e+11
1.590000000000000000e+04 2.301600307104833069e+11
1.600000000000000000e+04 2.240822281853317871e+11
1.610000000000000000e+04 2.183164557646633301e+11
1.620000000000000000e+04 2.126978107145704041e+11
1.630000000000000000e+04 2.070791656644774780e+11
1.640000000000000000e+04 2.017302662731282349e+11
1.650000000000000000e+04 1.965370003389006348e+11
1.660000000000000000e+04 1.913437344046730347e+11
1.670000000000000000e+04 1.863824011591010742e+11
1.680000000000000000e+04 1.815831169175085144e+11
1.690000000000000000e+04 1.767838326759159546e+11
1.700000000000000000e+04 1.721827313916448059e+11
1.710000000000000000e+04 1.677482583547348633e+11
1.720000000000000000e+04 1.633137853178249512e+11
1.730000000000000000e+04 1.590474309524354858e+11
1.740000000000000000e+04 1.549506764922439880e+11
1.750000000000000000e+04 1.508539220320524902e+11
1.760000000000000000e+04 1.468985623508864441e+11
1.770000000000000000e+04 1.431143751018147888e+11
1.780000000000000000e+04 1.393301878527431335e+11
1.790000000000000000e+04 1.356636935304594421e+11
1.800000000000000000e+04 1.321687313886875610e+11
1.810000000000000000e+04 1.286737692469156799e+11
1.820000000000000000e+04 1.252755295394578857e+11
1.830000000000000000e+04 1.220481378415067444e+11
1.840000000000000000e+04 1.188207461435556030e+11
1.850000000000000000e+04 1.156715711812059631e+11
1.860000000000000000e+04 1.126916671213341675e+11
1.870000000000000000e+04 1.097117630614623718e+11
1.880000000000000000e+04 1.067937910432048492e+11
1.890000000000000000e+04 1.040427546251622620e+11
1.900000000000000000e+04 1.012917182071196747e+11
1.910000000000000000e+04 9.858832795524340820e+10
1.920000000000000000e+04 9.604890085749302673e+10
1.930000000000000000e+04 9.350947375974264526e+10
1.940000000000000000e+04 9.100520310667269897e+10
1.950000000000000000e+04 8.866139388495408630e+10
1.960000000000000000e+04 8.631758466323548889e+10
1.970000000000000000e+04 8.399805362119071960e+10
1.980000000000000000e+04 8.183504839468984985e+10
1.990000000000000000e+04 7.967204316818899536e+10
2.000000000000000000e+04 7.752388137738272095e+10
2.010000000000000000e+04 7.552796045821206665e+10
2.020000000000000000e+04 7.353203953904139709e+10
2.030000000000000000e+04 7.154281830884248352e+10
2.040000000000000000e+04 6.970127877483082581e+10
2.050000000000000000e+04 6.785973924081916046e+10
2.060000000000000000e+04 6.601819970680749512e+10
2.070000000000000000e+04 6.431899095283618164e+10
2.080000000000000000e+04 6.262007371884611511e+10
2.090000000000000000e+04 6.092115648485604858e+10
2.100000000000000000e+04 5.934772310864665222e+10
2.110000000000000000e+04 5.778054538299049377e+10
2.120000000000000000e+04 5.621336765733433533e+10
2.130000000000000000e+04 5.475655353397715759e+10
2.140000000000000000e+04 5.331104570768860626e+10
2.150000000000000000e+04 5.186553788140006256e+10
2.160000000000000000e+04 5.051683834318881226e+10
2.170000000000000000e+04 4.918368495095431519e+10
2.180000000000000000e+04 4.785053155871982574e+10
2.190000000000000000e+04 4.660204870532159424e+10
2.200000000000000000e+04 4.537263381926733398e+10
2.210000000000000000e+04 4.414321893321307373e+10
2.220000000000000000e+04 4.298761958296780396e+10
2.230000000000000000e+04 4.185397562138719940e+10
2.240000000000000000e+04 4.072033165980658722e+10
2.250000000000000000e+04 3.965080822587074280e+10
2.260000000000000000e+04 3.860556857092421722e+10
2.270000000000000000e+04 3.756032891597769165e+10
2.280000000000000000e+04 3.657056291348425293e+10
2.290000000000000000e+04 3.560691787816752625e+10
2.300000000000000000e+04 3.464327284285079956e+10
2.310000000000000000e+04 3.372740058855830002e+10
2.320000000000000000e+04 3.283905610905598450e+10
2.330000000000000000e+04 3.195071162955367279e+10
2.340000000000000000e+04 3.110329249247832108e+10
2.350000000000000000e+04 3.028443230113001633e+10
2.360000000000000000e+04 2.946557210978171158e+10
2.370000000000000000e+04 2.868155873771513748e+10
2.380000000000000000e+04 2.792680870315528107e+10
2.390000000000000000e+04 2.717205866859542084e+10
2.400000000000000000e+04 2.644676929829748917e+10
2.410000000000000000e+04 2.575116475366831970e+10
2.420000000000000000e+04 2.505556020903915024e+10
2.430000000000000000e+04 2.438465282482516861e+10
2.440000000000000000e+04 2.374360786614759064e+10
2.450000000000000000e+04 2.310256290747001266e+10
2.460000000000000000e+04 2.248201116301431656e+10
2.470000000000000000e+04 2.189129050876424789e+10
2.480000000000000000e+04 2.130056985451417923e+10
2.490000000000000000e+04 2.072664064131550217e+10
2.500000000000000000e+04 2.018233313379852676e+10
2.510000000000000000e+04 1.963802562628155136e+10
2.520000000000000000e+04 1.910725817058603668e+10
2.530000000000000000e+04 1.860575274000964355e+10
2.540000000000000000e+04 1.810424730943324661e+10
2.550000000000000000e+04 1.761343382540252686e+10
2.560000000000000000e+04 1.715139663604308701e+10
2.570000000000000000e+04 1.668935944668364525e+10
2.580000000000000000e+04 1.623552690296528244e+10
2.590000000000000000e+04 1.580988056800098991e+10
2.600000000000000000e+04 1.538423423303669739e+10
2.610000000000000000e+04 1.496462758794589043e+10
2.620000000000000000e+04 1.457253173056431580e+10
2.630000000000000000e+04 1.418043587318273926e+10
2.640000000000000000e+04 1.379250237679213333e+10
2.650000000000000000e+04 1.343133573458826065e+10
2.660000000000000000e+04 1.307016909238438797e+10
2.670000000000000000e+04 1.271154375199237251e+10
2.680000000000000000e+04 1.237888749629738235e+10
2.690000000000000000e+04 1.204623124060239410e+10
2.700000000000000000e+04 1.171472322796333694e+10
2.710000000000000000e+04 1.140834556377611351e+10
2.720000000000000000e+04 1.110196789958889008e+10
2.730000000000000000e+04 1.079559023540166664e+10
2.740000000000000000e+04 1.051338992547297859e+10
2.750000000000000000e+04 1.023123190303879166e+10
2.760000000000000000e+04 9.949073880604604721e+09
2.770000000000000000e+04 9.688182937447715759e+09
2.780000000000000000e+04 9.428345222647132874e+09
2.790000000000000000e+04 9.168507507846549988e+09
2.800000000000000000e+04 8.927332965812038422e+09
2.810000000000000000e+04 8.688063631748432159e+09
2.820000000000000000e+04 8.448794297684826851e+09
2.830000000000000000e+04 8.225860792819130898e+09
2.840000000000000000e+04 8.005544053798410416e+09
2.850000000000000000e+04 7.785227314777689934e+09
2.860000000000000000e+04 7.579168539496738434e+09
2.870000000000000000e+04 7.376314309189865112e+09
2.880000000000000000e+04 7.173460078882991791e+09
2.890000000000000000e+04 6.983010838124773026e+09
2.900000000000000000e+04 6.796245065942681313e+09
2.910000000000000000e+04 6.609479293760589600e+09
2.920000000000000000e+04 6.433468145858160973e+09
2.930000000000000000e+04 6.261523908553940773e+09
2.940000000000000000e+04 6.089579671249720573e+09
2.950000000000000000e+04 5.926922078738034248e+09
2.960000000000000000e+04 5.768631318877639771e+09
2.970000000000000000e+04 5.610340559017244339e+09
2.980000000000000000e+04 5.460032533084211349e+09
2.990000000000000000e+04 5.314318434534936905e+09
3.000000000000000000e+04 5.168604335985662460e+09
3.010000000000000000e+04 5.029716540312787056e+09
3.020000000000000000e+04 4.895586484928362846e+09
3.030000000000000000e+04 4.761456429543938637e+09
3.040000000000000000e+04 4.633128711863615990e+09
3.050000000000000000e+04 4.509667777962745667e+09
3.060000000000000000e+04 4.386206844061875343e+09
3.070000000000000000e+04 4.267643150405773640e+09
3.080000000000000000e+04 4.154008080805016041e+09
3.090000000000000000e+04 4.040373011204258442e+09
3.100000000000000000e+04 3.930836668970309258e+09
3.110000000000000000e+04 3.826250321705659866e+09
3.120000000000000000e+04 3.721663974441010475e+09
3.130000000000000000e+04 3.620473325731533527e+09
3.140000000000000000e+04 3.524219551647583961e+09
3.150000000000000000e+04 3.427965777563634396e+09
3.160000000000000000e+04 3.334490123381793499e+09
3.170000000000000000e+04 3.245909018050907135e+09
3.180000000000000000e+04 3.157327912720020294e+09
3.190000000000000000e+04 3.070983747486367702e+09
3.200000000000000000e+04 2.989467280741485596e+09
3.210000000000000000e+04 2.907950813996603489e+09
3.220000000000000000e+04 2.828198339416468620e+09
3.230000000000000000e+04 2.753186316527172565e+09
3.240000000000000000e+04 2.678174293637876511e+09
3.250000000000000000e+04 2.604514182189360142e+09
3.260000000000000000e+04 2.535490507128835201e+09
3.270000000000000000e+04 2.466466832068309784e+09
3.280000000000000000e+04 2.398437226312952995e+09
3.290000000000000000e+04 2.334926480250231743e+09
3.300000000000000000e+04 2.271415734187510014e+09
3.310000000000000000e+04 2.208589476842104435e+09
3.320000000000000000e+04 2.150153716635291576e+09
3.330000000000000000e+04 2.091717956428478718e+09
3.340000000000000000e+04 2.033699996913171530e+09
3.350000000000000000e+04 1.979935845842767954e+09
3.360000000000000000e+04 1.926171694772364616e+09
3.370000000000000000e+04 1.872596717122335911e+09
3.380000000000000000e+04 1.823132646073184013e+09
3.390000000000000000e+04 1.773668575024032116e+09
3.400000000000000000e+04 1.724204503974880219e+09
3.410000000000000000e+04 1.678692614695685148e+09
3.420000000000000000e+04 1.633186456474264860e+09
3.430000000000000000e+04 1.587680298252844572e+09
3.440000000000000000e+04 1.545646138266967297e+09
3.450000000000000000e+04 1.503782785800115824e+09
3.460000000000000000e+04 1.461919433333264351e+09
3.470000000000000000e+04 1.423099157513571978e+09
3.480000000000000000e+04 1.384588429510632277e+09
3.490000000000000000e+04 1.346077701507692814e+09
3.500000000000000000e+04 1.310227316474431515e+09
3.510000000000000000e+04 1.274802013538009405e+09
3.520000000000000000e+04 1.239376710601587296e+09
3.530000000000000000e+04 1.206270594124321699e+09
3.540000000000000000e+04 1.173684689488507032e+09
3.550000000000000000e+04 1.141098784852692127e+09
3.560000000000000000e+04 1.110528311824467421e+09
3.570000000000000000e+04 1.080555280004116774e+09
3.580000000000000000e+04 1.050582248183766246e+09
3.590000000000000000e+04 1.022354524840757251e+09
3.600000000000000000e+04 9.947858104903566837e+08
3.610000000000000000e+04 9.672170961399561167e+08
3.620000000000000000e+04 9.411537887812665701e+08
3.630000000000000000e+04 9.157973954050691128e+08
3.640000000000000000e+04 8.904410020288716555e+08
3.650000000000000000e+04 8.663772437606667280e+08
3.660000000000000000e+04 8.430564192889399529e+08
3.670000000000000000e+04 8.197355948172130585e+08
3.680000000000000000e+04 7.975189797381817102e+08
3.690000000000000000e+04 7.760710203129292727e+08
3.700000000000000000e+04 7.546230608876768351e+08
3.710000000000000000e+04 7.341127112227395773e+08
3.720000000000000000e+04 7.143878493718614578e+08
3.730000000000000000e+04 6.946629875209833384e+08
3.740000000000000000e+04 6.757286895725331306e+08
3.750000000000000000e+04 6.575890739963324070e+08
3.760000000000000000e+04 6.394494584201318026e+08
3.770000000000000000e+04 6.219708623217210770e+08
3.780000000000000000e+04 6.052896138588546515e+08
3.790000000000000000e+04 5.886083653959883451e+08
3.800000000000000000e+04 5.724742442727539539e+08
3.810000000000000000e+04 5.571345893590649366e+08
3.820000000000000000e+04 5.417949344453758001e+08
3.830000000000000000e+04 5.269024991769244075e+08
3.840000000000000000e+04 5.127969689762079716e+08
3.850000000000000000e+04 4.986914387754914761e+08
3.860000000000000000e+04 4.849457029893801808e+08
3.870000000000000000e+04 4.719753965542861223e+08
3.880000000000000000e+04 4.590050901191921234e+08
3.890000000000000000e+04 4.463182830619076490e+08
3.900000000000000000e+04 4.343921886145024300e+08
3.910000000000000000e+04 4.224660941670972705e+08
3.920000000000000000e+04 4.107571171535267830e+08
3.930000000000000000e+04 3.997914855750460029e+08
3.940000000000000000e+04 3.888258539965652227e+08
3.950000000000000000e+04 3.780197769099349976e+08
3.960000000000000000e+04 3.679375457979219556e+08
3.970000000000000000e+04 3.578553146859089136e+08
3.980000000000000000e+04 3.478829108457816243e+08
3.990000000000000000e+04 3.386131738848620057e+08
4.000000000000000000e+04 3.293434369239423871e+08
4.010000000000000000e+04 3.201407525303993225e+08
4.020000000000000000e+04 3.116182692512946129e+08
4.030000000000000000e+04 3.030957859721898437e+08
4.040000000000000000e+04 2.946037400928475261e+08
4.050000000000000000e+04 2.867684709150831103e+08
4.060000000000000000e+04 2.789332017373186946e+08
4.070000000000000000e+04 2.710979325595542789e+08
4.080000000000000000e+04 2.638939616028849185e+08
4.090000000000000000e+04 2.566907174750229716e+08
4.100000000000000000e+04 2.494874733471609950e+08
4.110000000000000000e+04 2.428383545030945539e+08
4.120000000000000000e+04 2.362163145423796475e+08
4.130000000000000000e+04 2.295942745816647410e+08
4.140000000000000000e+04 2.234575139371314645e+08
4.150000000000000000e+04 2.173699413983759880e+08
4.160000000000000000e+04 2.112823688596205115e+08
4.170000000000000000e+04 2.056187061790471077e+08
4.180000000000000000e+04 2.000226079456549585e+08
4.190000000000000000e+04 1.944265097122628093e+08
4.200000000000000000e+04 1.891996744313218594e+08
4.210000000000000000e+04 1.840555028647080064e+08
4.220000000000000000e+04 1.789113312980941534e+08
4.230000000000000000e+04 1.740878150356776416e+08
4.240000000000000000e+04 1.693591911680669785e+08
4.250000000000000000e+04 1.646305673004563451e+08
4.260000000000000000e+04 1.601794166800029874e+08
4.270000000000000000e+04 1.558328800043622553e+08
4.280000000000000000e+04 1.514863433287214935e+08
4.290000000000000000e+04 1.473789657534819841e+08
4.300000000000000000e+04 1.433837394463559985e+08
4.310000000000000000e+04 1.393885131392300129e+08
4.320000000000000000e+04 1.355984982490574718e+08
4.330000000000000000e+04 1.319262757367841899e+08
4.340000000000000000e+04 1.282540532245109230e+08
4.350000000000000000e+04 1.247570069728452265e+08
4.360000000000000000e+04 1.213817532739556283e+08
4.370000000000000000e+04 1.180064995750660300e+08
4.380000000000000000e+04 1.147798922276901156e+08
4.390000000000000000e+04 1.116776646685287952e+08
4.400000000000000000e+04 1.085754371093674749e+08
4.410000000000000000e+04 1.055984614466228038e+08
4.420000000000000000e+04 1.027472401949222982e+08
4.430000000000000000e+04 9.989601894322180748e+07
4.440000000000000000e+04 9.714945899830721319e+07
4.450000000000000000e+04 9.452899391623862088e+07
4.460000000000000000e+04 9.190852883417004347e+07
4.470000000000000000e+04 8.937463942052493989e+07
4.480000000000000000e+04 8.696630877153189480e+07
4.490000000000000000e+04 8.455797812253886461e+07
4.500000000000000000e+04 8.222037305732747912e+07
4.510000000000000000e+04 8.000705278614178300e+07
4.520000000000000000e+04 7.779373251495610178e+07
4.530000000000000000e+04 7.563728105512039363e+07
4.540000000000000000e+04 7.360322477230289578e+07
4.550000000000000000e+04 7.156916848948538303e+07
4.560000000000000000e+04 6.957989977246297896e+07
4.570000000000000000e+04 6.771062845839056373e+07
4.580000000000000000e+04 6.584135714431814849e+07
4.590000000000000000e+04 6.400637187976151705e+07
4.600000000000000000e+04 6.228857215880156308e+07
4.610000000000000000e+04 6.057077243784160167e+07
4.620000000000000000e+04 5.887816119857346267e+07
4.630000000000000000e+04 5.729959205210173130e+07
4.640000000000000000e+04 5.572102290563000739e+07
4.650000000000000000e+04 5.415979073992037773e+07
4.660000000000000000e+04 5.270919718056398630e+07
4.670000000000000000e+04 5.125860362120758742e+07
4.680000000000000000e+04 4.981860008308160305e+07
4.690000000000000000e+04 4.848563421705431491e+07
4.700000000000000000e+04 4.715266835102702677e+07
4.710000000000000000e+04 4.582452317856047302e+07
4.720000000000000000e+04 4.459967127698037028e+07
4.730000000000000000e+04 4.337481937540026754e+07
4.740000000000000000e+04 4.214996747382016480e+07
4.750000000000000000e+04 4.102439835910724849e+07
4.760000000000000000e+04 3.989891390545997024e+07
4.770000000000000000e+04 3.877342945181269944e+07
4.780000000000000000e+04 3.773504363673514128e+07
4.790000000000000000e+04 3.670088559525609016e+07
4.800000000000000000e+04 3.566672755377703905e+07
4.810000000000000000e+04 3.470880410611943901e+07
4.820000000000000000e+04 3.375858027975077182e+07
4.830000000000000000e+04 3.280835645338211209e+07
4.840000000000000000e+04 3.192468978060466796e+07
4.850000000000000000e+04 3.105160460180790350e+07
4.860000000000000000e+04 3.017851942301113531e+07
4.870000000000000000e+04 2.936330247553351149e+07
4.880000000000000000e+04 2.856101416983328015e+07
4.890000000000000000e+04 2.775872586413305253e+07
4.900000000000000000e+04 2.700680820154732093e+07
4.910000000000000000e+04 2.626977166069824249e+07
4.920000000000000000e+04 2.553273511984916776e+07
4.930000000000000000e+04 2.483919436045241728e+07
4.940000000000000000e+04 2.416202796648845449e+07
4.950000000000000000e+04 2.348486157252449170e+07
4.960000000000000000e+04 2.284516586580037326e+07
4.970000000000000000e+04 2.222301757923037931e+07
4.980000000000000000e+04 2.160086929266038537e+07
4.990000000000000000e+04 2.101085686862261593e+07
5.000000000000000000e+04 2.043926687558055669e+07
5.010000000000000000e+04 1.986767688253849745e+07
5.020000000000000000e+04 1.932350606538052112e+07
5.030000000000000000e+04 1.879837515658931434e+07
5.040000000000000000e+04 1.827324424779810384e+07
5.050000000000000000e+04 1.777136890606086329e+07
5.060000000000000000e+04 1.728892928565777466e+07
5.070000000000000000e+04 1.680648966525468603e+07
5.080000000000000000e+04 1.634363665454355814e+07
5.090000000000000000e+04 1.590042540861891024e+07
5.100000000000000000e+04 1.545721416269426420e+07
5.110000000000000000e+04 1.503036240653073974e+07
5.120000000000000000e+04 1.462319671197287366e+07
5.130000000000000000e+04 1.421603101741500571e+07
5.140000000000000000e+04 1.382239217438094318e+07
5.150000000000000000e+04 1.344834683907482401e+07
5.160000000000000000e+04 1.307430150376870483e+07
5.170000000000000000e+04 1.271130219793700799e+07
5.180000000000000000e+04 1.236768887559716217e+07
5.190000000000000000e+04 1.202407555325731821e+07
5.200000000000000000e+04 1.168934086749210767e+07
5.210000000000000000e+04 1.137368884862193279e+07
5.220000000000000000e+04 1.105803682975175790e+07
5.230000000000000000e+04 1.074937504026061855e+07
5.240000000000000000e+04 1.045941370461169258e+07
5.250000000000000000e+04 1.016945236896276660e+07
5.260000000000000000e+04 9.884840917705552652e+06
5.270000000000000000e+04 9.618483644653799012e+06
5.280000000000000000e+04 9.352126371602045372e+06
5.290000000000000000e+04 9.089698908843614161e+06
5.300000000000000000e+04 8.845028133740762249e+06
5.310000000000000000e+04 8.600357358637910336e+06
5.320000000000000000e+04 8.358391693841166794e+06
5.330000000000000000e+04 8.133645277804868296e+06
5.340000000000000000e+04 7.908898861768569797e+06
5.350000000000000000e+04 7.685805906371489167e+06
5.360000000000000000e+04 7.479364563393575139e+06
5.370000000000000000e+04 7.272923220415661111e+06
5.380000000000000000e+04 7.067236746666745283e+06
5.390000000000000000e+04 6.877612505054446869e+06
5.400000000000000000e+04 6.687988263442147523e+06
5.410000000000000000e+04 6.498364021829848178e+06
5.420000000000000000e+04 6.324181022878681310e+06
5.430000000000000000e+04 6.150006583117740229e+06
5.440000000000000000e+04 5.975832143356799148e+06
5.450000000000000000e+04 5.815198308771368116e+06
5.460000000000000000e+04 5.655217301094650291e+06
5.470000000000000000e+04 5.495236293417932466e+06
5.480000000000000000e+04 5.347102062119594775e+06
5.490000000000000000e+04 5.200160065870119259e+06
5.500000000000000000e+04 5.053218069620642811e+06
5.510000000000000000e+04 4.916614800916444510e+06
5.520000000000000000e+04 4.781651083018116653e+06
5.530000000000000000e+04 4.646687365119788796e+06
5.540000000000000000e+04 4.520721134603925981e+06
5.550000000000000000e+04 4.396761067736762576e+06
5.560000000000000000e+04 4.272801000869599171e+06
5.570000000000000000e+04 4.156646875954038464e+06
5.580000000000000000e+04 4.042794977329175454e+06
5.590000000000000000e+04 3.928943078704312444e+06
5.600000000000000000e+04 3.821839814082866535e+06
5.610000000000000000e+04 3.717273322727426887e+06
5.620000000000000000e+04 3.612706831371987704e+06
5.630000000000000000e+04 3.513951971692880150e+06
5.640000000000000000e+04 3.417914951110310853e+06
5.650000000000000000e+04 3.321877930527741089e+06
5.660000000000000000e+04 3.230823300280824304e+06
5.670000000000000000e+04 3.142621236934333574e+06
5.680000000000000000e+04 3.054419173587842379e+06
5.690000000000000000e+04 2.970466707505886909e+06
5.700000000000000000e+04 2.889461532885858323e+06
5.710000000000000000e+04 2.808456358265829738e+06
5.720000000000000000e+04 2.731054235803565942e+06
5.730000000000000000e+04 2.656659729392178822e+06
5.740000000000000000e+04 2.582265222980792169e+06
5.750000000000000000e+04 2.510904313554110937e+06
5.760000000000000000e+04 2.442581919523164164e+06
5.770000000000000000e+04 2.374259525492217392e+06
5.780000000000000000e+04 2.308470105728025548e+06
5.790000000000000000e+04 2.245725058294829447e+06
5.800000000000000000e+04 2.182980010861633345e+06
5.810000000000000000e+04 2.122328724403280765e+06
5.820000000000000000e+04 2.064706491695439676e+06
5.830000000000000000e+04 2.007084258987598587e+06
5.840000000000000000e+04 1.951171315285349730e+06
5.850000000000000000e+04 1.898254342012841487e+06
5.860000000000000000e+04 1.845337368740333244e+06
5.870000000000000000e+04 1.793793957104186062e+06
5.880000000000000000e+04 1.745198656784790335e+06
5.890000000000000000e+04 1.696603356465394609e+06
5.900000000000000000e+04 1.649089254760321463e+06
5.910000000000000000e+04 1.604463258065589704e+06
5.920000000000000000e+04 1.559837261370858178e+06
5.930000000000000000e+04 1.516038631462585414e+06
5.940000000000000000e+04 1.475058241430402733e+06
5.950000000000000000e+04 1.434077851398220053e+06
5.960000000000000000e+04 1.393705198040470015e+06
5.970000000000000000e+04 1.356073071855790215e+06
5.980000000000000000e+04 1.318440945671110414e+06
5.990000000000000000e+04 1.281227242888177279e+06
6.000000000000000000e+04 1.246670244410780957e+06
6.010000000000000000e+04 1.212113245933384635e+06
6.020000000000000000e+04 1.177812196545476560e+06
6.030000000000000000e+04 1.146079432719153818e+06
6.040000000000000000e+04 1.114346668892830843e+06
6.050000000000000000e+04 1.082731104823566275e+06
6.060000000000000000e+04 1.053592116742693819e+06
6.070000000000000000e+04 1.024453128661821363e+06
6.080000000000000000e+04 9.953141405809489079e+05
6.090000000000000000e+04 9.685566318473789142e+05
6.100000000000000000e+04 9.417997329286343884e+05
6.110000000000000000e+04 9.150428340098898625e+05
6.120000000000000000e+04 8.903736160479516257e+05
6.130000000000000000e+04 8.658043671280085109e+05
6.140000000000000000e+04 8.412351182080655126e+05
6.150000000000000000e+04 8.184918228937895037e+05
6.160000000000000000e+04 7.959316288200904382e+05
6.170000000000000000e+04 7.733714347463913728e+05
6.180000000000000000e+04 7.524042664104583673e+05
6.190000000000000000e+04 7.316890885429508053e+05
6.200000000000000000e+04 7.109739106754432432e+05
6.210000000000000000e+04 6.916446758891643258e+05
6.220000000000000000e+04 6.726238463935345644e+05
6.230000000000000000e+04 6.536030168979048030e+05
6.240000000000000000e+04 6.357842311474670423e+05
6.250000000000000000e+04 6.183193667813541833e+05
6.260000000000000000e+04 6.008545024152414408e+05
6.270000000000000000e+04 5.844285626811451511e+05
6.280000000000000000e+04 5.683925629687882029e+05
6.290000000000000000e+04 5.523565632564312546e+05
6.300000000000000000e+04 5.372149869270344498e+05
6.310000000000000000e+04 5.224911183641563985e+05
6.320000000000000000e+04 5.077672498012782307e+05
6.330000000000000000e+04 4.938099696246889653e+05
6.340000000000000000e+04 4.802910194956272026e+05
6.350000000000000000e+04 4.667720693665653816e+05
6.360000000000000000e+04 4.539067835564396810e+05
6.370000000000000000e+04 4.414942856620459934e+05
6.380000000000000000e+04 4.290817877676523058e+05
6.390000000000000000e+04 4.172233606674352777e+05
6.400000000000000000e+04 4.058268837696723640e+05
6.410000000000000000e+04 3.944304068719094503e+05
6.420000000000000000e+04 3.835003143108977238e+05
6.430000000000000000e+04 3.730368057418595999e+05
6.440000000000000000e+04 3.625732971728214179e+05
6.450000000000000000e+04 3.524991154975828831e+05
6.460000000000000000e+04 3.428923022314581904e+05
6.470000000000000000e+04 3.332854889653334976e+05
6.480000000000000000e+04 3.240004232403954375e+05
6.490000000000000000e+04 3.151802576223454089e+05
6.500000000000000000e+04 3.063600920042953221e+05
6.510000000000000000e+04 2.978025401560540195e+05
6.520000000000000000e+04 2.897046942283215467e+05
6.530000000000000000e+04 2.816068483005890739e+05
6.540000000000000000e+04 2.737199993697121390e+05
6.550000000000000000e+04 2.662853969590922352e+05
6.560000000000000000e+04 2.588507945484723896e+05
6.570000000000000000e+04 2.515822571090301499e+05
6.580000000000000000e+04 2.447566472876610642e+05
6.590000000000000000e+04 2.379310374662920076e+05
6.600000000000000000e+04 2.312324980032769672e+05
6.610000000000000000e+04 2.249660610570349963e+05
6.620000000000000000e+04 2.186996241107930546e+05
6.630000000000000000e+04 2.125265303402607096e+05
6.640000000000000000e+04 2.067735152596864209e+05
6.650000000000000000e+04 2.010205001791121613e+05
6.660000000000000000e+04 1.953317689526594186e+05
6.670000000000000000e+04 1.900501640882079373e+05
6.680000000000000000e+04 1.847685592237564269e+05
6.690000000000000000e+04 1.795263090471284522e+05
6.700000000000000000e+04 1.746775347645204165e+05
6.710000000000000000e+04 1.698287604819123808e+05
6.720000000000000000e+04 1.649980613338720577e+05
6.730000000000000000e+04 1.605466912367334007e+05
6.740000000000000000e+04 1.560953211395947728e+05
6.750000000000000000e+04 1.516439663671332237e+05
6.760000000000000000e+04 1.475574695346547524e+05
6.770000000000000000e+04 1.434709727021763101e+05
6.780000000000000000e+04 1.393844758696978388e+05
6.790000000000000000e+04 1.356177717090941442e+05
6.800000000000000000e+04 1.318662762770696718e+05
6.810000000000000000e+04 1.281147808450451994e+05
6.820000000000000000e+04 1.246429180563850095e+05
6.830000000000000000e+04 1.211989951565488300e+05
6.840000000000000000e+04 1.177550722567126359e+05
6.850000000000000000e+04 1.145550509709191974e+05
6.860000000000000000e+04 1.113935134464687144e+05
6.870000000000000000e+04 1.082319759220182168e+05
6.880000000000000000e+04 1.052825846860315069e+05
6.890000000000000000e+04 1.023803065923169779e+05
6.900000000000000000e+04 9.947802849860246351e+04
6.910000000000000000e+04 9.675970394363206287e+04
6.920000000000000000e+04 9.409544957127679663e+04
6.930000000000000000e+04 9.143119519892151584e+04
6.940000000000000000e+04 8.892589549258421175e+04
6.950000000000000000e+04 8.648016674591007177e+04
6.960000000000000000e+04 8.403443799923594634e+04
6.970000000000000000e+04 8.172552492920387886e+04
6.980000000000000000e+04 7.948041891664279683e+04
6.990000000000000000e+04 7.723531290408172936e+04
7.000000000000000000e+04 7.510744291943036660e+04
7.010000000000000000e+04 7.304652143055567285e+04
7.020000000000000000e+04 7.098559994168099365e+04
7.030000000000000000e+04 6.902462395317154005e+04
7.040000000000000000e+04 6.713279409995816241e+04
7.050000000000000000e+04 6.524096424674477748e+04
7.060000000000000000e+04 6.343383494395283924e+04
7.070000000000000000e+04 6.169723893043623684e+04
7.080000000000000000e+04 5.996064291691963444e+04
7.090000000000000000e+04 5.829532935326011648e+04
7.100000000000000000e+04 5.670124380046168517e+04
7.110000000000000000e+04 5.510715824766325386e+04
7.120000000000000000e+04 5.357256698840884928e+04
7.130000000000000000e+04 5.210931000854944432e+04
7.140000000000000000e+04 5.064605302869003208e+04
7.150000000000000000e+04 4.923195532792097947e+04
7.160000000000000000e+04 4.788880144643064705e+04
7.170000000000000000e+04 4.654564756494030735e+04
7.180000000000000000e+04 4.524261227268887160e+04
7.190000000000000000e+04 4.400971427860525000e+04
7.200000000000000000e+04 4.277681628452162840e+04
7.210000000000000000e+04 4.157614789902392658e+04
7.220000000000000000e+04 4.044446496706103062e+04
7.230000000000000000e+04 3.931278203509813466e+04
7.240000000000000000e+04 3.820646352108712017e+04
7.250000000000000000e+04 3.716769530984939774e+04
7.260000000000000000e+04 3.612892709861167532e+04
7.270000000000000000e+04 3.510956715209752292e+04
7.280000000000000000e+04 3.415609312321303150e+04
7.290000000000000000e+04 3.320261909432854009e+04
7.300000000000000000e+04 3.226340345403815081e+04
7.310000000000000000e+04 3.138822747788231209e+04
7.320000000000000000e+04 3.051305150172647700e+04
7.330000000000000000e+04 2.964769817547027560e+04
7.340000000000000000e+04 2.884439717571358779e+04
7.350000000000000000e+04 2.804109617595689997e+04
7.360000000000000000e+04 2.724381384808582516e+04
7.370000000000000000e+04 2.650649114178483069e+04
7.380000000000000000e+04 2.576916843548383622e+04
7.390000000000000000e+04 2.503461844741793539e+04
7.400000000000000000e+04 2.435786056571869995e+04
7.410000000000000000e+04 2.368110268401946087e+04
7.420000000000000000e+04 2.300436370460991020e+04
7.430000000000000000e+04 2.238320079257187899e+04
7.440000000000000000e+04 2.176203788053385142e+04
7.450000000000000000e+04 2.114087496849582385e+04
7.460000000000000000e+04 2.056844298111645912e+04
7.470000000000000000e+04 1.999831261247690782e+04
7.480000000000000000e+04 1.942818224383735651e+04
7.490000000000000000e+04 1.890065457406683345e+04
7.500000000000000000e+04 1.837736825855456482e+04
7.510000000000000000e+04 1.785408194304229619e+04
7.520000000000000000e+04 1.736794754627305883e+04
7.530000000000000000e+04 1.688766029066705232e+04
7.540000000000000000e+04 1.640737303506104945e+04
7.550000000000000000e+04 1.595939431396075452e+04
7.560000000000000000e+04 1.551857625181474577e+04
7.570000000000000000e+04 1.507775818966873703e+04
7.580000000000000000e+04 1.466494996385021113e+04
7.590000000000000000e+04 1.426036080911038698e+04
7.600000000000000000e+04 1.385577165437056283e+04
7.610000000000000000e+04 1.347538142825441173e+04
7.620000000000000000e+04 1.310404653783952563e+04
7.630000000000000000e+04 1.273271164742463952e+04
7.640000000000000000e+04 1.238220161435356749e+04
7.650000000000000000e+04 1.204139038208868260e+04
7.660000000000000000e+04 1.170057914982379771e+04
7.670000000000000000e+04 1.137760947507692254e+04
7.680000000000000000e+04 1.106481523608164935e+04
7.690000000000000000e+04 1.075202099708637616e+04
7.700000000000000000e+04 1.045443445846396025e+04
7.710000000000000000e+04 1.016735622578765469e+04
7.720000000000000000e+04 9.880277993111349133e+03
7.730000000000000000e+04 9.606085770371297258e+03
7.740000000000000000e+04 9.342611314619238328e+03
7.750000000000000000e+04 9.079136858867181218e+03
7.760000000000000000e+04 8.826505428397942524e+03
7.770000000000000000e+04 8.584695834976168044e+03
7.780000000000000000e+04 8.342886241554393564e+03
7.790000000000000000e+04 8.110125306856239149e+03
7.800000000000000000e+04 7.888200777699377795e+03
7.810000000000000000e+04 7.666276248542515532e+03
7.820000000000000000e+04 7.451827589399655153e+03
7.830000000000000000e+04 7.248154384106890575e+03
7.840000000000000000e+04 7.044481178814125997e+03
7.850000000000000000e+04 6.846908367842190273e+03
7.860000000000000000e+04 6.659986848101699252e+03
7.870000000000000000e+04 6.473065328361207321e+03
7.880000000000000000e+04 6.291044247842326513e+03
7.890000000000000000e+04 6.119497860964365827e+03
7.900000000000000000e+04 5.947951474086406051e+03
7.910000000000000000e+04 5.780261561234821784e+03
7.920000000000000000e+04 5.622826772644269113e+03
7.930000000000000000e+04 5.465391984053716442e+03
7.940000000000000000e+04 5.310908169980854836e+03
7.950000000000000000e+04 5.166425170638558484e+03
7.960000000000000000e+04 5.021942171296262131e+03
7.970000000000000000e+04 4.879627424227328447e+03
7.980000000000000000e+04 4.747031642532657315e+03
7.990000000000000000e+04 4.614435860837986183e+03
8.000000000000000000e+04 4.483334332139170328e+03
8.010000000000000000e+04 4.361648612402685103e+03
8.020000000000000000e+04 4.239962892666199878e+03
8.030000000000000000e+04 4.119193577092395572e+03
8.040000000000000000e+04 4.007521014727864440e+03
8.050000000000000000e+04 3.895848452363332854e+03
8.060000000000000000e+04 3.784599351881356597e+03
8.070000000000000000e+04 3.682116699943591357e+03
8.080000000000000000e+04 3.579634048005825662e+03
8.090000000000000000e+04 3.477156777148731635e+03
8.100000000000000000e+04 3.383108420933654543e+03
8.110000000000000000e+04 3.289060064718577451e+03
8.120000000000000000e+04 3.195011708503499904e+03
8.130000000000000000e+04 3.108357281729223359e+03
8.140000000000000000e+04 3.022049663226681332e+03
8.150000000000000000e+04 2.935742044724138850e+03
8.160000000000000000e+04 2.855897484340904157e+03
8.170000000000000000e+04 2.776694032361371228e+03
8.180000000000000000e+04 2.697490580381838299e+03
8.190000000000000000e+04 2.623922375550600464e+03
8.200000000000000000e+04 2.551238823316293292e+03
8.210000000000000000e+04 2.478555271081986120e+03
8.220000000000000000e+04 2.410771559996205269e+03
8.230000000000000000e+04 2.344071640345819560e+03
8.240000000000000000e+04 2.277371720695433396e+03
8.250000000000000000e+04 2.214919065380722259e+03
8.260000000000000000e+04 2.153710590154966667e+03
8.270000000000000000e+04 2.092502114929210620e+03
8.280000000000000000e+04 2.034962498832625442e+03
8.290000000000000000e+04 1.978793720649104444e+03
8.300000000000000000e+04 1.922624942465583445e+03
8.310000000000000000e+04 1.869613019892274224e+03
8.320000000000000000e+04 1.818069325563603797e+03
8.330000000000000000e+04 1.766525631234933371e+03
8.340000000000000000e+04 1.717686180776756373e+03
8.350000000000000000e+04 1.670387034282045079e+03
8.360000000000000000e+04 1.623087887787333557e+03
8.370000000000000000e+04 1.578093466376250262e+03
8.380000000000000000e+04 1.534689614520312034e+03
8.390000000000000000e+04 1.491285762664374033e+03
8.400000000000000000e+04 1.449834541106510642e+03
8.410000000000000000e+04 1.410005442463653935e+03
8.420000000000000000e+04 1.370176343820797229e+03
8.430000000000000000e+04 1.331990113239324501e+03
8.440000000000000000e+04 1.295441587098118589e+03
8.450000000000000000e+04 1.258893060956912677e+03
8.460000000000000000e+04 1.223715385327819831e+03
8.470000000000000000e+04 1.190177428099293593e+03
8.480000000000000000e+04 1.156639470870767127e+03
8.490000000000000000e+04 1.124233991854903707e+03
8.500000000000000000e+04 1.093458816765318943e+03
8.510000000000000000e+04 1.062683641675734179e+03
8.520000000000000000e+04 1.032832514117708797e+03
8.530000000000000000e+04 1.004592699260024801e+03
8.540000000000000000e+04 9.763528844023406918e+02
8.550000000000000000e+04 9.488553248996742013e+02
8.560000000000000000e+04 9.229421615844104281e+02
8.570000000000000000e+04 8.970289982691466548e+02
8.580000000000000000e+04 8.716999614919764099e+02
8.590000000000000000e+04 8.479219040612134677e+02
8.600000000000000000e+04 8.241438466304505255e+02
8.610000000000000000e+04 8.008127898649528333e+02
8.620000000000000000e+04 7.789940499845872637e+02
8.630000000000000000e+04 7.571753101042218077e+02
8.640000000000000000e+04 7.356850629690450205e+02
8.650000000000000000e+04 7.156643129364553033e+02
8.660000000000000000e+04 6.956435629038655861e+02
8.670000000000000000e+04 6.758492814032678098e+02
8.680000000000000000e+04 6.574784671271087291e+02
8.690000000000000000e+04 6.391076528509496484e+02
8.700000000000000000e+04 6.208758567649916813e+02
8.710000000000000000e+04 6.040191049842151187e+02
8.720000000000000000e+04 5.871623532034384425e+02
8.730000000000000000e+04 5.703700362296366393e+02
8.740000000000000000e+04 5.549026543299387413e+02
8.750000000000000000e+04 5.394352724302408433e+02
8.760000000000000000e+04 5.239690838729849247e+02
8.770000000000000000e+04 5.097766404797291671e+02
8.780000000000000000e+04 4.955841970864734094e+02
8.790000000000000000e+04 4.813917536932177086e+02
8.800000000000000000e+04 4.683171676115351829e+02
8.810000000000000000e+04 4.552946490337659498e+02
8.820000000000000000e+04 4.422721304559967166e+02
8.830000000000000000e+04 4.302266029839057069e+02
8.840000000000000000e+04 4.182776373004463721e+02
8.850000000000000000e+04 4.063286716169870374e+02
8.860000000000000000e+04 3.952314489956382317e+02
8.870000000000000000e+04 3.842675981116447019e+02
8.880000000000000000e+04 3.733037472276511721e+02
8.890000000000000000e+04 3.630803918783076369e+02
8.900000000000000000e+04 3.530204971044472586e+02
8.910000000000000000e+04 3.429606023305869371e+02
8.920000000000000000e+04 3.335425003204366021e+02
8.930000000000000000e+04 3.243120834448510550e+02
8.940000000000000000e+04 3.150816665692655079e+02
8.950000000000000000e+04 3.064055746138048448e+02
8.960000000000000000e+04 2.979362898698219624e+02
8.970000000000000000e+04 2.894670051258390231e+02
8.980000000000000000e+04 2.814746315419547500e+02
8.990000000000000000e+04 2.737037605909167723e+02
9.000000000000000000e+04 2.659328896398787947e+02
9.010000000000000000e+04 2.585705070757036310e+02
9.020000000000000000e+04 2.514404947063949010e+02
9.030000000000000000e+04 2.443104823370861425e+02
9.040000000000000000e+04 2.375285727449508784e+02
9.050000000000000000e+04 2.309866046030626876e+02
9.060000000000000000e+04 2.244446364611745253e+02
9.070000000000000000e+04 2.181975617317931153e+02
9.080000000000000000e+04 2.121951716017593981e+02
9.090000000000000000e+04 2.061927814717256524e+02
9.100000000000000000e+04 2.004384805260990561e+02
9.110000000000000000e+04 1.949311943892144257e+02
9.120000000000000000e+04 1.894239082523297952e+02
9.130000000000000000e+04 1.841236180657236616e+02
9.140000000000000000e+04 1.790706250837548623e+02
9.150000000000000000e+04 1.740176321017860630e+02
9.160000000000000000e+04 1.691356296702889495e+02
9.170000000000000000e+04 1.644994804229385466e+02
9.180000000000000000e+04 1.598633311755881721e+02
9.190000000000000000e+04 1.553666958256719965e+02
9.200000000000000000e+04 1.511130258317368202e+02
9.210000000000000000e+04 1.468593558378016155e+02
9.220000000000000000e+04 1.427177500264734533e+02
9.230000000000000000e+04 1.388150252651006156e+02
9.240000000000000000e+04 1.349123005037278062e+02
9.250000000000000000e+04 1.310977678900406431e+02
9.260000000000000000e+04 1.275170533071608503e+02
9.270000000000000000e+04 1.239363387242810575e+02
9.280000000000000000e+04 1.204231184284612226e+02
9.290000000000000000e+04 1.171378625328456025e+02
9.300000000000000000e+04 1.138526066372299823e+02
9.310000000000000000e+04 1.106169604745876285e+02
9.320000000000000000e+04 1.076027989787648522e+02
9.330000000000000000e+04 1.045886374829420618e+02
9.340000000000000000e+04 1.016086917755335861e+02
9.350000000000000000e+04 9.884326926365434929e+01
9.360000000000000000e+04 9.607784675177511247e+01
9.370000000000000000e+04 9.333344740878654022e+01
9.380000000000000000e+04 9.079624984035555713e+01
9.390000000000000000e+04 8.825905227192457403e+01
9.400000000000000000e+04 8.573162853975489384e+01
9.410000000000000000e+04 8.340383292657440961e+01
9.420000000000000000e+04 8.107603731339391118e+01
9.430000000000000000e+04 7.874847878896594011e+01
9.440000000000000000e+04 7.661281344526037174e+01
9.450000000000000000e+04 7.447714810155480336e+01
9.460000000000000000e+04 7.234148275784923499e+01
9.470000000000000000e+04 7.037430669454707299e+01
9.480000000000000000e+04 6.841492353788764547e+01
9.490000000000000000e+04 6.645554038122823215e+01
9.500000000000000000e+04 6.464339802715286964e+01
9.510000000000000000e+04 6.284575538689156815e+01
9.520000000000000000e+04 6.104811274663026666e+01
9.530000000000000000e+04 5.937882084134567862e+01
9.540000000000000000e+04 5.772957582231558860e+01
9.550000000000000000e+04 5.608033080328549858e+01
9.560000000000000000e+04 5.454266044781645206e+01
9.570000000000000000e+04 5.302957009407129618e+01
9.580000000000000000e+04 5.151647974032613320e+01
9.590000000000000000e+04 5.010008198143341218e+01
9.600000000000000000e+04 4.871191278032263483e+01
9.610000000000000000e+04 4.732374357921185037e+01
9.620000000000000000e+04 4.601908067347255127e+01
9.630000000000000000e+04 4.474552534930110426e+01
9.640000000000000000e+04 4.347197002512965724e+01
9.650000000000000000e+04 4.227025202232697865e+01
9.660000000000000000e+04 4.110185315989621557e+01
9.670000000000000000e+04 3.993345429746545250e+01
9.680000000000000000e+04 3.882658062986046588e+01
9.690000000000000000e+04 3.775466070102257277e+01
9.700000000000000000e+04 3.668274077218467255e+01
9.710000000000000000e+04 3.566324640305307980e+01
9.720000000000000000e+04 3.467984353955974086e+01
9.730000000000000000e+04 3.369644067606640192e+01
9.740000000000000000e+04 3.275744634778830289e+01
9.750000000000000000e+04 3.185525523655022084e+01
9.760000000000000000e+04 3.095306412531214235e+01
9.770000000000000000e+04 3.008823059896210239e+01
9.780000000000000000e+04 2.926054856539126448e+01
9.790000000000000000e+04 2.843286653182042656e+01
9.800000000000000000e+04 2.763635229711532304e+01
9.810000000000000000e+04 2.687702939445528472e+01
9.820000000000000000e+04 2.611770649179524284e+01
9.830000000000000000e+04 2.538412881547504796e+01
9.840000000000000000e+04 2.468752251116640650e+01
9.850000000000000000e+04 2.399091620685776860e+01
9.860000000000000000e+04 2.331531523017425656e+01
9.870000000000000000e+04 2.267624831014526521e+01
9.880000000000000000e+04 2.203718139011627741e+01
9.890000000000000000e+04 2.141498697549287300e+01
9.900000000000000000e+04 2.082870948727359561e+01
9.910000000000000000e+04 2.024243199905431823e+01
9.920000000000000000e+04 1.966943330180120952e+01
9.930000000000000000e+04 1.913158709167925764e+01
9.940000000000000000e+04 1.859374088155730576e+01
9.950000000000000000e+04 1.806605806895403887e+01
9.960000000000000000e+04 1.757264453705504437e+01
9.970000000000000000e+04 1.707923100515604986e+01
9.980000000000000000e+04 1.659328950826763460e+01
9.990000000000000000e+04 1.614064083217879997e+01
