5.000000e+00 1.526750e+11
1.500000e+01 1.347196e+09
2.000000e+01 4.430517e+07
2.500000e+01 1.227937e+06
3.500000e+01 8.676003e+03
4.000000e+01 1.870196e+03
4.500000e+01 1.550000e+02
5.500000e+01 5.868104e+00
6.000000e+01 1.702236e+00
6.500000e+01 2.720099e-01
7.500000e+01 1.728128e-02
8.000000e+01 3.726238e-03
8.500000e+01 1.004534e-03
9.500000e+01 4.007839e-05
1.000000e+02 1.573784e-05
1.050000e+02 3.182219e-06
1.150000e+02 2.815610e-07
1.200000e+02 9.408459e-08
1.250000e+02 1.521096e-08
1.350000e+02 1.660044e-09
1.400000e+02 6.664305e-10
1.450000e+02 2.059976e-10
1.550000e+02 1.324992e-11
1.600000e+02 7.434392e-12
1.650000e+02 4.291200e-12
1.750000e+02 2.248886e-12
1.800000e+02 1.681340e-12
1.850000e+02 2.310211e-12
1.950000e+02 7.233219e-14
2.000000e+02 1.117398e-12
2.050000e+02 6.048500e-13
2.150000e+02 2.088468e-16
2.200000e+02 1.618438e-14
2.250000e+02 5.420383e-15
2.350000e+02 1.589754e-13
2.400000e+02 4.719419e-16
2.450000e+02 6.875120e-18
2.550000e+02 1.501033e-14
2.600000e+02 7.337543e-15
2.650000e+02 1.675368e-16
2.750000e+02 1.707290e-16
2.800000e+02 4.969999e-15
2.850000e+02 1.159979e-18
2.950000e+02 2.034797e-21
3.000000e+02 3.910609e-21
3.050000e+02 3.403917e-22
3.150000e+02 6.476235e-23
3.200000e+02 2.065856e-22
3.250000e+02 2.711700e-23
3.350000e+02 2.125901e-23
