9.000000e+00 7.530975e+10
2.700000e+01 2.018693e+06
3.600000e+01 4.233916e+04
4.500000e+01 6.894582e+02
6.300000e+01 1.293299e+00
7.200000e+01 9.001180e-02
8.100000e+01 4.517998e-03
9.900000e+01 3.266155e-05
1.080000e+02 2.545348e-06
1.170000e+02 1.945267e-07
1.350000e+02 1.395919e-09
1.440000e+02 2.123345e-10
1.530000e+02 2.954731e-11
1.710000e+02 1.224489e-11
1.800000e+02 7.946075e-12
1.890000e+02 5.514585e-12
2.070000e+02 1.184526e-12
2.160000e+02 2.728138e-12
2.250000e+02 9.891283e-13
2.430000e+02 2.373880e-13
2.520000e+02 6.686696e-13
2.610000e+02 4.049839e-13
2.790000e+02 9.643726e-14
2.880000e+02 4.513128e-13
2.970000e+02 5.704002e-16
3.150000e+02 1.036322e-13
3.240000e+02 1.353084e-13
3.330000e+02 7.565005e-14
3.510000e+02 6.953008e-17
3.600000e+02 2.341779e-17
3.690000e+02 1.839879e-17
3.870000e+02 6.124829e-18
3.960000e+02 1.725334e-18
