# Energy [keV], Flux[ph/s/0.1%/100mA] - BC FE acceptance: 1.23 x 0.39 mrad²
1.000000e-01 3.109000e+11
3.500750e-01 7.249000e+11
6.001500e-01 1.045000e+12
8.502250e-01 1.323000e+12
1.100300e+00 1.574000e+12
1.350380e+00 1.806000e+12
1.600450e+00 2.022000e+12
1.850530e+00 2.226000e+12
2.100600e+00 2.418000e+12
2.350680e+00 2.602000e+12
2.600750e+00 2.776000e+12
2.850830e+00 2.943000e+12
3.100900e+00 3.103000e+12
3.350980e+00 3.257000e+12
3.601050e+00 3.404000e+12
3.851130e+00 3.545000e+12
4.101200e+00 3.682000e+12
4.351280e+00 3.813000e+12
4.601350e+00 3.939000e+12
4.851430e+00 4.061000e+12
5.101500e+00 4.178000e+12
5.351580e+00 4.291000e+12
5.601650e+00 4.400000e+12
5.851730e+00 4.506000e+12
6.101800e+00 4.607000e+12
6.351880e+00 4.705000e+12
6.601950e+00 4.800000e+12
6.852030e+00 4.891000e+12
7.102100e+00 4.980000e+12
7.352180e+00 5.065000e+12
7.602250e+00 5.147000e+12
7.852330e+00 5.226000e+12
8.102400e+00 5.303000e+12
8.352480e+00 5.376000e+12
8.602550e+00 5.447000e+12
8.852630e+00 5.516000e+12
9.102700e+00 5.582000e+12
9.352780e+00 5.646000e+12
9.602850e+00 5.707000e+12
9.852930e+00 5.767000e+12
1.010300e+01 5.823000e+12
1.035310e+01 5.878000e+12
1.060320e+01 5.931000e+12
1.085320e+01 5.982000e+12
1.110330e+01 6.031000e+12
1.135340e+01 6.077000e+12
1.160350e+01 6.122000e+12
1.185350e+01 6.166000e+12
1.210360e+01 6.207000e+12
1.235370e+01 6.247000e+12
1.260380e+01 6.285000e+12
1.285380e+01 6.321000e+12
1.310390e+01 6.356000e+12
1.335400e+01 6.389000e+12
1.360410e+01 6.421000e+12
1.385410e+01 6.452000e+12
1.410420e+01 6.480000e+12
1.435430e+01 6.508000e+12
1.460440e+01 6.534000e+12
1.485440e+01 6.559000e+12
1.510450e+01 6.583000e+12
1.535460e+01 6.605000e+12
1.560470e+01 6.626000e+12
1.585470e+01 6.646000e+12
1.610480e+01 6.665000e+12
1.635490e+01 6.682000e+12
1.660500e+01 6.699000e+12
1.685500e+01 6.714000e+12
1.710510e+01 6.728000e+12
1.735520e+01 6.742000e+12
1.760530e+01 6.754000e+12
1.785530e+01 6.765000e+12
1.810540e+01 6.776000e+12
1.835550e+01 6.785000e+12
1.860560e+01 6.794000e+12
1.885560e+01 6.802000e+12
1.910570e+01 6.809000e+12
1.935580e+01 6.815000e+12
1.960590e+01 6.820000e+12
1.985590e+01 6.824000e+12
2.010600e+01 6.828000e+12
2.035610e+01 6.831000e+12
2.060620e+01 6.833000e+12
2.085620e+01 6.835000e+12
2.110630e+01 6.835000e+12
2.135640e+01 6.835000e+12
2.160650e+01 6.835000e+12
2.185650e+01 6.834000e+12
2.210660e+01 6.832000e+12
2.235670e+01 6.829000e+12
2.260680e+01 6.826000e+12
2.285680e+01 6.823000e+12
2.310690e+01 6.818000e+12
2.335700e+01 6.814000e+12
2.360710e+01 6.808000e+12
2.385710e+01 6.803000e+12
2.410720e+01 6.796000e+12
2.435730e+01 6.789000e+12
2.460740e+01 6.782000e+12
2.485740e+01 6.774000e+12
2.510750e+01 6.766000e+12
2.535760e+01 6.757000e+12
2.560770e+01 6.748000e+12
2.585770e+01 6.739000e+12
2.610780e+01 6.729000e+12
2.635790e+01 6.719000e+12
2.660800e+01 6.708000e+12
2.685800e+01 6.697000e+12
2.710810e+01 6.685000e+12
2.735820e+01 6.673000e+12
2.760830e+01 6.661000e+12
2.785830e+01 6.649000e+12
2.810840e+01 6.636000e+12
2.835850e+01 6.623000e+12
2.860860e+01 6.609000e+12
2.885860e+01 6.595000e+12
2.910870e+01 6.581000e+12
2.935880e+01 6.567000e+12
2.960890e+01 6.552000e+12
2.985890e+01 6.538000e+12
3.010900e+01 6.522000e+12
3.035910e+01 6.507000e+12
3.060920e+01 6.491000e+12
3.085920e+01 6.475000e+12
3.110930e+01 6.459000e+12
3.135940e+01 6.443000e+12
3.160950e+01 6.426000e+12
3.185950e+01 6.410000e+12
3.210960e+01 6.393000e+12
3.235970e+01 6.376000e+12
3.260980e+01 6.358000e+12
3.285980e+01 6.341000e+12
3.310990e+01 6.323000e+12
3.336000e+01 6.305000e+12
3.361010e+01 6.287000e+12
3.386010e+01 6.269000e+12
3.411020e+01 6.251000e+12
3.436030e+01 6.232000e+12
3.461040e+01 6.213000e+12
3.486040e+01 6.195000e+12
3.511050e+01 6.176000e+12
3.536060e+01 6.157000e+12
3.561070e+01 6.137000e+12
3.586070e+01 6.118000e+12
3.611080e+01 6.099000e+12
3.636090e+01 6.079000e+12
3.661100e+01 6.060000e+12
3.686100e+01 6.040000e+12
3.711110e+01 6.020000e+12
3.736120e+01 6.000000e+12
3.761130e+01 5.980000e+12
3.786130e+01 5.960000e+12
3.811140e+01 5.940000e+12
3.836150e+01 5.920000e+12
3.861160e+01 5.899000e+12
3.886160e+01 5.879000e+12
3.911170e+01 5.858000e+12
3.936180e+01 5.838000e+12
3.961190e+01 5.817000e+12
3.986190e+01 5.797000e+12
4.011200e+01 5.776000e+12
4.036210e+01 5.755000e+12
4.061220e+01 5.734000e+12
4.086220e+01 5.714000e+12
4.111230e+01 5.693000e+12
4.136240e+01 5.672000e+12
4.161250e+01 5.651000e+12
4.186250e+01 5.630000e+12
4.211260e+01 5.609000e+12
4.236270e+01 5.588000e+12
4.261280e+01 5.567000e+12
4.286280e+01 5.546000e+12
4.311290e+01 5.525000e+12
4.336300e+01 5.503000e+12
4.361310e+01 5.482000e+12
4.386310e+01 5.461000e+12
4.411320e+01 5.440000e+12
4.436330e+01 5.419000e+12
4.461340e+01 5.398000e+12
4.486340e+01 5.376000e+12
4.511350e+01 5.355000e+12
4.536360e+01 5.334000e+12
4.561370e+01 5.313000e+12
4.586370e+01 5.292000e+12
4.611380e+01 5.270000e+12
4.636390e+01 5.249000e+12
4.661400e+01 5.228000e+12
4.686400e+01 5.207000e+12
4.711410e+01 5.186000e+12
4.736420e+01 5.165000e+12
4.761430e+01 5.143000e+12
4.786430e+01 5.122000e+12
4.811440e+01 5.101000e+12
4.836450e+01 5.080000e+12
4.861460e+01 5.059000e+12
4.886460e+01 5.038000e+12
4.911470e+01 5.017000e+12
4.936480e+01 4.996000e+12
4.961490e+01 4.975000e+12
4.986490e+01 4.954000e+12
5.011500e+01 4.933000e+12
5.036510e+01 4.913000e+12
5.061520e+01 4.892000e+12
5.086520e+01 4.871000e+12
5.111530e+01 4.850000e+12
5.136540e+01 4.829000e+12
5.161550e+01 4.809000e+12
5.186550e+01 4.788000e+12
5.211560e+01 4.767000e+12
5.236570e+01 4.747000e+12
5.261580e+01 4.726000e+12
5.286580e+01 4.706000e+12
5.311590e+01 4.685000e+12
5.336600e+01 4.665000e+12
5.361610e+01 4.644000e+12
5.386610e+01 4.624000e+12
5.411620e+01 4.604000e+12
5.436630e+01 4.583000e+12
5.461640e+01 4.563000e+12
5.486640e+01 4.543000e+12
5.511650e+01 4.523000e+12
5.536660e+01 4.503000e+12
5.561670e+01 4.483000e+12
5.586670e+01 4.463000e+12
5.611680e+01 4.443000e+12
5.636690e+01 4.423000e+12
5.661700e+01 4.403000e+12
5.686700e+01 4.383000e+12
5.711710e+01 4.364000e+12
5.736720e+01 4.344000e+12
5.761730e+01 4.324000e+12
5.786730e+01 4.305000e+12
5.811740e+01 4.285000e+12
5.836750e+01 4.266000e+12
5.861760e+01 4.246000e+12
5.886760e+01 4.227000e+12
5.911770e+01 4.208000e+12
5.936780e+01 4.189000e+12
5.961790e+01 4.169000e+12
5.986790e+01 4.150000e+12
6.011800e+01 4.131000e+12
6.036810e+01 4.112000e+12
6.061820e+01 4.093000e+12
6.086820e+01 4.074000e+12
6.111830e+01 4.055000e+12
6.136840e+01 4.037000e+12
6.161850e+01 4.018000e+12
6.186850e+01 3.999000e+12
6.211860e+01 3.981000e+12
6.236870e+01 3.962000e+12
6.261880e+01 3.944000e+12
6.286880e+01 3.925000e+12
6.311890e+01 3.907000e+12
6.336900e+01 3.889000e+12
6.361910e+01 3.870000e+12
6.386910e+01 3.852000e+12
6.411920e+01 3.834000e+12
6.436930e+01 3.816000e+12
6.461940e+01 3.798000e+12
6.486940e+01 3.780000e+12
6.511950e+01 3.762000e+12
6.536960e+01 3.745000e+12
6.561970e+01 3.727000e+12
6.586970e+01 3.709000e+12
6.611980e+01 3.692000e+12
6.636990e+01 3.674000e+12
6.662000e+01 3.656000e+12
6.687000e+01 3.639000e+12
6.712010e+01 3.622000e+12
6.737020e+01 3.604000e+12
6.762030e+01 3.587000e+12
6.787030e+01 3.570000e+12
6.812040e+01 3.553000e+12
6.837050e+01 3.536000e+12
6.862060e+01 3.519000e+12
6.887060e+01 3.502000e+12
6.912070e+01 3.485000e+12
6.937080e+01 3.468000e+12
6.962090e+01 3.452000e+12
6.987090e+01 3.435000e+12
7.012100e+01 3.418000e+12
7.037110e+01 3.402000e+12
7.062120e+01 3.385000e+12
7.087120e+01 3.369000e+12
7.112130e+01 3.353000e+12
7.137140e+01 3.336000e+12
7.162150e+01 3.320000e+12
7.187150e+01 3.304000e+12
7.212160e+01 3.288000e+12
7.237170e+01 3.272000e+12
7.262180e+01 3.256000e+12
7.287180e+01 3.240000e+12
7.312190e+01 3.224000e+12
7.337200e+01 3.208000e+12
7.362210e+01 3.193000e+12
7.387210e+01 3.177000e+12
7.412220e+01 3.161000e+12
7.437230e+01 3.146000e+12
7.462240e+01 3.130000e+12
7.487240e+01 3.115000e+12
7.512250e+01 3.100000e+12
7.537260e+01 3.084000e+12
7.562270e+01 3.069000e+12
7.587270e+01 3.054000e+12
7.612280e+01 3.039000e+12
7.637290e+01 3.024000e+12
7.662300e+01 3.009000e+12
7.687300e+01 2.994000e+12
7.712310e+01 2.979000e+12
7.737320e+01 2.965000e+12
7.762330e+01 2.950000e+12
7.787330e+01 2.935000e+12
7.812340e+01 2.921000e+12
7.837350e+01 2.906000e+12
7.862360e+01 2.892000e+12
7.887360e+01 2.877000e+12
7.912370e+01 2.863000e+12
7.937380e+01 2.849000e+12
7.962390e+01 2.835000e+12
7.987390e+01 2.820000e+12
8.012400e+01 2.806000e+12
8.037410e+01 2.792000e+12
8.062420e+01 2.778000e+12
8.087420e+01 2.764000e+12
8.112430e+01 2.751000e+12
8.137440e+01 2.737000e+12
8.162450e+01 2.723000e+12
8.187450e+01 2.709000e+12
8.212460e+01 2.696000e+12
8.237470e+01 2.682000e+12
8.262480e+01 2.669000e+12
8.287480e+01 2.655000e+12
8.312490e+01 2.642000e+12
8.337500e+01 2.629000e+12
8.362510e+01 2.615000e+12
8.387510e+01 2.602000e+12
8.412520e+01 2.589000e+12
8.437530e+01 2.576000e+12
8.462540e+01 2.563000e+12
8.487540e+01 2.550000e+12
8.512550e+01 2.537000e+12
8.537560e+01 2.524000e+12
8.562570e+01 2.511000e+12
8.587570e+01 2.499000e+12
8.612580e+01 2.486000e+12
8.637590e+01 2.473000e+12
8.662600e+01 2.461000e+12
8.687600e+01 2.448000e+12
8.712610e+01 2.436000e+12
8.737620e+01 2.424000e+12
8.762630e+01 2.411000e+12
8.787630e+01 2.399000e+12
8.812640e+01 2.387000e+12
8.837650e+01 2.375000e+12
8.862660e+01 2.362000e+12
8.887660e+01 2.350000e+12
8.912670e+01 2.338000e+12
8.937680e+01 2.327000e+12
8.962690e+01 2.315000e+12
8.987690e+01 2.303000e+12
9.012700e+01 2.291000e+12
9.037710e+01 2.279000e+12
9.062720e+01 2.268000e+12
9.087720e+01 2.256000e+12
9.112730e+01 2.244000e+12
9.137740e+01 2.233000e+12
9.162750e+01 2.221000e+12
9.187750e+01 2.210000e+12
9.212760e+01 2.199000e+12
9.237770e+01 2.187000e+12
9.262780e+01 2.176000e+12
9.287780e+01 2.165000e+12
9.312790e+01 2.154000e+12
9.337800e+01 2.143000e+12
9.362810e+01 2.132000e+12
9.387810e+01 2.121000e+12
9.412820e+01 2.110000e+12
9.437830e+01 2.099000e+12
9.462840e+01 2.088000e+12
9.487840e+01 2.077000e+12
9.512850e+01 2.067000e+12
9.537860e+01 2.056000e+12
9.562870e+01 2.045000e+12
9.587870e+01 2.035000e+12
9.612880e+01 2.024000e+12
9.637890e+01 2.014000e+12
9.662900e+01 2.003000e+12
9.687900e+01 1.993000e+12
9.712910e+01 1.983000e+12
9.737920e+01 1.972000e+12
9.762930e+01 1.962000e+12
9.787930e+01 1.952000e+12
9.812940e+01 1.942000e+12
9.837950e+01 1.932000e+12
9.862960e+01 1.922000e+12
9.887960e+01 1.912000e+12
9.912970e+01 1.902000e+12
9.937980e+01 1.892000e+12
9.962990e+01 1.882000e+12
9.987990e+01 1.872000e+12
1.001300e+02 1.863000e+12
1.003800e+02 1.853000e+12
1.006300e+02 1.843000e+12
1.008800e+02 1.834000e+12
1.011300e+02 1.824000e+12
1.013800e+02 1.815000e+12
1.016300e+02 1.805000e+12
1.018810e+02 1.796000e+12
1.021310e+02 1.786000e+12
1.023810e+02 1.777000e+12
1.026310e+02 1.768000e+12
1.028810e+02 1.758000e+12
1.031310e+02 1.749000e+12
1.033810e+02 1.740000e+12
1.036310e+02 1.731000e+12
1.038810e+02 1.722000e+12
1.041310e+02 1.713000e+12
1.043810e+02 1.704000e+12
1.046310e+02 1.695000e+12
1.048810e+02 1.686000e+12
1.051320e+02 1.677000e+12
1.053820e+02 1.669000e+12
1.056320e+02 1.660000e+12
1.058820e+02 1.651000e+12
1.061320e+02 1.642000e+12
1.063820e+02 1.634000e+12
1.066320e+02 1.625000e+12
1.068820e+02 1.617000e+12
1.071320e+02 1.608000e+12
1.073820e+02 1.600000e+12
1.076320e+02 1.591000e+12
1.078820e+02 1.583000e+12
1.081320e+02 1.575000e+12
1.083820e+02 1.566000e+12
1.086330e+02 1.558000e+12
1.088830e+02 1.550000e+12
1.091330e+02 1.542000e+12
1.093830e+02 1.533000e+12
1.096330e+02 1.525000e+12
1.098830e+02 1.517000e+12
1.101330e+02 1.509000e+12
1.103830e+02 1.501000e+12
1.106330e+02 1.493000e+12
1.108830e+02 1.486000e+12
1.111330e+02 1.478000e+12
1.113830e+02 1.470000e+12
1.116330e+02 1.462000e+12
1.118840e+02 1.454000e+12
1.121340e+02 1.447000e+12
1.123840e+02 1.439000e+12
1.126340e+02 1.431000e+12
1.128840e+02 1.424000e+12
1.131340e+02 1.416000e+12
1.133840e+02 1.409000e+12
1.136340e+02 1.401000e+12
1.138840e+02 1.394000e+12
1.141340e+02 1.386000e+12
1.143840e+02 1.379000e+12
1.146340e+02 1.372000e+12
1.148840e+02 1.365000e+12
1.151350e+02 1.357000e+12
1.153850e+02 1.350000e+12
1.156350e+02 1.343000e+12
1.158850e+02 1.336000e+12
1.161350e+02 1.329000e+12
1.163850e+02 1.322000e+12
1.166350e+02 1.315000e+12
1.168850e+02 1.308000e+12
1.171350e+02 1.301000e+12
1.173850e+02 1.294000e+12
1.176350e+02 1.287000e+12
1.178850e+02 1.280000e+12
1.181350e+02 1.273000e+12
1.183850e+02 1.266000e+12
1.186360e+02 1.260000e+12
1.188860e+02 1.253000e+12
1.191360e+02 1.246000e+12
1.193860e+02 1.240000e+12
1.196360e+02 1.233000e+12
1.198860e+02 1.226000e+12
1.201360e+02 1.220000e+12
1.203860e+02 1.213000e+12
1.206360e+02 1.207000e+12
1.208860e+02 1.200000e+12
1.211360e+02 1.194000e+12
1.213860e+02 1.188000e+12
1.216360e+02 1.181000e+12
1.218870e+02 1.175000e+12
1.221370e+02 1.169000e+12
1.223870e+02 1.162000e+12
1.226370e+02 1.156000e+12
1.228870e+02 1.150000e+12
1.231370e+02 1.144000e+12
1.233870e+02 1.138000e+12
1.236370e+02 1.132000e+12
1.238870e+02 1.126000e+12
1.241370e+02 1.119000e+12
1.243870e+02 1.113000e+12
1.246370e+02 1.108000e+12
1.248870e+02 1.102000e+12
1.251380e+02 1.096000e+12
1.253880e+02 1.090000e+12
1.256380e+02 1.084000e+12
1.258880e+02 1.078000e+12
1.261380e+02 1.072000e+12
1.263880e+02 1.067000e+12
1.266380e+02 1.061000e+12
1.268880e+02 1.055000e+12
1.271380e+02 1.049000e+12
1.273880e+02 1.044000e+12
1.276380e+02 1.038000e+12
1.278880e+02 1.033000e+12
1.281380e+02 1.027000e+12
1.283880e+02 1.022000e+12
1.286390e+02 1.016000e+12
1.288890e+02 1.011000e+12
1.291390e+02 1.005000e+12
1.293890e+02 9.997000e+11
1.296390e+02 9.943000e+11
1.298890e+02 9.890000e+11
1.301390e+02 9.836000e+11
1.303890e+02 9.783000e+11
1.306390e+02 9.731000e+11
1.308890e+02 9.678000e+11
1.311390e+02 9.626000e+11
1.313890e+02 9.574000e+11
1.316390e+02 9.522000e+11
1.318900e+02 9.471000e+11
1.321400e+02 9.420000e+11
1.323900e+02 9.369000e+11
1.326400e+02 9.318000e+11
1.328900e+02 9.268000e+11
1.331400e+02 9.218000e+11
1.333900e+02 9.168000e+11
1.336400e+02 9.118000e+11
1.338900e+02 9.069000e+11
1.341400e+02 9.020000e+11
1.343900e+02 8.971000e+11
1.346400e+02 8.923000e+11
1.348900e+02 8.874000e+11
1.351410e+02 8.826000e+11
1.353910e+02 8.779000e+11
1.356410e+02 8.731000e+11
1.358910e+02 8.684000e+11
1.361410e+02 8.637000e+11
1.363910e+02 8.590000e+11
1.366410e+02 8.543000e+11
1.368910e+02 8.497000e+11
1.371410e+02 8.451000e+11
1.373910e+02 8.405000e+11
1.376410e+02 8.360000e+11
1.378910e+02 8.314000e+11
1.381410e+02 8.269000e+11
1.383910e+02 8.224000e+11
1.386420e+02 8.180000e+11
1.388920e+02 8.135000e+11
1.391420e+02 8.091000e+11
1.393920e+02 8.047000e+11
1.396420e+02 8.003000e+11
1.398920e+02 7.960000e+11
1.401420e+02 7.917000e+11
1.403920e+02 7.874000e+11
1.406420e+02 7.831000e+11
1.408920e+02 7.788000e+11
1.411420e+02 7.746000e+11
1.413920e+02 7.704000e+11
1.416420e+02 7.662000e+11
1.418930e+02 7.620000e+11
1.421430e+02 7.579000e+11
1.423930e+02 7.537000e+11
1.426430e+02 7.496000e+11
1.428930e+02 7.456000e+11
1.431430e+02 7.415000e+11
1.433930e+02 7.375000e+11
1.436430e+02 7.334000e+11
1.438930e+02 7.294000e+11
1.441430e+02 7.255000e+11
1.443930e+02 7.215000e+11
1.446430e+02 7.176000e+11
1.448930e+02 7.137000e+11
1.451440e+02 7.098000e+11
1.453940e+02 7.059000e+11
1.456440e+02 7.020000e+11
1.458940e+02 6.982000e+11
1.461440e+02 6.944000e+11
1.463940e+02 6.906000e+11
1.466440e+02 6.868000e+11
1.468940e+02 6.831000e+11
1.471440e+02 6.794000e+11
1.473940e+02 6.757000e+11
1.476440e+02 6.720000e+11
1.478940e+02 6.683000e+11
1.481440e+02 6.646000e+11
1.483940e+02 6.610000e+11
1.486450e+02 6.574000e+11
1.488950e+02 6.538000e+11
1.491450e+02 6.502000e+11
1.493950e+02 6.467000e+11
1.496450e+02 6.431000e+11
1.498950e+02 6.396000e+11
1.501450e+02 6.361000e+11
1.503950e+02 6.326000e+11
1.506450e+02 6.292000e+11
1.508950e+02 6.257000e+11
1.511450e+02 6.223000e+11
1.513950e+02 6.189000e+11
1.516450e+02 6.155000e+11
1.518960e+02 6.121000e+11
1.521460e+02 6.088000e+11
1.523960e+02 6.054000e+11
1.526460e+02 6.021000e+11
1.528960e+02 5.988000e+11
1.531460e+02 5.955000e+11
1.533960e+02 5.923000e+11
1.536460e+02 5.890000e+11
1.538960e+02 5.858000e+11
1.541460e+02 5.826000e+11
1.543960e+02 5.794000e+11
1.546460e+02 5.762000e+11
1.548960e+02 5.730000e+11
1.551470e+02 5.699000e+11
1.553970e+02 5.667000e+11
1.556470e+02 5.636000e+11
1.558970e+02 5.605000e+11
1.561470e+02 5.575000e+11
1.563970e+02 5.544000e+11
1.566470e+02 5.513000e+11
1.568970e+02 5.483000e+11
1.571470e+02 5.453000e+11
1.573970e+02 5.423000e+11
1.576470e+02 5.393000e+11
1.578970e+02 5.364000e+11
1.581470e+02 5.334000e+11
1.583970e+02 5.305000e+11
1.586480e+02 5.275000e+11
1.588980e+02 5.246000e+11
1.591480e+02 5.218000e+11
1.593980e+02 5.189000e+11
1.596480e+02 5.160000e+11
1.598980e+02 5.132000e+11
1.601480e+02 5.104000e+11
1.603980e+02 5.075000e+11
1.606480e+02 5.048000e+11
1.608980e+02 5.020000e+11
1.611480e+02 4.992000e+11
1.613980e+02 4.965000e+11
1.616480e+02 4.937000e+11
1.618990e+02 4.910000e+11
1.621490e+02 4.883000e+11
1.623990e+02 4.856000e+11
1.626490e+02 4.829000e+11
1.628990e+02 4.803000e+11
1.631490e+02 4.776000e+11
1.633990e+02 4.750000e+11
1.636490e+02 4.723000e+11
1.638990e+02 4.697000e+11
1.641490e+02 4.671000e+11
1.643990e+02 4.646000e+11
1.646490e+02 4.620000e+11
1.648990e+02 4.595000e+11
1.651500e+02 4.569000e+11
1.654000e+02 4.544000e+11
1.656500e+02 4.519000e+11
1.659000e+02 4.494000e+11
1.661500e+02 4.469000e+11
1.664000e+02 4.444000e+11
1.666500e+02 4.420000e+11
1.669000e+02 4.395000e+11
1.671500e+02 4.371000e+11
1.674000e+02 4.347000e+11
1.676500e+02 4.323000e+11
1.679000e+02 4.299000e+11
1.681500e+02 4.275000e+11
1.684010e+02 4.251000e+11
1.686510e+02 4.228000e+11
1.689010e+02 4.205000e+11
1.691510e+02 4.181000e+11
1.694010e+02 4.158000e+11
1.696510e+02 4.135000e+11
1.699010e+02 4.112000e+11
1.701510e+02 4.089000e+11
1.704010e+02 4.067000e+11
1.706510e+02 4.044000e+11
1.709010e+02 4.022000e+11
1.711510e+02 4.000000e+11
1.714010e+02 3.977000e+11
1.716510e+02 3.955000e+11
1.719020e+02 3.933000e+11
1.721520e+02 3.912000e+11
1.724020e+02 3.890000e+11
1.726520e+02 3.868000e+11
1.729020e+02 3.847000e+11
1.731520e+02 3.826000e+11
1.734020e+02 3.804000e+11
1.736520e+02 3.783000e+11
1.739020e+02 3.762000e+11
1.741520e+02 3.741000e+11
1.744020e+02 3.721000e+11
1.746520e+02 3.700000e+11
1.749020e+02 3.679000e+11
1.751530e+02 3.659000e+11
1.754030e+02 3.639000e+11
1.756530e+02 3.618000e+11
1.759030e+02 3.598000e+11
1.761530e+02 3.578000e+11
1.764030e+02 3.559000e+11
1.766530e+02 3.539000e+11
1.769030e+02 3.519000e+11
1.771530e+02 3.500000e+11
1.774030e+02 3.480000e+11
1.776530e+02 3.461000e+11
1.779030e+02 3.441000e+11
1.781530e+02 3.422000e+11
1.784040e+02 3.403000e+11
1.786540e+02 3.384000e+11
1.789040e+02 3.366000e+11
1.791540e+02 3.347000e+11
1.794040e+02 3.328000e+11
1.796540e+02 3.310000e+11
1.799040e+02 3.291000e+11
1.801540e+02 3.273000e+11
1.804040e+02 3.255000e+11
1.806540e+02 3.237000e+11
1.809040e+02 3.219000e+11
1.811540e+02 3.201000e+11
1.814040e+02 3.183000e+11
1.816540e+02 3.165000e+11
1.819050e+02 3.148000e+11
1.821550e+02 3.130000e+11
1.824050e+02 3.113000e+11
1.826550e+02 3.095000e+11
1.829050e+02 3.078000e+11
1.831550e+02 3.061000e+11
1.834050e+02 3.044000e+11
1.836550e+02 3.027000e+11
1.839050e+02 3.010000e+11
1.841550e+02 2.993000e+11
1.844050e+02 2.976000e+11
1.846550e+02 2.960000e+11
1.849050e+02 2.943000e+11
1.851560e+02 2.927000e+11
1.854060e+02 2.911000e+11
1.856560e+02 2.894000e+11
1.859060e+02 2.878000e+11
1.861560e+02 2.862000e+11
1.864060e+02 2.846000e+11
1.866560e+02 2.830000e+11
1.869060e+02 2.814000e+11
1.871560e+02 2.799000e+11
1.874060e+02 2.783000e+11
1.876560e+02 2.768000e+11
1.879060e+02 2.752000e+11
1.881560e+02 2.737000e+11
1.884070e+02 2.721000e+11
1.886570e+02 2.706000e+11
1.889070e+02 2.691000e+11
1.891570e+02 2.676000e+11
1.894070e+02 2.661000e+11
1.896570e+02 2.646000e+11
1.899070e+02 2.631000e+11
1.901570e+02 2.617000e+11
1.904070e+02 2.602000e+11
1.906570e+02 2.588000e+11
1.909070e+02 2.573000e+11
1.911570e+02 2.559000e+11
1.914070e+02 2.544000e+11
1.916570e+02 2.530000e+11
1.919080e+02 2.516000e+11
1.921580e+02 2.502000e+11
1.924080e+02 2.488000e+11
1.926580e+02 2.474000e+11
1.929080e+02 2.460000e+11
1.931580e+02 2.446000e+11
1.934080e+02 2.433000e+11
1.936580e+02 2.419000e+11
1.939080e+02 2.406000e+11
1.941580e+02 2.392000e+11
1.944080e+02 2.379000e+11
1.946580e+02 2.365000e+11
1.949080e+02 2.352000e+11
1.951590e+02 2.339000e+11
1.954090e+02 2.326000e+11
1.956590e+02 2.313000e+11
1.959090e+02 2.300000e+11
1.961590e+02 2.287000e+11
1.964090e+02 2.274000e+11
1.966590e+02 2.261000e+11
1.969090e+02 2.249000e+11
1.971590e+02 2.236000e+11
1.974090e+02 2.224000e+11
1.976590e+02 2.211000e+11
1.979090e+02 2.199000e+11
1.981590e+02 2.186000e+11
1.984100e+02 2.174000e+11
1.986600e+02 2.162000e+11
1.989100e+02 2.150000e+11
1.991600e+02 2.138000e+11
1.994100e+02 2.126000e+11
1.996600e+02 2.114000e+11
1.999100e+02 2.102000e+11
2.001600e+02 2.090000e+11
2.004100e+02 2.078000e+11
2.006600e+02 2.067000e+11
2.009100e+02 2.055000e+11
2.011600e+02 2.044000e+11
2.014100e+02 2.032000e+11
2.016600e+02 2.021000e+11
2.019110e+02 2.009000e+11
2.021610e+02 1.998000e+11
2.024110e+02 1.987000e+11
2.026610e+02 1.976000e+11
2.029110e+02 1.965000e+11
2.031610e+02 1.954000e+11
2.034110e+02 1.943000e+11
2.036610e+02 1.932000e+11
2.039110e+02 1.921000e+11
2.041610e+02 1.910000e+11
2.044110e+02 1.899000e+11
2.046610e+02 1.889000e+11
2.049110e+02 1.878000e+11
2.051620e+02 1.867000e+11
2.054120e+02 1.857000e+11
2.056620e+02 1.846000e+11
2.059120e+02 1.836000e+11
2.061620e+02 1.826000e+11
2.064120e+02 1.815000e+11
2.066620e+02 1.805000e+11
2.069120e+02 1.795000e+11
2.071620e+02 1.785000e+11
2.074120e+02 1.775000e+11
2.076620e+02 1.765000e+11
2.079120e+02 1.755000e+11
2.081620e+02 1.745000e+11
2.084130e+02 1.735000e+11
2.086630e+02 1.726000e+11
2.089130e+02 1.716000e+11
2.091630e+02 1.706000e+11
2.094130e+02 1.697000e+11
2.096630e+02 1.687000e+11
2.099130e+02 1.678000e+11
2.101630e+02 1.668000e+11
2.104130e+02 1.659000e+11
2.106630e+02 1.649000e+11
2.109130e+02 1.640000e+11
2.111630e+02 1.631000e+11
2.114130e+02 1.622000e+11
2.116630e+02 1.612000e+11
2.119140e+02 1.603000e+11
2.121640e+02 1.594000e+11
2.124140e+02 1.585000e+11
2.126640e+02 1.576000e+11
2.129140e+02 1.568000e+11
2.131640e+02 1.559000e+11
2.134140e+02 1.550000e+11
2.136640e+02 1.541000e+11
2.139140e+02 1.532000e+11
2.141640e+02 1.524000e+11
2.144140e+02 1.515000e+11
2.146640e+02 1.507000e+11
2.149140e+02 1.498000e+11
2.151650e+02 1.490000e+11
2.154150e+02 1.481000e+11
2.156650e+02 1.473000e+11
2.159150e+02 1.465000e+11
2.161650e+02 1.456000e+11
2.164150e+02 1.448000e+11
2.166650e+02 1.440000e+11
2.169150e+02 1.432000e+11
2.171650e+02 1.424000e+11
2.174150e+02 1.416000e+11
2.176650e+02 1.408000e+11
2.179150e+02 1.400000e+11
2.181650e+02 1.392000e+11
2.184160e+02 1.384000e+11
2.186660e+02 1.376000e+11
2.189160e+02 1.368000e+11
2.191660e+02 1.361000e+11
2.194160e+02 1.353000e+11
2.196660e+02 1.345000e+11
2.199160e+02 1.338000e+11
2.201660e+02 1.330000e+11
2.204160e+02 1.323000e+11
2.206660e+02 1.315000e+11
2.209160e+02 1.308000e+11
2.211660e+02 1.300000e+11
2.214160e+02 1.293000e+11
2.216660e+02 1.286000e+11
2.219170e+02 1.278000e+11
2.221670e+02 1.271000e+11
2.224170e+02 1.264000e+11
2.226670e+02 1.257000e+11
2.229170e+02 1.250000e+11
2.231670e+02 1.243000e+11
2.234170e+02 1.236000e+11
2.236670e+02 1.229000e+11
2.239170e+02 1.222000e+11
2.241670e+02 1.215000e+11
2.244170e+02 1.208000e+11
2.246670e+02 1.201000e+11
2.249170e+02 1.194000e+11
2.251680e+02 1.187000e+11
2.254180e+02 1.181000e+11
2.256680e+02 1.174000e+11
2.259180e+02 1.167000e+11
2.261680e+02 1.161000e+11
2.264180e+02 1.154000e+11
2.266680e+02 1.148000e+11
2.269180e+02 1.141000e+11
2.271680e+02 1.135000e+11
2.274180e+02 1.128000e+11
2.276680e+02 1.122000e+11
2.279180e+02 1.116000e+11
2.281680e+02 1.109000e+11
2.284190e+02 1.103000e+11
2.286690e+02 1.097000e+11
2.289190e+02 1.090000e+11
2.291690e+02 1.084000e+11
2.294190e+02 1.078000e+11
2.296690e+02 1.072000e+11
2.299190e+02 1.066000e+11
2.301690e+02 1.060000e+11
2.304190e+02 1.054000e+11
2.306690e+02 1.048000e+11
2.309190e+02 1.042000e+11
2.311690e+02 1.036000e+11
2.314190e+02 1.030000e+11
2.316690e+02 1.024000e+11
2.319200e+02 1.019000e+11
2.321700e+02 1.013000e+11
2.324200e+02 1.007000e+11
2.326700e+02 1.001000e+11
2.329200e+02 9.956000e+10
2.331700e+02 9.900000e+10
2.334200e+02 9.843000e+10
2.336700e+02 9.788000e+10
2.339200e+02 9.732000e+10
2.341700e+02 9.677000e+10
2.344200e+02 9.622000e+10
2.346700e+02 9.567000e+10
2.349200e+02 9.513000e+10
2.351710e+02 9.459000e+10
2.354210e+02 9.405000e+10
2.356710e+02 9.352000e+10
2.359210e+02 9.299000e+10
2.361710e+02 9.246000e+10
2.364210e+02 9.193000e+10
2.366710e+02 9.141000e+10
2.369210e+02 9.089000e+10
2.371710e+02 9.038000e+10
2.374210e+02 8.986000e+10
2.376710e+02 8.935000e+10
2.379210e+02 8.884000e+10
2.381710e+02 8.834000e+10
2.384220e+02 8.784000e+10
2.386720e+02 8.734000e+10
2.389220e+02 8.684000e+10
2.391720e+02 8.635000e+10
2.394220e+02 8.586000e+10
2.396720e+02 8.537000e+10
2.399220e+02 8.488000e+10
2.401720e+02 8.440000e+10
2.404220e+02 8.392000e+10
2.406720e+02 8.344000e+10
2.409220e+02 8.297000e+10
2.411720e+02 8.250000e+10
2.414220e+02 8.203000e+10
2.416720e+02 8.156000e+10
2.419230e+02 8.110000e+10
2.421730e+02 8.064000e+10
2.424230e+02 8.018000e+10
2.426730e+02 7.972000e+10
2.429230e+02 7.927000e+10
2.431730e+02 7.882000e+10
2.434230e+02 7.837000e+10
2.436730e+02 7.792000e+10
2.439230e+02 7.748000e+10
2.441730e+02 7.704000e+10
2.444230e+02 7.660000e+10
2.446730e+02 7.616000e+10
2.449230e+02 7.573000e+10
2.451740e+02 7.530000e+10
2.454240e+02 7.487000e+10
2.456740e+02 7.444000e+10
2.459240e+02 7.402000e+10
2.461740e+02 7.360000e+10
2.464240e+02 7.318000e+10
2.466740e+02 7.276000e+10
2.469240e+02 7.235000e+10
2.471740e+02 7.193000e+10
2.474240e+02 7.152000e+10
2.476740e+02 7.112000e+10
2.479240e+02 7.071000e+10
2.481740e+02 7.031000e+10
2.484250e+02 6.991000e+10
2.486750e+02 6.951000e+10
2.489250e+02 6.911000e+10
2.491750e+02 6.872000e+10
2.494250e+02 6.833000e+10
2.496750e+02 6.794000e+10
2.499250e+02 6.755000e+10
2.501750e+02 6.717000e+10
2.504250e+02 6.678000e+10
2.506750e+02 6.640000e+10
2.509250e+02 6.602000e+10
2.511750e+02 6.565000e+10
2.514250e+02 6.527000e+10
2.516750e+02 6.490000e+10
2.519260e+02 6.453000e+10
2.521760e+02 6.416000e+10
2.524260e+02 6.380000e+10
2.526760e+02 6.343000e+10
2.529260e+02 6.307000e+10
2.531760e+02 6.271000e+10
2.534260e+02 6.235000e+10
2.536760e+02 6.200000e+10
2.539260e+02 6.164000e+10
2.541760e+02 6.129000e+10
2.544260e+02 6.094000e+10
2.546760e+02 6.059000e+10
2.549260e+02 6.025000e+10
2.551770e+02 5.990000e+10
2.554270e+02 5.956000e+10
2.556770e+02 5.922000e+10
2.559270e+02 5.888000e+10
2.561770e+02 5.855000e+10
2.564270e+02 5.821000e+10
2.566770e+02 5.788000e+10
2.569270e+02 5.755000e+10
2.571770e+02 5.722000e+10
2.574270e+02 5.689000e+10
2.576770e+02 5.657000e+10
2.579270e+02 5.625000e+10
2.581770e+02 5.593000e+10
2.584280e+02 5.561000e+10
2.586780e+02 5.529000e+10
2.589280e+02 5.497000e+10
2.591780e+02 5.466000e+10
2.594280e+02 5.435000e+10
2.596780e+02 5.404000e+10
2.599280e+02 5.373000e+10
2.601780e+02 5.342000e+10
2.604280e+02 5.311000e+10
2.606780e+02 5.281000e+10
2.609280e+02 5.251000e+10
2.611780e+02 5.221000e+10
2.614280e+02 5.191000e+10
2.616780e+02 5.161000e+10
2.619290e+02 5.132000e+10
2.621790e+02 5.102000e+10
2.624290e+02 5.073000e+10
2.626790e+02 5.044000e+10
2.629290e+02 5.015000e+10
2.631790e+02 4.987000e+10
2.634290e+02 4.958000e+10
2.636790e+02 4.930000e+10
2.639290e+02 4.902000e+10
2.641790e+02 4.874000e+10
2.644290e+02 4.846000e+10
2.646790e+02 4.818000e+10
2.649290e+02 4.790000e+10
2.651800e+02 4.763000e+10
2.654300e+02 4.736000e+10
2.656800e+02 4.709000e+10
2.659300e+02 4.682000e+10
2.661800e+02 4.655000e+10
2.664300e+02 4.628000e+10
2.666800e+02 4.602000e+10
2.669300e+02 4.576000e+10
2.671800e+02 4.549000e+10
2.674300e+02 4.523000e+10
2.676800e+02 4.497000e+10
2.679300e+02 4.472000e+10
2.681800e+02 4.446000e+10
2.684310e+02 4.421000e+10
2.686810e+02 4.395000e+10
2.689310e+02 4.370000e+10
2.691810e+02 4.345000e+10
2.694310e+02 4.320000e+10
2.696810e+02 4.295000e+10
2.699310e+02 4.271000e+10
2.701810e+02 4.246000e+10
2.704310e+02 4.222000e+10
2.706810e+02 4.198000e+10
2.709310e+02 4.174000e+10
2.711810e+02 4.150000e+10
2.714310e+02 4.126000e+10
2.716810e+02 4.102000e+10
2.719320e+02 4.079000e+10
2.721820e+02 4.056000e+10
2.724320e+02 4.032000e+10
2.726820e+02 4.009000e+10
2.729320e+02 3.986000e+10
2.731820e+02 3.963000e+10
2.734320e+02 3.941000e+10
2.736820e+02 3.918000e+10
2.739320e+02 3.896000e+10
2.741820e+02 3.873000e+10
2.744320e+02 3.851000e+10
2.746820e+02 3.829000e+10
2.749320e+02 3.807000e+10
2.751830e+02 3.785000e+10
2.754330e+02 3.764000e+10
2.756830e+02 3.742000e+10
2.759330e+02 3.720000e+10
2.761830e+02 3.699000e+10
2.764330e+02 3.678000e+10
2.766830e+02 3.657000e+10
2.769330e+02 3.636000e+10
2.771830e+02 3.615000e+10
2.774330e+02 3.594000e+10
2.776830e+02 3.574000e+10
2.779330e+02 3.553000e+10
2.781830e+02 3.533000e+10
2.784340e+02 3.512000e+10
2.786840e+02 3.492000e+10
2.789340e+02 3.472000e+10
2.791840e+02 3.452000e+10
2.794340e+02 3.433000e+10
2.796840e+02 3.413000e+10
2.799340e+02 3.393000e+10
2.801840e+02 3.374000e+10
2.804340e+02 3.354000e+10
2.806840e+02 3.335000e+10
2.809340e+02 3.316000e+10
2.811840e+02 3.297000e+10
2.814340e+02 3.278000e+10
2.816840e+02 3.259000e+10
2.819350e+02 3.240000e+10
2.821850e+02 3.222000e+10
2.824350e+02 3.203000e+10
2.826850e+02 3.185000e+10
2.829350e+02 3.167000e+10
2.831850e+02 3.148000e+10
2.834350e+02 3.130000e+10
2.836850e+02 3.112000e+10
2.839350e+02 3.095000e+10
2.841850e+02 3.077000e+10
2.844350e+02 3.059000e+10
2.846850e+02 3.042000e+10
2.849350e+02 3.024000e+10
2.851860e+02 3.007000e+10
2.854360e+02 2.989000e+10
2.856860e+02 2.972000e+10
2.859360e+02 2.955000e+10
2.861860e+02 2.938000e+10
2.864360e+02 2.921000e+10
2.866860e+02 2.904000e+10
2.869360e+02 2.888000e+10
2.871860e+02 2.871000e+10
2.874360e+02 2.855000e+10
2.876860e+02 2.838000e+10
2.879360e+02 2.822000e+10
2.881860e+02 2.806000e+10
2.884370e+02 2.790000e+10
2.886870e+02 2.774000e+10
2.889370e+02 2.758000e+10
2.891870e+02 2.742000e+10
2.894370e+02 2.726000e+10
2.896870e+02 2.710000e+10
2.899370e+02 2.695000e+10
2.901870e+02 2.679000e+10
2.904370e+02 2.664000e+10
2.906870e+02 2.648000e+10
2.909370e+02 2.633000e+10
2.911870e+02 2.618000e+10
2.914370e+02 2.603000e+10
2.916870e+02 2.588000e+10
2.919380e+02 2.573000e+10
2.921880e+02 2.558000e+10
2.924380e+02 2.544000e+10
2.926880e+02 2.529000e+10
2.929380e+02 2.514000e+10
2.931880e+02 2.500000e+10
2.934380e+02 2.486000e+10
2.936880e+02 2.471000e+10
2.939380e+02 2.457000e+10
2.941880e+02 2.443000e+10
2.944380e+02 2.429000e+10
2.946880e+02 2.415000e+10
2.949380e+02 2.401000e+10
2.951890e+02 2.387000e+10
2.954390e+02 2.373000e+10
2.956890e+02 2.360000e+10
2.959390e+02 2.346000e+10
2.961890e+02 2.333000e+10
2.964390e+02 2.319000e+10
2.966890e+02 2.306000e+10
2.969390e+02 2.293000e+10
2.971890e+02 2.279000e+10
2.974390e+02 2.266000e+10
2.976890e+02 2.253000e+10
2.979390e+02 2.240000e+10
2.981890e+02 2.227000e+10
2.984400e+02 2.214000e+10
2.986900e+02 2.202000e+10
2.989400e+02 2.189000e+10
2.991900e+02 2.176000e+10
2.994400e+02 2.164000e+10
2.996900e+02 2.151000e+10
2.999400e+02 2.139000e+10
3.001900e+02 2.127000e+10
3.004400e+02 2.114000e+10
3.006900e+02 2.102000e+10
3.009400e+02 2.090000e+10
3.011900e+02 2.078000e+10
3.014400e+02 2.066000e+10
3.016900e+02 2.054000e+10
3.019410e+02 2.042000e+10
3.021910e+02 2.031000e+10
3.024410e+02 2.019000e+10
3.026910e+02 2.007000e+10
3.029410e+02 1.996000e+10
3.031910e+02 1.984000e+10
3.034410e+02 1.973000e+10
3.036910e+02 1.961000e+10
3.039410e+02 1.950000e+10
3.041910e+02 1.939000e+10
3.044410e+02 1.928000e+10
3.046910e+02 1.916000e+10
3.049410e+02 1.905000e+10
3.051920e+02 1.894000e+10
3.054420e+02 1.884000e+10
3.056920e+02 1.873000e+10
3.059420e+02 1.862000e+10
3.061920e+02 1.851000e+10
3.064420e+02 1.840000e+10
3.066920e+02 1.830000e+10
3.069420e+02 1.819000e+10
3.071920e+02 1.809000e+10
3.074420e+02 1.798000e+10
3.076920e+02 1.788000e+10
3.079420e+02 1.778000e+10
3.081920e+02 1.767000e+10
3.084430e+02 1.757000e+10
3.086930e+02 1.747000e+10
3.089430e+02 1.737000e+10
3.091930e+02 1.727000e+10
3.094430e+02 1.717000e+10
3.096930e+02 1.707000e+10
3.099430e+02 1.697000e+10
3.101930e+02 1.687000e+10
3.104430e+02 1.678000e+10
3.106930e+02 1.668000e+10
3.109430e+02 1.658000e+10
3.111930e+02 1.649000e+10
3.114430e+02 1.639000e+10
3.116930e+02 1.630000e+10
3.119440e+02 1.620000e+10
3.121940e+02 1.611000e+10
3.124440e+02 1.602000e+10
3.126940e+02 1.592000e+10
3.129440e+02 1.583000e+10
3.131940e+02 1.574000e+10
3.134440e+02 1.565000e+10
3.136940e+02 1.556000e+10
3.139440e+02 1.547000e+10
3.141940e+02 1.538000e+10
3.144440e+02 1.529000e+10
3.146940e+02 1.520000e+10
3.149440e+02 1.512000e+10
3.151950e+02 1.503000e+10
3.154450e+02 1.494000e+10
3.156950e+02 1.486000e+10
3.159450e+02 1.477000e+10
3.161950e+02 1.468000e+10
3.164450e+02 1.460000e+10
3.166950e+02 1.451000e+10
3.169450e+02 1.443000e+10
3.171950e+02 1.435000e+10
3.174450e+02 1.426000e+10
3.176950e+02 1.418000e+10
3.179450e+02 1.410000e+10
3.181950e+02 1.402000e+10
3.184460e+02 1.394000e+10
3.186960e+02 1.386000e+10
3.189460e+02 1.378000e+10
3.191960e+02 1.370000e+10
3.194460e+02 1.362000e+10
3.196960e+02 1.354000e+10
3.199460e+02 1.346000e+10
3.201960e+02 1.338000e+10
3.204460e+02 1.331000e+10
3.206960e+02 1.323000e+10
3.209460e+02 1.315000e+10
3.211960e+02 1.308000e+10
3.214460e+02 1.300000e+10
3.216960e+02 1.293000e+10
3.219470e+02 1.285000e+10
3.221970e+02 1.278000e+10
3.224470e+02 1.270000e+10
3.226970e+02 1.263000e+10
3.229470e+02 1.256000e+10
3.231970e+02 1.248000e+10
3.234470e+02 1.241000e+10
3.236970e+02 1.234000e+10
3.239470e+02 1.227000e+10
3.241970e+02 1.220000e+10
3.244470e+02 1.213000e+10
3.246970e+02 1.206000e+10
3.249470e+02 1.199000e+10
3.251980e+02 1.192000e+10
3.254480e+02 1.185000e+10
3.256980e+02 1.178000e+10
3.259480e+02 1.171000e+10
3.261980e+02 1.164000e+10
3.264480e+02 1.158000e+10
3.266980e+02 1.151000e+10
3.269480e+02 1.144000e+10
3.271980e+02 1.138000e+10
3.274480e+02 1.131000e+10
3.276980e+02 1.125000e+10
3.279480e+02 1.118000e+10
3.281980e+02 1.112000e+10
3.284490e+02 1.105000e+10
3.286990e+02 1.099000e+10
3.289490e+02 1.092000e+10
3.291990e+02 1.086000e+10
3.294490e+02 1.080000e+10
3.296990e+02 1.073000e+10
3.299490e+02 1.067000e+10
3.301990e+02 1.061000e+10
3.304490e+02 1.055000e+10
3.306990e+02 1.049000e+10
3.309490e+02 1.043000e+10
3.311990e+02 1.037000e+10
3.314490e+02 1.031000e+10
3.316990e+02 1.025000e+10
3.319500e+02 1.019000e+10
3.322000e+02 1.013000e+10
3.324500e+02 1.007000e+10
3.327000e+02 1.001000e+10
3.329500e+02 9.954000e+09
3.332000e+02 9.896000e+09
3.334500e+02 9.839000e+09
3.337000e+02 9.782000e+09
3.339500e+02 9.725000e+09
3.342000e+02 9.669000e+09
3.344500e+02 9.613000e+09
3.347000e+02 9.557000e+09
3.349500e+02 9.502000e+09
3.352010e+02 9.447000e+09
3.354510e+02 9.392000e+09
3.357010e+02 9.337000e+09
3.359510e+02 9.283000e+09
3.362010e+02 9.229000e+09
3.364510e+02 9.176000e+09
3.367010e+02 9.123000e+09
3.369510e+02 9.070000e+09
3.372010e+02 9.017000e+09
3.374510e+02 8.965000e+09
3.377010e+02 8.913000e+09
3.379510e+02 8.861000e+09
3.382010e+02 8.810000e+09
3.384520e+02 8.759000e+09
3.387020e+02 8.708000e+09
3.389520e+02 8.658000e+09
3.392020e+02 8.607000e+09
3.394520e+02 8.558000e+09
3.397020e+02 8.508000e+09
3.399520e+02 8.459000e+09
3.402020e+02 8.409000e+09
3.404520e+02 8.361000e+09
3.407020e+02 8.312000e+09
3.409520e+02 8.264000e+09
3.412020e+02 8.216000e+09
3.414520e+02 8.168000e+09
3.417030e+02 8.121000e+09
3.419530e+02 8.074000e+09
3.422030e+02 8.027000e+09
3.424530e+02 7.981000e+09
3.427030e+02 7.934000e+09
3.429530e+02 7.888000e+09
3.432030e+02 7.842000e+09
3.434530e+02 7.797000e+09
3.437030e+02 7.752000e+09
3.439530e+02 7.707000e+09
3.442030e+02 7.662000e+09
3.444530e+02 7.618000e+09
3.447030e+02 7.573000e+09
3.449530e+02 7.529000e+09
3.452040e+02 7.486000e+09
3.454540e+02 7.442000e+09
3.457040e+02 7.399000e+09
3.459540e+02 7.356000e+09
3.462040e+02 7.313000e+09
3.464540e+02 7.271000e+09
3.467040e+02 7.229000e+09
3.469540e+02 7.187000e+09
3.472040e+02 7.145000e+09
3.474540e+02 7.104000e+09
3.477040e+02 7.062000e+09
3.479540e+02 7.021000e+09
3.482040e+02 6.981000e+09
3.484550e+02 6.940000e+09
3.487050e+02 6.900000e+09
3.489550e+02 6.860000e+09
3.492050e+02 6.820000e+09
3.494550e+02 6.780000e+09
3.497050e+02 6.741000e+09
3.499550e+02 6.702000e+09
3.502050e+02 6.663000e+09
3.504550e+02 6.624000e+09
3.507050e+02 6.586000e+09
3.509550e+02 6.547000e+09
3.512050e+02 6.509000e+09
3.514550e+02 6.471000e+09
3.517060e+02 6.434000e+09
3.519560e+02 6.397000e+09
3.522060e+02 6.359000e+09
3.524560e+02 6.322000e+09
3.527060e+02 6.286000e+09
3.529560e+02 6.249000e+09
3.532060e+02 6.213000e+09
3.534560e+02 6.177000e+09
3.537060e+02 6.141000e+09
3.539560e+02 6.105000e+09
3.542060e+02 6.070000e+09
3.544560e+02 6.034000e+09
3.547060e+02 5.999000e+09
3.549560e+02 5.965000e+09
3.552070e+02 5.930000e+09
3.554570e+02 5.895000e+09
3.557070e+02 5.861000e+09
3.559570e+02 5.827000e+09
3.562070e+02 5.793000e+09
3.564570e+02 5.760000e+09
3.567070e+02 5.726000e+09
3.569570e+02 5.693000e+09
3.572070e+02 5.660000e+09
3.574570e+02 5.627000e+09
3.577070e+02 5.594000e+09
3.579570e+02 5.562000e+09
3.582070e+02 5.529000e+09
3.584580e+02 5.497000e+09
3.587080e+02 5.465000e+09
3.589580e+02 5.433000e+09
3.592080e+02 5.402000e+09
3.594580e+02 5.370000e+09
3.597080e+02 5.339000e+09
3.599580e+02 5.308000e+09
3.602080e+02 5.277000e+09
3.604580e+02 5.246000e+09
3.607080e+02 5.216000e+09
3.609580e+02 5.186000e+09
3.612080e+02 5.155000e+09
3.614580e+02 5.125000e+09
3.617090e+02 5.096000e+09
3.619590e+02 5.066000e+09
3.622090e+02 5.037000e+09
3.624590e+02 5.007000e+09
3.627090e+02 4.978000e+09
3.629590e+02 4.949000e+09
3.632090e+02 4.920000e+09
3.634590e+02 4.892000e+09
3.637090e+02 4.863000e+09
3.639590e+02 4.835000e+09
3.642090e+02 4.807000e+09
3.644590e+02 4.779000e+09
3.647090e+02 4.751000e+09
3.649590e+02 4.723000e+09
3.652100e+02 4.696000e+09
3.654600e+02 4.669000e+09
3.657100e+02 4.641000e+09
3.659600e+02 4.614000e+09
3.662100e+02 4.588000e+09
3.664600e+02 4.561000e+09
3.667100e+02 4.534000e+09
3.669600e+02 4.508000e+09
3.672100e+02 4.482000e+09
3.674600e+02 4.456000e+09
3.677100e+02 4.430000e+09
3.679600e+02 4.404000e+09
3.682100e+02 4.378000e+09
3.684610e+02 4.353000e+09
3.687110e+02 4.327000e+09
3.689610e+02 4.302000e+09
3.692110e+02 4.277000e+09
3.694610e+02 4.252000e+09
3.697110e+02 4.228000e+09
3.699610e+02 4.203000e+09
3.702110e+02 4.178000e+09
3.704610e+02 4.154000e+09
3.707110e+02 4.130000e+09
3.709610e+02 4.106000e+09
3.712110e+02 4.082000e+09
3.714610e+02 4.058000e+09
3.717120e+02 4.035000e+09
3.719620e+02 4.011000e+09
3.722120e+02 3.988000e+09
3.724620e+02 3.964000e+09
3.727120e+02 3.941000e+09
3.729620e+02 3.918000e+09
3.732120e+02 3.896000e+09
3.734620e+02 3.873000e+09
3.737120e+02 3.850000e+09
3.739620e+02 3.828000e+09
3.742120e+02 3.806000e+09
3.744620e+02 3.783000e+09
3.747120e+02 3.761000e+09
3.749620e+02 3.740000e+09
3.752130e+02 3.718000e+09
3.754630e+02 3.696000e+09
3.757130e+02 3.675000e+09
3.759630e+02 3.653000e+09
3.762130e+02 3.632000e+09
3.764630e+02 3.611000e+09
3.767130e+02 3.590000e+09
3.769630e+02 3.569000e+09
3.772130e+02 3.548000e+09
3.774630e+02 3.527000e+09
3.777130e+02 3.507000e+09
3.779630e+02 3.486000e+09
3.782130e+02 3.466000e+09
3.784640e+02 3.446000e+09
3.787140e+02 3.426000e+09
3.789640e+02 3.406000e+09
3.792140e+02 3.386000e+09
3.794640e+02 3.366000e+09
3.797140e+02 3.346000e+09
3.799640e+02 3.327000e+09
3.802140e+02 3.308000e+09
3.804640e+02 3.288000e+09
3.807140e+02 3.269000e+09
3.809640e+02 3.250000e+09
3.812140e+02 3.231000e+09
3.814640e+02 3.212000e+09
3.817150e+02 3.194000e+09
3.819650e+02 3.175000e+09
3.822150e+02 3.156000e+09
3.824650e+02 3.138000e+09
3.827150e+02 3.120000e+09
3.829650e+02 3.102000e+09
3.832150e+02 3.083000e+09
3.834650e+02 3.065000e+09
3.837150e+02 3.048000e+09
3.839650e+02 3.030000e+09
3.842150e+02 3.012000e+09
3.844650e+02 2.995000e+09
3.847150e+02 2.977000e+09
3.849650e+02 2.960000e+09
3.852160e+02 2.942000e+09
3.854660e+02 2.925000e+09
3.857160e+02 2.908000e+09
3.859660e+02 2.891000e+09
3.862160e+02 2.874000e+09
3.864660e+02 2.858000e+09
3.867160e+02 2.841000e+09
3.869660e+02 2.824000e+09
3.872160e+02 2.808000e+09
3.874660e+02 2.792000e+09
3.877160e+02 2.775000e+09
3.879660e+02 2.759000e+09
3.882160e+02 2.743000e+09
3.884670e+02 2.727000e+09
3.887170e+02 2.711000e+09
3.889670e+02 2.695000e+09
3.892170e+02 2.679000e+09
3.894670e+02 2.664000e+09
3.897170e+02 2.648000e+09
3.899670e+02 2.633000e+09
3.902170e+02 2.617000e+09
3.904670e+02 2.602000e+09
3.907170e+02 2.587000e+09
3.909670e+02 2.572000e+09
3.912170e+02 2.557000e+09
3.914670e+02 2.542000e+09
3.917180e+02 2.527000e+09
3.919680e+02 2.512000e+09
3.922180e+02 2.498000e+09
3.924680e+02 2.483000e+09
3.927180e+02 2.469000e+09
3.929680e+02 2.454000e+09
3.932180e+02 2.440000e+09
3.934680e+02 2.426000e+09
3.937180e+02 2.411000e+09
3.939680e+02 2.397000e+09
3.942180e+02 2.383000e+09
3.944680e+02 2.370000e+09
3.947180e+02 2.356000e+09
3.949680e+02 2.342000e+09
3.952190e+02 2.328000e+09
3.954690e+02 2.315000e+09
3.957190e+02 2.301000e+09
3.959690e+02 2.288000e+09
3.962190e+02 2.274000e+09
3.964690e+02 2.261000e+09
3.967190e+02 2.248000e+09
3.969690e+02 2.235000e+09
3.972190e+02 2.222000e+09
3.974690e+02 2.209000e+09
3.977190e+02 2.196000e+09
3.979690e+02 2.183000e+09
3.982190e+02 2.170000e+09
3.984700e+02 2.158000e+09
3.987200e+02 2.145000e+09
3.989700e+02 2.132000e+09
3.992200e+02 2.120000e+09
3.994700e+02 2.108000e+09
3.997200e+02 2.095000e+09
3.999700e+02 2.083000e+09
4.002200e+02 2.071000e+09
4.004700e+02 2.059000e+09
4.007200e+02 2.047000e+09
4.009700e+02 2.035000e+09
4.012200e+02 2.023000e+09
4.014700e+02 2.011000e+09
4.017210e+02 1.999000e+09
4.019710e+02 1.988000e+09
4.022210e+02 1.976000e+09
4.024710e+02 1.964000e+09
4.027210e+02 1.953000e+09
4.029710e+02 1.942000e+09
4.032210e+02 1.930000e+09
4.034710e+02 1.919000e+09
4.037210e+02 1.908000e+09
4.039710e+02 1.897000e+09
4.042210e+02 1.885000e+09
4.044710e+02 1.874000e+09
4.047210e+02 1.863000e+09
4.049710e+02 1.853000e+09
4.052220e+02 1.842000e+09
4.054720e+02 1.831000e+09
4.057220e+02 1.820000e+09
4.059720e+02 1.810000e+09
4.062220e+02 1.799000e+09
4.064720e+02 1.789000e+09
4.067220e+02 1.778000e+09
4.069720e+02 1.768000e+09
4.072220e+02 1.757000e+09
4.074720e+02 1.747000e+09
4.077220e+02 1.737000e+09
4.079720e+02 1.727000e+09
4.082220e+02 1.717000e+09
4.084730e+02 1.707000e+09
4.087230e+02 1.697000e+09
4.089730e+02 1.687000e+09
4.092230e+02 1.677000e+09
4.094730e+02 1.667000e+09
4.097230e+02 1.657000e+09
4.099730e+02 1.648000e+09
4.102230e+02 1.638000e+09
4.104730e+02 1.628000e+09
4.107230e+02 1.619000e+09
4.109730e+02 1.609000e+09
4.112230e+02 1.600000e+09
4.114730e+02 1.591000e+09
4.117240e+02 1.581000e+09
4.119740e+02 1.572000e+09
4.122240e+02 1.563000e+09
4.124740e+02 1.554000e+09
4.127240e+02 1.545000e+09
4.129740e+02 1.536000e+09
4.132240e+02 1.527000e+09
4.134740e+02 1.518000e+09
4.137240e+02 1.509000e+09
4.139740e+02 1.500000e+09
4.142240e+02 1.491000e+09
4.144740e+02 1.482000e+09
4.147240e+02 1.474000e+09
4.149740e+02 1.465000e+09
4.152250e+02 1.457000e+09
4.154750e+02 1.448000e+09
4.157250e+02 1.440000e+09
4.159750e+02 1.431000e+09
4.162250e+02 1.423000e+09
4.164750e+02 1.414000e+09
4.167250e+02 1.406000e+09
4.169750e+02 1.398000e+09
4.172250e+02 1.390000e+09
4.174750e+02 1.382000e+09
4.177250e+02 1.374000e+09
4.179750e+02 1.366000e+09
4.182250e+02 1.358000e+09
4.184760e+02 1.350000e+09
4.187260e+02 1.342000e+09
4.189760e+02 1.334000e+09
4.192260e+02 1.326000e+09
4.194760e+02 1.318000e+09
4.197260e+02 1.311000e+09
4.199760e+02 1.303000e+09
4.202260e+02 1.295000e+09
4.204760e+02 1.288000e+09
4.207260e+02 1.280000e+09
4.209760e+02 1.273000e+09
4.212260e+02 1.265000e+09
4.214760e+02 1.258000e+09
4.217270e+02 1.250000e+09
4.219770e+02 1.243000e+09
4.222270e+02 1.236000e+09
4.224770e+02 1.229000e+09
4.227270e+02 1.221000e+09
4.229770e+02 1.214000e+09
4.232270e+02 1.207000e+09
4.234770e+02 1.200000e+09
4.237270e+02 1.193000e+09
4.239770e+02 1.186000e+09
4.242270e+02 1.179000e+09
4.244770e+02 1.172000e+09
4.247270e+02 1.165000e+09
4.249770e+02 1.158000e+09
4.252280e+02 1.152000e+09
4.254780e+02 1.145000e+09
4.257280e+02 1.138000e+09
4.259780e+02 1.132000e+09
4.262280e+02 1.125000e+09
4.264780e+02 1.118000e+09
4.267280e+02 1.112000e+09
4.269780e+02 1.105000e+09
4.272280e+02 1.099000e+09
4.274780e+02 1.092000e+09
4.277280e+02 1.086000e+09
4.279780e+02 1.080000e+09
4.282280e+02 1.073000e+09
4.284790e+02 1.067000e+09
4.287290e+02 1.061000e+09
4.289790e+02 1.055000e+09
4.292290e+02 1.048000e+09
4.294790e+02 1.042000e+09
4.297290e+02 1.036000e+09
4.299790e+02 1.030000e+09
4.302290e+02 1.024000e+09
4.304790e+02 1.018000e+09
4.307290e+02 1.012000e+09
4.309790e+02 1.006000e+09
4.312290e+02 1.000000e+09
4.314790e+02 9.943000e+08
4.317300e+02 9.885000e+08
4.319800e+02 9.827000e+08
4.322300e+02 9.770000e+08
4.324800e+02 9.712000e+08
4.327300e+02 9.655000e+08
4.329800e+02 9.599000e+08
4.332300e+02 9.543000e+08
4.334800e+02 9.487000e+08
4.337300e+02 9.431000e+08
4.339800e+02 9.376000e+08
4.342300e+02 9.321000e+08
4.344800e+02 9.266000e+08
4.347300e+02 9.212000e+08
4.349800e+02 9.158000e+08
4.352310e+02 9.104000e+08
4.354810e+02 9.051000e+08
4.357310e+02 8.998000e+08
4.359810e+02 8.945000e+08
4.362310e+02 8.893000e+08
4.364810e+02 8.840000e+08
4.367310e+02 8.789000e+08
4.369810e+02 8.737000e+08
4.372310e+02 8.686000e+08
4.374810e+02 8.635000e+08
4.377310e+02 8.584000e+08
4.379810e+02 8.534000e+08
4.382310e+02 8.484000e+08
4.384820e+02 8.434000e+08
4.387320e+02 8.385000e+08
4.389820e+02 8.336000e+08
4.392320e+02 8.287000e+08
4.394820e+02 8.238000e+08
4.397320e+02 8.190000e+08
4.399820e+02 8.142000e+08
4.402320e+02 8.094000e+08
4.404820e+02 8.046000e+08
4.407320e+02 7.999000e+08
4.409820e+02 7.952000e+08
4.412320e+02 7.906000e+08
4.414820e+02 7.859000e+08
4.417330e+02 7.813000e+08
4.419830e+02 7.767000e+08
4.422330e+02 7.722000e+08
4.424830e+02 7.677000e+08
4.427330e+02 7.631000e+08
4.429830e+02 7.587000e+08
4.432330e+02 7.542000e+08
4.434830e+02 7.498000e+08
4.437330e+02 7.454000e+08
4.439830e+02 7.410000e+08
4.442330e+02 7.367000e+08
4.444830e+02 7.324000e+08
4.447330e+02 7.281000e+08
4.449830e+02 7.238000e+08
4.452340e+02 7.195000e+08
4.454840e+02 7.153000e+08
4.457340e+02 7.111000e+08
4.459840e+02 7.069000e+08
4.462340e+02 7.028000e+08
4.464840e+02 6.987000e+08
4.467340e+02 6.946000e+08
4.469840e+02 6.905000e+08
4.472340e+02 6.864000e+08
4.474840e+02 6.824000e+08
4.477340e+02 6.784000e+08
4.479840e+02 6.744000e+08
4.482340e+02 6.705000e+08
4.484850e+02 6.665000e+08
4.487350e+02 6.626000e+08
4.489850e+02 6.587000e+08
4.492350e+02 6.549000e+08
4.494850e+02 6.510000e+08
4.497350e+02 6.472000e+08
4.499850e+02 6.434000e+08
4.502350e+02 6.396000e+08
4.504850e+02 6.359000e+08
4.507350e+02 6.321000e+08
4.509850e+02 6.284000e+08
4.512350e+02 6.247000e+08
4.514850e+02 6.211000e+08
4.517360e+02 6.174000e+08
4.519860e+02 6.138000e+08
4.522360e+02 6.102000e+08
4.524860e+02 6.066000e+08
4.527360e+02 6.031000e+08
4.529860e+02 5.995000e+08
4.532360e+02 5.960000e+08
4.534860e+02 5.925000e+08
4.537360e+02 5.890000e+08
4.539860e+02 5.856000e+08
4.542360e+02 5.821000e+08
4.544860e+02 5.787000e+08
4.547360e+02 5.753000e+08
4.549860e+02 5.719000e+08
4.552370e+02 5.686000e+08
4.554870e+02 5.652000e+08
4.557370e+02 5.619000e+08
4.559870e+02 5.586000e+08
4.562370e+02 5.553000e+08
4.564870e+02 5.521000e+08
4.567370e+02 5.488000e+08
4.569870e+02 5.456000e+08
4.572370e+02 5.424000e+08
4.574870e+02 5.392000e+08
4.577370e+02 5.360000e+08
4.579870e+02 5.329000e+08
4.582370e+02 5.298000e+08
4.584880e+02 5.266000e+08
4.587380e+02 5.236000e+08
4.589880e+02 5.205000e+08
4.592380e+02 5.174000e+08
4.594880e+02 5.144000e+08
4.597380e+02 5.114000e+08
4.599880e+02 5.084000e+08
4.602380e+02 5.054000e+08
4.604880e+02 5.024000e+08
4.607380e+02 4.994000e+08
4.609880e+02 4.965000e+08
4.612380e+02 4.936000e+08
4.614880e+02 4.907000e+08
4.617390e+02 4.878000e+08
4.619890e+02 4.849000e+08
4.622390e+02 4.821000e+08
4.624890e+02 4.793000e+08
4.627390e+02 4.764000e+08
4.629890e+02 4.737000e+08
4.632390e+02 4.709000e+08
4.634890e+02 4.681000e+08
4.637390e+02 4.653000e+08
4.639890e+02 4.626000e+08
4.642390e+02 4.599000e+08
4.644890e+02 4.572000e+08
4.647390e+02 4.545000e+08
4.649890e+02 4.518000e+08
4.652400e+02 4.492000e+08
4.654900e+02 4.465000e+08
4.657400e+02 4.439000e+08
4.659900e+02 4.413000e+08
4.662400e+02 4.387000e+08
4.664900e+02 4.361000e+08
4.667400e+02 4.336000e+08
4.669900e+02 4.310000e+08
4.672400e+02 4.285000e+08
4.674900e+02 4.260000e+08
4.677400e+02 4.235000e+08
4.679900e+02 4.210000e+08
4.682400e+02 4.185000e+08
4.684910e+02 4.160000e+08
4.687410e+02 4.136000e+08
4.689910e+02 4.112000e+08
4.692410e+02 4.087000e+08
4.694910e+02 4.063000e+08
4.697410e+02 4.040000e+08
4.699910e+02 4.016000e+08
4.702410e+02 3.992000e+08
4.704910e+02 3.969000e+08
4.707410e+02 3.945000e+08
4.709910e+02 3.922000e+08
4.712410e+02 3.899000e+08
4.714910e+02 3.876000e+08
4.717420e+02 3.853000e+08
4.719920e+02 3.831000e+08
4.722420e+02 3.808000e+08
4.724920e+02 3.786000e+08
4.727420e+02 3.764000e+08
4.729920e+02 3.741000e+08
4.732420e+02 3.719000e+08
4.734920e+02 3.698000e+08
4.737420e+02 3.676000e+08
4.739920e+02 3.654000e+08
4.742420e+02 3.633000e+08
4.744920e+02 3.611000e+08
4.747420e+02 3.590000e+08
4.749920e+02 3.569000e+08
4.752430e+02 3.548000e+08
4.754930e+02 3.527000e+08
4.757430e+02 3.506000e+08
4.759930e+02 3.486000e+08
4.762430e+02 3.465000e+08
4.764930e+02 3.445000e+08
4.767430e+02 3.425000e+08
4.769930e+02 3.404000e+08
4.772430e+02 3.384000e+08
4.774930e+02 3.364000e+08
4.777430e+02 3.345000e+08
4.779930e+02 3.325000e+08
4.782430e+02 3.305000e+08
4.784940e+02 3.286000e+08
4.787440e+02 3.267000e+08
4.789940e+02 3.247000e+08
4.792440e+02 3.228000e+08
4.794940e+02 3.209000e+08
4.797440e+02 3.190000e+08
4.799940e+02 3.172000e+08
4.802440e+02 3.153000e+08
4.804940e+02 3.134000e+08
4.807440e+02 3.116000e+08
4.809940e+02 3.098000e+08
4.812440e+02 3.079000e+08
4.814940e+02 3.061000e+08
4.817450e+02 3.043000e+08
4.819950e+02 3.025000e+08
4.822450e+02 3.008000e+08
4.824950e+02 2.990000e+08
4.827450e+02 2.972000e+08
4.829950e+02 2.955000e+08
4.832450e+02 2.937000e+08
4.834950e+02 2.920000e+08
4.837450e+02 2.903000e+08
4.839950e+02 2.886000e+08
4.842450e+02 2.869000e+08
4.844950e+02 2.852000e+08
4.847450e+02 2.835000e+08
4.849950e+02 2.819000e+08
4.852460e+02 2.802000e+08
4.854960e+02 2.785000e+08
4.857460e+02 2.769000e+08
4.859960e+02 2.753000e+08
4.862460e+02 2.737000e+08
4.864960e+02 2.720000e+08
4.867460e+02 2.704000e+08
4.869960e+02 2.689000e+08
4.872460e+02 2.673000e+08
4.874960e+02 2.657000e+08
4.877460e+02 2.641000e+08
4.879960e+02 2.626000e+08
4.882460e+02 2.610000e+08
4.884970e+02 2.595000e+08
4.887470e+02 2.580000e+08
4.889970e+02 2.564000e+08
4.892470e+02 2.549000e+08
4.894970e+02 2.534000e+08
4.897470e+02 2.519000e+08
4.899970e+02 2.505000e+08
4.902470e+02 2.490000e+08
4.904970e+02 2.475000e+08
4.907470e+02 2.461000e+08
4.909970e+02 2.446000e+08
4.912470e+02 2.432000e+08
4.914970e+02 2.417000e+08
4.917480e+02 2.403000e+08
4.919980e+02 2.389000e+08
4.922480e+02 2.375000e+08
4.924980e+02 2.361000e+08
4.927480e+02 2.347000e+08
4.929980e+02 2.333000e+08
4.932480e+02 2.319000e+08
4.934980e+02 2.306000e+08
4.937480e+02 2.292000e+08
4.939980e+02 2.279000e+08
4.942480e+02 2.265000e+08
4.944980e+02 2.252000e+08
4.947480e+02 2.239000e+08
4.949980e+02 2.226000e+08
4.952490e+02 2.212000e+08
4.954990e+02 2.199000e+08
4.957490e+02 2.186000e+08
4.959990e+02 2.174000e+08
4.962490e+02 2.161000e+08
4.964990e+02 2.148000e+08
4.967490e+02 2.135000e+08
4.969990e+02 2.123000e+08
4.972490e+02 2.110000e+08
4.974990e+02 2.098000e+08
4.977490e+02 2.085000e+08
4.979990e+02 2.073000e+08
4.982490e+02 2.061000e+08
4.985000e+02 2.049000e+08
4.987500e+02 2.037000e+08
4.990000e+02 2.025000e+08
4.992500e+02 2.013000e+08
4.995000e+02 2.001000e+08
4.997500e+02 1.989000e+08
5.000000e+02 1.977000e+08
