# Energy [keV], Flux[ph/s/0.1%/100mA] - BC FE acceptance: 1.23 x 0.39 mrad²
1.000000e-01 3.008000e+11
3.500750e-01 7.013000e+11
6.001500e-01 1.011000e+12
8.502250e-01 1.280000e+12
1.100300e+00 1.523000e+12
1.350380e+00 1.748000e+12
1.600450e+00 1.958000e+12
1.850530e+00 2.155000e+12
2.100600e+00 2.343000e+12
2.350680e+00 2.521000e+12
2.600750e+00 2.691000e+12
2.850830e+00 2.854000e+12
3.100900e+00 3.010000e+12
3.350980e+00 3.160000e+12
3.601050e+00 3.304000e+12
3.851130e+00 3.442000e+12
4.101200e+00 3.576000e+12
4.351280e+00 3.705000e+12
4.601350e+00 3.829000e+12
4.851430e+00 3.949000e+12
5.101500e+00 4.064000e+12
5.351580e+00 4.176000e+12
5.601650e+00 4.284000e+12
5.851730e+00 4.388000e+12
6.101800e+00 4.489000e+12
6.351880e+00 4.587000e+12
6.601950e+00 4.681000e+12
6.852030e+00 4.772000e+12
7.102100e+00 4.860000e+12
7.352180e+00 4.945000e+12
7.602250e+00 5.027000e+12
7.852330e+00 5.107000e+12
8.102400e+00 5.184000e+12
8.352480e+00 5.258000e+12
8.602550e+00 5.330000e+12
8.852630e+00 5.399000e+12
9.102700e+00 5.466000e+12
9.352780e+00 5.531000e+12
9.602850e+00 5.593000e+12
9.852930e+00 5.654000e+12
1.010300e+01 5.712000e+12
1.035310e+01 5.768000e+12
1.060320e+01 5.823000e+12
1.085320e+01 5.875000e+12
1.110330e+01 5.925000e+12
1.135340e+01 5.974000e+12
1.160350e+01 6.021000e+12
1.185350e+01 6.066000e+12
1.210360e+01 6.109000e+12
1.235370e+01 6.151000e+12
1.260380e+01 6.191000e+12
1.285380e+01 6.229000e+12
1.310390e+01 6.266000e+12
1.335400e+01 6.302000e+12
1.360410e+01 6.336000e+12
1.385410e+01 6.368000e+12
1.410420e+01 6.400000e+12
1.435430e+01 6.430000e+12
1.460440e+01 6.458000e+12
1.485440e+01 6.485000e+12
1.510450e+01 6.511000e+12
1.535460e+01 6.536000e+12
1.560470e+01 6.560000e+12
1.585470e+01 6.582000e+12
1.610480e+01 6.603000e+12
1.635490e+01 6.624000e+12
1.660500e+01 6.643000e+12
1.685500e+01 6.661000e+12
1.710510e+01 6.678000e+12
1.735520e+01 6.694000e+12
1.760530e+01 6.709000e+12
1.785530e+01 6.723000e+12
1.810540e+01 6.736000e+12
1.835550e+01 6.748000e+12
1.860560e+01 6.759000e+12
1.885560e+01 6.770000e+12
1.910570e+01 6.780000e+12
1.935580e+01 6.788000e+12
1.960590e+01 6.796000e+12
1.985590e+01 6.803000e+12
2.010600e+01 6.810000e+12
2.035610e+01 6.815000e+12
2.060620e+01 6.820000e+12
2.085620e+01 6.824000e+12
2.110630e+01 6.828000e+12
2.135640e+01 6.831000e+12
2.160650e+01 6.833000e+12
2.185650e+01 6.834000e+12
2.210660e+01 6.835000e+12
2.235670e+01 6.835000e+12
2.260680e+01 6.835000e+12
2.285680e+01 6.834000e+12
2.310690e+01 6.833000e+12
2.335700e+01 6.831000e+12
2.360710e+01 6.828000e+12
2.385710e+01 6.825000e+12
2.410720e+01 6.821000e+12
2.435730e+01 6.817000e+12
2.460740e+01 6.812000e+12
2.485740e+01 6.807000e+12
2.510750e+01 6.801000e+12
2.535760e+01 6.795000e+12
2.560770e+01 6.789000e+12
2.585770e+01 6.782000e+12
2.610780e+01 6.774000e+12
2.635790e+01 6.766000e+12
2.660800e+01 6.758000e+12
2.685800e+01 6.749000e+12
2.710810e+01 6.740000e+12
2.735820e+01 6.731000e+12
2.760830e+01 6.721000e+12
2.785830e+01 6.711000e+12
2.810840e+01 6.701000e+12
2.835850e+01 6.690000e+12
2.860860e+01 6.679000e+12
2.885860e+01 6.667000e+12
2.910870e+01 6.655000e+12
2.935880e+01 6.643000e+12
2.960890e+01 6.631000e+12
2.985890e+01 6.618000e+12
3.010900e+01 6.606000e+12
3.035910e+01 6.592000e+12
3.060920e+01 6.579000e+12
3.085920e+01 6.565000e+12
3.110930e+01 6.551000e+12
3.135940e+01 6.537000e+12
3.160950e+01 6.523000e+12
3.185950e+01 6.508000e+12
3.210960e+01 6.493000e+12
3.235970e+01 6.478000e+12
3.260980e+01 6.463000e+12
3.285980e+01 6.447000e+12
3.310990e+01 6.431000e+12
3.336000e+01 6.415000e+12
3.361010e+01 6.399000e+12
3.386010e+01 6.383000e+12
3.411020e+01 6.367000e+12
3.436030e+01 6.350000e+12
3.461040e+01 6.333000e+12
3.486040e+01 6.316000e+12
3.511050e+01 6.299000e+12
3.536060e+01 6.282000e+12
3.561070e+01 6.265000e+12
3.586070e+01 6.247000e+12
3.611080e+01 6.230000e+12
3.636090e+01 6.212000e+12
3.661100e+01 6.194000e+12
3.686100e+01 6.176000e+12
3.711110e+01 6.158000e+12
3.736120e+01 6.139000e+12
3.761130e+01 6.121000e+12
3.786130e+01 6.103000e+12
3.811140e+01 6.084000e+12
3.836150e+01 6.065000e+12
3.861160e+01 6.047000e+12
3.886160e+01 6.028000e+12
3.911170e+01 6.009000e+12
3.936180e+01 5.990000e+12
3.961190e+01 5.971000e+12
3.986190e+01 5.952000e+12
4.011200e+01 5.932000e+12
4.036210e+01 5.913000e+12
4.061220e+01 5.894000e+12
4.086220e+01 5.874000e+12
4.111230e+01 5.855000e+12
4.136240e+01 5.835000e+12
4.161250e+01 5.816000e+12
4.186250e+01 5.796000e+12
4.211260e+01 5.776000e+12
4.236270e+01 5.756000e+12
4.261280e+01 5.737000e+12
4.286280e+01 5.717000e+12
4.311290e+01 5.697000e+12
4.336300e+01 5.677000e+12
4.361310e+01 5.657000e+12
4.386310e+01 5.637000e+12
4.411320e+01 5.617000e+12
4.436330e+01 5.597000e+12
4.461340e+01 5.577000e+12
4.486340e+01 5.557000e+12
4.511350e+01 5.537000e+12
4.536360e+01 5.517000e+12
4.561370e+01 5.497000e+12
4.586370e+01 5.476000e+12
4.611380e+01 5.456000e+12
4.636390e+01 5.436000e+12
4.661400e+01 5.416000e+12
4.686400e+01 5.396000e+12
4.711410e+01 5.376000e+12
4.736420e+01 5.355000e+12
4.761430e+01 5.335000e+12
4.786430e+01 5.315000e+12
4.811440e+01 5.295000e+12
4.836450e+01 5.275000e+12
4.861460e+01 5.254000e+12
4.886460e+01 5.234000e+12
4.911470e+01 5.214000e+12
4.936480e+01 5.194000e+12
4.961490e+01 5.174000e+12
4.986490e+01 5.154000e+12
5.011500e+01 5.134000e+12
5.036510e+01 5.113000e+12
5.061520e+01 5.093000e+12
5.086520e+01 5.073000e+12
5.111530e+01 5.053000e+12
5.136540e+01 5.033000e+12
5.161550e+01 5.013000e+12
5.186550e+01 4.993000e+12
5.211560e+01 4.973000e+12
5.236570e+01 4.953000e+12
5.261580e+01 4.933000e+12
5.286580e+01 4.914000e+12
5.311590e+01 4.894000e+12
5.336600e+01 4.874000e+12
5.361610e+01 4.854000e+12
5.386610e+01 4.834000e+12
5.411620e+01 4.815000e+12
5.436630e+01 4.795000e+12
5.461640e+01 4.775000e+12
5.486640e+01 4.756000e+12
5.511650e+01 4.736000e+12
5.536660e+01 4.716000e+12
5.561670e+01 4.697000e+12
5.586670e+01 4.677000e+12
5.611680e+01 4.658000e+12
5.636690e+01 4.639000e+12
5.661700e+01 4.619000e+12
5.686700e+01 4.600000e+12
5.711710e+01 4.581000e+12
5.736720e+01 4.561000e+12
5.761730e+01 4.542000e+12
5.786730e+01 4.523000e+12
5.811740e+01 4.504000e+12
5.836750e+01 4.485000e+12
5.861760e+01 4.466000e+12
5.886760e+01 4.447000e+12
5.911770e+01 4.428000e+12
5.936780e+01 4.409000e+12
5.961790e+01 4.390000e+12
5.986790e+01 4.371000e+12
6.011800e+01 4.352000e+12
6.036810e+01 4.334000e+12
6.061820e+01 4.315000e+12
6.086820e+01 4.296000e+12
6.111830e+01 4.278000e+12
6.136840e+01 4.259000e+12
6.161850e+01 4.241000e+12
6.186850e+01 4.223000e+12
6.211860e+01 4.204000e+12
6.236870e+01 4.186000e+12
6.261880e+01 4.168000e+12
6.286880e+01 4.149000e+12
6.311890e+01 4.131000e+12
6.336900e+01 4.113000e+12
6.361910e+01 4.095000e+12
6.386910e+01 4.077000e+12
6.411920e+01 4.059000e+12
6.436930e+01 4.041000e+12
6.461940e+01 4.023000e+12
6.486940e+01 4.006000e+12
6.511950e+01 3.988000e+12
6.536960e+01 3.970000e+12
6.561970e+01 3.953000e+12
6.586970e+01 3.935000e+12
6.611980e+01 3.917000e+12
6.636990e+01 3.900000e+12
6.662000e+01 3.883000e+12
6.687000e+01 3.865000e+12
6.712010e+01 3.848000e+12
6.737020e+01 3.831000e+12
6.762030e+01 3.814000e+12
6.787030e+01 3.796000e+12
6.812040e+01 3.779000e+12
6.837050e+01 3.762000e+12
6.862060e+01 3.745000e+12
6.887060e+01 3.728000e+12
6.912070e+01 3.712000e+12
6.937080e+01 3.695000e+12
6.962090e+01 3.678000e+12
6.987090e+01 3.661000e+12
7.012100e+01 3.645000e+12
7.037110e+01 3.628000e+12
7.062120e+01 3.612000e+12
7.087120e+01 3.595000e+12
7.112130e+01 3.579000e+12
7.137140e+01 3.563000e+12
7.162150e+01 3.546000e+12
7.187150e+01 3.530000e+12
7.212160e+01 3.514000e+12
7.237170e+01 3.498000e+12
7.262180e+01 3.482000e+12
7.287180e+01 3.466000e+12
7.312190e+01 3.450000e+12
7.337200e+01 3.434000e+12
7.362210e+01 3.418000e+12
7.387210e+01 3.403000e+12
7.412220e+01 3.387000e+12
7.437230e+01 3.371000e+12
7.462240e+01 3.356000e+12
7.487240e+01 3.340000e+12
7.512250e+01 3.325000e+12
7.537260e+01 3.309000e+12
7.562270e+01 3.294000e+12
7.587270e+01 3.279000e+12
7.612280e+01 3.263000e+12
7.637290e+01 3.248000e+12
7.662300e+01 3.233000e+12
7.687300e+01 3.218000e+12
7.712310e+01 3.203000e+12
7.737320e+01 3.188000e+12
7.762330e+01 3.173000e+12
7.787330e+01 3.158000e+12
7.812340e+01 3.144000e+12
7.837350e+01 3.129000e+12
7.862360e+01 3.114000e+12
7.887360e+01 3.100000e+12
7.912370e+01 3.085000e+12
7.937380e+01 3.071000e+12
7.962390e+01 3.056000e+12
7.987390e+01 3.042000e+12
8.012400e+01 3.028000e+12
8.037410e+01 3.013000e+12
8.062420e+01 2.999000e+12
8.087420e+01 2.985000e+12
8.112430e+01 2.971000e+12
8.137440e+01 2.957000e+12
8.162450e+01 2.943000e+12
8.187450e+01 2.929000e+12
8.212460e+01 2.915000e+12
8.237470e+01 2.901000e+12
8.262480e+01 2.888000e+12
8.287480e+01 2.874000e+12
8.312490e+01 2.860000e+12
8.337500e+01 2.847000e+12
8.362510e+01 2.833000e+12
8.387510e+01 2.820000e+12
8.412520e+01 2.806000e+12
8.437530e+01 2.793000e+12
8.462540e+01 2.780000e+12
8.487540e+01 2.766000e+12
8.512550e+01 2.753000e+12
8.537560e+01 2.740000e+12
8.562570e+01 2.727000e+12
8.587570e+01 2.714000e+12
8.612580e+01 2.701000e+12
8.637590e+01 2.688000e+12
8.662600e+01 2.675000e+12
8.687600e+01 2.662000e+12
8.712610e+01 2.649000e+12
8.737620e+01 2.637000e+12
8.762630e+01 2.624000e+12
8.787630e+01 2.612000e+12
8.812640e+01 2.599000e+12
8.837650e+01 2.586000e+12
8.862660e+01 2.574000e+12
8.887660e+01 2.562000e+12
8.912670e+01 2.549000e+12
8.937680e+01 2.537000e+12
8.962690e+01 2.525000e+12
8.987690e+01 2.513000e+12
9.012700e+01 2.500000e+12
9.037710e+01 2.488000e+12
9.062720e+01 2.476000e+12
9.087720e+01 2.464000e+12
9.112730e+01 2.452000e+12
9.137740e+01 2.441000e+12
9.162750e+01 2.429000e+12
9.187750e+01 2.417000e+12
9.212760e+01 2.405000e+12
9.237770e+01 2.394000e+12
9.262780e+01 2.382000e+12
9.287780e+01 2.370000e+12
9.312790e+01 2.359000e+12
9.337800e+01 2.348000e+12
9.362810e+01 2.336000e+12
9.387810e+01 2.325000e+12
9.412820e+01 2.313000e+12
9.437830e+01 2.302000e+12
9.462840e+01 2.291000e+12
9.487840e+01 2.280000e+12
9.512850e+01 2.269000e+12
9.537860e+01 2.258000e+12
9.562870e+01 2.247000e+12
9.587870e+01 2.236000e+12
9.612880e+01 2.225000e+12
9.637890e+01 2.214000e+12
9.662900e+01 2.203000e+12
9.687900e+01 2.192000e+12
9.712910e+01 2.181000e+12
9.737920e+01 2.171000e+12
9.762930e+01 2.160000e+12
9.787930e+01 2.150000e+12
9.812940e+01 2.139000e+12
9.837950e+01 2.129000e+12
9.862960e+01 2.118000e+12
9.887960e+01 2.108000e+12
9.912970e+01 2.097000e+12
9.937980e+01 2.087000e+12
9.962990e+01 2.077000e+12
9.987990e+01 2.067000e+12
1.001300e+02 2.056000e+12
1.003800e+02 2.046000e+12
1.006300e+02 2.036000e+12
1.008800e+02 2.026000e+12
1.011300e+02 2.016000e+12
1.013800e+02 2.006000e+12
1.016300e+02 1.996000e+12
1.018810e+02 1.987000e+12
1.021310e+02 1.977000e+12
1.023810e+02 1.967000e+12
1.026310e+02 1.957000e+12
1.028810e+02 1.948000e+12
1.031310e+02 1.938000e+12
1.033810e+02 1.928000e+12
1.036310e+02 1.919000e+12
1.038810e+02 1.909000e+12
1.041310e+02 1.900000e+12
1.043810e+02 1.890000e+12
1.046310e+02 1.881000e+12
1.048810e+02 1.872000e+12
1.051320e+02 1.863000e+12
1.053820e+02 1.853000e+12
1.056320e+02 1.844000e+12
1.058820e+02 1.835000e+12
1.061320e+02 1.826000e+12
1.063820e+02 1.817000e+12
1.066320e+02 1.808000e+12
1.068820e+02 1.799000e+12
1.071320e+02 1.790000e+12
1.073820e+02 1.781000e+12
1.076320e+02 1.772000e+12
1.078820e+02 1.763000e+12
1.081320e+02 1.754000e+12
1.083820e+02 1.746000e+12
1.086330e+02 1.737000e+12
1.088830e+02 1.728000e+12
1.091330e+02 1.720000e+12
1.093830e+02 1.711000e+12
1.096330e+02 1.703000e+12
1.098830e+02 1.694000e+12
1.101330e+02 1.686000e+12
1.103830e+02 1.677000e+12
1.106330e+02 1.669000e+12
1.108830e+02 1.660000e+12
1.111330e+02 1.652000e+12
1.113830e+02 1.644000e+12
1.116330e+02 1.636000e+12
1.118840e+02 1.628000e+12
1.121340e+02 1.619000e+12
1.123840e+02 1.611000e+12
1.126340e+02 1.603000e+12
1.128840e+02 1.595000e+12
1.131340e+02 1.587000e+12
1.133840e+02 1.579000e+12
1.136340e+02 1.571000e+12
1.138840e+02 1.563000e+12
1.141340e+02 1.556000e+12
1.143840e+02 1.548000e+12
1.146340e+02 1.540000e+12
1.148840e+02 1.532000e+12
1.151350e+02 1.525000e+12
1.153850e+02 1.517000e+12
1.156350e+02 1.509000e+12
1.158850e+02 1.502000e+12
1.161350e+02 1.494000e+12
1.163850e+02 1.487000e+12
1.166350e+02 1.479000e+12
1.168850e+02 1.472000e+12
1.171350e+02 1.464000e+12
1.173850e+02 1.457000e+12
1.176350e+02 1.450000e+12
1.178850e+02 1.442000e+12
1.181350e+02 1.435000e+12
1.183850e+02 1.428000e+12
1.186360e+02 1.421000e+12
1.188860e+02 1.413000e+12
1.191360e+02 1.406000e+12
1.193860e+02 1.399000e+12
1.196360e+02 1.392000e+12
1.198860e+02 1.385000e+12
1.201360e+02 1.378000e+12
1.203860e+02 1.371000e+12
1.206360e+02 1.364000e+12
1.208860e+02 1.357000e+12
1.211360e+02 1.350000e+12
1.213860e+02 1.343000e+12
1.216360e+02 1.337000e+12
1.218870e+02 1.330000e+12
1.221370e+02 1.323000e+12
1.223870e+02 1.316000e+12
1.226370e+02 1.310000e+12
1.228870e+02 1.303000e+12
1.231370e+02 1.297000e+12
1.233870e+02 1.290000e+12
1.236370e+02 1.283000e+12
1.238870e+02 1.277000e+12
1.241370e+02 1.270000e+12
1.243870e+02 1.264000e+12
1.246370e+02 1.258000e+12
1.248870e+02 1.251000e+12
1.251380e+02 1.245000e+12
1.253880e+02 1.239000e+12
1.256380e+02 1.232000e+12
1.258880e+02 1.226000e+12
1.261380e+02 1.220000e+12
1.263880e+02 1.214000e+12
1.266380e+02 1.207000e+12
1.268880e+02 1.201000e+12
1.271380e+02 1.195000e+12
1.273880e+02 1.189000e+12
1.276380e+02 1.183000e+12
1.278880e+02 1.177000e+12
1.281380e+02 1.171000e+12
1.283880e+02 1.165000e+12
1.286390e+02 1.159000e+12
1.288890e+02 1.153000e+12
1.291390e+02 1.147000e+12
1.293890e+02 1.141000e+12
1.296390e+02 1.136000e+12
1.298890e+02 1.130000e+12
1.301390e+02 1.124000e+12
1.303890e+02 1.118000e+12
1.306390e+02 1.113000e+12
1.308890e+02 1.107000e+12
1.311390e+02 1.101000e+12
1.313890e+02 1.096000e+12
1.316390e+02 1.090000e+12
1.318900e+02 1.084000e+12
1.321400e+02 1.079000e+12
1.323900e+02 1.073000e+12
1.326400e+02 1.068000e+12
1.328900e+02 1.062000e+12
1.331400e+02 1.057000e+12
1.333900e+02 1.052000e+12
1.336400e+02 1.046000e+12
1.338900e+02 1.041000e+12
1.341400e+02 1.035000e+12
1.343900e+02 1.030000e+12
1.346400e+02 1.025000e+12
1.348900e+02 1.020000e+12
1.351410e+02 1.014000e+12
1.353910e+02 1.009000e+12
1.356410e+02 1.004000e+12
1.358910e+02 9.988000e+11
1.361410e+02 9.937000e+11
1.363910e+02 9.886000e+11
1.366410e+02 9.835000e+11
1.368910e+02 9.785000e+11
1.371410e+02 9.735000e+11
1.373910e+02 9.685000e+11
1.376410e+02 9.635000e+11
1.378910e+02 9.585000e+11
1.381410e+02 9.536000e+11
1.383910e+02 9.487000e+11
1.386420e+02 9.438000e+11
1.388920e+02 9.390000e+11
1.391420e+02 9.341000e+11
1.393920e+02 9.293000e+11
1.396420e+02 9.245000e+11
1.398920e+02 9.198000e+11
1.401420e+02 9.151000e+11
1.403920e+02 9.103000e+11
1.406420e+02 9.057000e+11
1.408920e+02 9.010000e+11
1.411420e+02 8.963000e+11
1.413920e+02 8.917000e+11
1.416420e+02 8.871000e+11
1.418930e+02 8.826000e+11
1.421430e+02 8.780000e+11
1.423930e+02 8.735000e+11
1.426430e+02 8.690000e+11
1.428930e+02 8.645000e+11
1.431430e+02 8.600000e+11
1.433930e+02 8.556000e+11
1.436430e+02 8.512000e+11
1.438930e+02 8.468000e+11
1.441430e+02 8.424000e+11
1.443930e+02 8.380000e+11
1.446430e+02 8.337000e+11
1.448930e+02 8.294000e+11
1.451440e+02 8.251000e+11
1.453940e+02 8.208000e+11
1.456440e+02 8.166000e+11
1.458940e+02 8.124000e+11
1.461440e+02 8.082000e+11
1.463940e+02 8.040000e+11
1.466440e+02 7.998000e+11
1.468940e+02 7.957000e+11
1.471440e+02 7.916000e+11
1.473940e+02 7.875000e+11
1.476440e+02 7.834000e+11
1.478940e+02 7.793000e+11
1.481440e+02 7.753000e+11
1.483940e+02 7.713000e+11
1.486450e+02 7.673000e+11
1.488950e+02 7.633000e+11
1.491450e+02 7.594000e+11
1.493950e+02 7.554000e+11
1.496450e+02 7.515000e+11
1.498950e+02 7.476000e+11
1.501450e+02 7.437000e+11
1.503950e+02 7.399000e+11
1.506450e+02 7.360000e+11
1.508950e+02 7.322000e+11
1.511450e+02 7.284000e+11
1.513950e+02 7.246000e+11
1.516450e+02 7.209000e+11
1.518960e+02 7.171000e+11
1.521460e+02 7.134000e+11
1.523960e+02 7.097000e+11
1.526460e+02 7.060000e+11
1.528960e+02 7.023000e+11
1.531460e+02 6.987000e+11
1.533960e+02 6.950000e+11
1.536460e+02 6.914000e+11
1.538960e+02 6.878000e+11
1.541460e+02 6.843000e+11
1.543960e+02 6.807000e+11
1.546460e+02 6.772000e+11
1.548960e+02 6.736000e+11
1.551470e+02 6.701000e+11
1.553970e+02 6.666000e+11
1.556470e+02 6.632000e+11
1.558970e+02 6.597000e+11
1.561470e+02 6.563000e+11
1.563970e+02 6.529000e+11
1.566470e+02 6.495000e+11
1.568970e+02 6.461000e+11
1.571470e+02 6.427000e+11
1.573970e+02 6.394000e+11
1.576470e+02 6.360000e+11
1.578970e+02 6.327000e+11
1.581470e+02 6.294000e+11
1.583970e+02 6.261000e+11
1.586480e+02 6.229000e+11
1.588980e+02 6.196000e+11
1.591480e+02 6.164000e+11
1.593980e+02 6.132000e+11
1.596480e+02 6.100000e+11
1.598980e+02 6.068000e+11
1.601480e+02 6.036000e+11
1.603980e+02 6.005000e+11
1.606480e+02 5.973000e+11
1.608980e+02 5.942000e+11
1.611480e+02 5.911000e+11
1.613980e+02 5.880000e+11
1.616480e+02 5.849000e+11
1.618990e+02 5.819000e+11
1.621490e+02 5.788000e+11
1.623990e+02 5.758000e+11
1.626490e+02 5.728000e+11
1.628990e+02 5.698000e+11
1.631490e+02 5.668000e+11
1.633990e+02 5.638000e+11
1.636490e+02 5.609000e+11
1.638990e+02 5.580000e+11
1.641490e+02 5.550000e+11
1.643990e+02 5.521000e+11
1.646490e+02 5.492000e+11
1.648990e+02 5.464000e+11
1.651500e+02 5.435000e+11
1.654000e+02 5.407000e+11
1.656500e+02 5.378000e+11
1.659000e+02 5.350000e+11
1.661500e+02 5.322000e+11
1.664000e+02 5.294000e+11
1.666500e+02 5.266000e+11
1.669000e+02 5.239000e+11
1.671500e+02 5.211000e+11
1.674000e+02 5.184000e+11
1.676500e+02 5.157000e+11
1.679000e+02 5.130000e+11
1.681500e+02 5.103000e+11
1.684010e+02 5.076000e+11
1.686510e+02 5.049000e+11
1.689010e+02 5.023000e+11
1.691510e+02 4.997000e+11
1.694010e+02 4.970000e+11
1.696510e+02 4.944000e+11
1.699010e+02 4.918000e+11
1.701510e+02 4.892000e+11
1.704010e+02 4.867000e+11
1.706510e+02 4.841000e+11
1.709010e+02 4.816000e+11
1.711510e+02 4.790000e+11
1.714010e+02 4.765000e+11
1.716510e+02 4.740000e+11
1.719020e+02 4.715000e+11
1.721520e+02 4.691000e+11
1.724020e+02 4.666000e+11
1.726520e+02 4.641000e+11
1.729020e+02 4.617000e+11
1.731520e+02 4.593000e+11
1.734020e+02 4.568000e+11
1.736520e+02 4.544000e+11
1.739020e+02 4.521000e+11
1.741520e+02 4.497000e+11
1.744020e+02 4.473000e+11
1.746520e+02 4.450000e+11
1.749020e+02 4.426000e+11
1.751530e+02 4.403000e+11
1.754030e+02 4.380000e+11
1.756530e+02 4.357000e+11
1.759030e+02 4.334000e+11
1.761530e+02 4.311000e+11
1.764030e+02 4.288000e+11
1.766530e+02 4.265000e+11
1.769030e+02 4.243000e+11
1.771530e+02 4.221000e+11
1.774030e+02 4.198000e+11
1.776530e+02 4.176000e+11
1.779030e+02 4.154000e+11
1.781530e+02 4.132000e+11
1.784040e+02 4.110000e+11
1.786540e+02 4.089000e+11
1.789040e+02 4.067000e+11
1.791540e+02 4.046000e+11
1.794040e+02 4.024000e+11
1.796540e+02 4.003000e+11
1.799040e+02 3.982000e+11
1.801540e+02 3.961000e+11
1.804040e+02 3.940000e+11
1.806540e+02 3.919000e+11
1.809040e+02 3.899000e+11
1.811540e+02 3.878000e+11
1.814040e+02 3.858000e+11
1.816540e+02 3.837000e+11
1.819050e+02 3.817000e+11
1.821550e+02 3.797000e+11
1.824050e+02 3.777000e+11
1.826550e+02 3.757000e+11
1.829050e+02 3.737000e+11
1.831550e+02 3.717000e+11
1.834050e+02 3.697000e+11
1.836550e+02 3.678000e+11
1.839050e+02 3.658000e+11
1.841550e+02 3.639000e+11
1.844050e+02 3.620000e+11
1.846550e+02 3.601000e+11
1.849050e+02 3.582000e+11
1.851560e+02 3.563000e+11
1.854060e+02 3.544000e+11
1.856560e+02 3.525000e+11
1.859060e+02 3.506000e+11
1.861560e+02 3.488000e+11
1.864060e+02 3.469000e+11
1.866560e+02 3.451000e+11
1.869060e+02 3.433000e+11
1.871560e+02 3.414000e+11
1.874060e+02 3.396000e+11
1.876560e+02 3.378000e+11
1.879060e+02 3.361000e+11
1.881560e+02 3.343000e+11
1.884070e+02 3.325000e+11
1.886570e+02 3.307000e+11
1.889070e+02 3.290000e+11
1.891570e+02 3.272000e+11
1.894070e+02 3.255000e+11
1.896570e+02 3.238000e+11
1.899070e+02 3.221000e+11
1.901570e+02 3.204000e+11
1.904070e+02 3.187000e+11
1.906570e+02 3.170000e+11
1.909070e+02 3.153000e+11
1.911570e+02 3.136000e+11
1.914070e+02 3.119000e+11
1.916570e+02 3.103000e+11
1.919080e+02 3.086000e+11
1.921580e+02 3.070000e+11
1.924080e+02 3.054000e+11
1.926580e+02 3.038000e+11
1.929080e+02 3.021000e+11
1.931580e+02 3.005000e+11
1.934080e+02 2.989000e+11
1.936580e+02 2.974000e+11
1.939080e+02 2.958000e+11
1.941580e+02 2.942000e+11
1.944080e+02 2.926000e+11
1.946580e+02 2.911000e+11
1.949080e+02 2.895000e+11
1.951590e+02 2.880000e+11
1.954090e+02 2.865000e+11
1.956590e+02 2.849000e+11
1.959090e+02 2.834000e+11
1.961590e+02 2.819000e+11
1.964090e+02 2.804000e+11
1.966590e+02 2.789000e+11
1.969090e+02 2.774000e+11
1.971590e+02 2.760000e+11
1.974090e+02 2.745000e+11
1.976590e+02 2.730000e+11
1.979090e+02 2.716000e+11
1.981590e+02 2.701000e+11
1.984100e+02 2.687000e+11
1.986600e+02 2.673000e+11
1.989100e+02 2.659000e+11
1.991600e+02 2.644000e+11
1.994100e+02 2.630000e+11
1.996600e+02 2.616000e+11
1.999100e+02 2.602000e+11
2.001600e+02 2.588000e+11
2.004100e+02 2.575000e+11
2.006600e+02 2.561000e+11
2.009100e+02 2.547000e+11
2.011600e+02 2.534000e+11
2.014100e+02 2.520000e+11
2.016600e+02 2.507000e+11
2.019110e+02 2.493000e+11
2.021610e+02 2.480000e+11
2.024110e+02 2.467000e+11
2.026610e+02 2.454000e+11
2.029110e+02 2.441000e+11
2.031610e+02 2.428000e+11
2.034110e+02 2.415000e+11
2.036610e+02 2.402000e+11
2.039110e+02 2.389000e+11
2.041610e+02 2.376000e+11
2.044110e+02 2.364000e+11
2.046610e+02 2.351000e+11
2.049110e+02 2.338000e+11
2.051620e+02 2.326000e+11
2.054120e+02 2.314000e+11
2.056620e+02 2.301000e+11
2.059120e+02 2.289000e+11
2.061620e+02 2.277000e+11
2.064120e+02 2.265000e+11
2.066620e+02 2.252000e+11
2.069120e+02 2.240000e+11
2.071620e+02 2.228000e+11
2.074120e+02 2.217000e+11
2.076620e+02 2.205000e+11
2.079120e+02 2.193000e+11
2.081620e+02 2.181000e+11
2.084130e+02 2.170000e+11
2.086630e+02 2.158000e+11
2.089130e+02 2.146000e+11
2.091630e+02 2.135000e+11
2.094130e+02 2.124000e+11
2.096630e+02 2.112000e+11
2.099130e+02 2.101000e+11
2.101630e+02 2.090000e+11
2.104130e+02 2.079000e+11
2.106630e+02 2.067000e+11
2.109130e+02 2.056000e+11
2.111630e+02 2.045000e+11
2.114130e+02 2.034000e+11
2.116630e+02 2.024000e+11
2.119140e+02 2.013000e+11
2.121640e+02 2.002000e+11
2.124140e+02 1.991000e+11
2.126640e+02 1.981000e+11
2.129140e+02 1.970000e+11
2.131640e+02 1.959000e+11
2.134140e+02 1.949000e+11
2.136640e+02 1.939000e+11
2.139140e+02 1.928000e+11
2.141640e+02 1.918000e+11
2.144140e+02 1.908000e+11
2.146640e+02 1.897000e+11
2.149140e+02 1.887000e+11
2.151650e+02 1.877000e+11
2.154150e+02 1.867000e+11
2.156650e+02 1.857000e+11
2.159150e+02 1.847000e+11
2.161650e+02 1.837000e+11
2.164150e+02 1.827000e+11
2.166650e+02 1.818000e+11
2.169150e+02 1.808000e+11
2.171650e+02 1.798000e+11
2.174150e+02 1.788000e+11
2.176650e+02 1.779000e+11
2.179150e+02 1.769000e+11
2.181650e+02 1.760000e+11
2.184160e+02 1.750000e+11
2.186660e+02 1.741000e+11
2.189160e+02 1.732000e+11
2.191660e+02 1.722000e+11
2.194160e+02 1.713000e+11
2.196660e+02 1.704000e+11
2.199160e+02 1.695000e+11
2.201660e+02 1.686000e+11
2.204160e+02 1.677000e+11
2.206660e+02 1.668000e+11
2.209160e+02 1.659000e+11
2.211660e+02 1.650000e+11
2.214160e+02 1.641000e+11
2.216660e+02 1.632000e+11
2.219170e+02 1.623000e+11
2.221670e+02 1.615000e+11
2.224170e+02 1.606000e+11
2.226670e+02 1.597000e+11
2.229170e+02 1.589000e+11
2.231670e+02 1.580000e+11
2.234170e+02 1.572000e+11
2.236670e+02 1.563000e+11
2.239170e+02 1.555000e+11
2.241670e+02 1.547000e+11
2.244170e+02 1.538000e+11
2.246670e+02 1.530000e+11
2.249170e+02 1.522000e+11
2.251680e+02 1.514000e+11
2.254180e+02 1.505000e+11
2.256680e+02 1.497000e+11
2.259180e+02 1.489000e+11
2.261680e+02 1.481000e+11
2.264180e+02 1.473000e+11
2.266680e+02 1.465000e+11
2.269180e+02 1.458000e+11
2.271680e+02 1.450000e+11
2.274180e+02 1.442000e+11
2.276680e+02 1.434000e+11
2.279180e+02 1.426000e+11
2.281680e+02 1.419000e+11
2.284190e+02 1.411000e+11
2.286690e+02 1.404000e+11
2.289190e+02 1.396000e+11
2.291690e+02 1.389000e+11
2.294190e+02 1.381000e+11
2.296690e+02 1.374000e+11
2.299190e+02 1.366000e+11
2.301690e+02 1.359000e+11
2.304190e+02 1.352000e+11
2.306690e+02 1.344000e+11
2.309190e+02 1.337000e+11
2.311690e+02 1.330000e+11
2.314190e+02 1.323000e+11
2.316690e+02 1.316000e+11
2.319200e+02 1.308000e+11
2.321700e+02 1.301000e+11
2.324200e+02 1.294000e+11
2.326700e+02 1.287000e+11
2.329200e+02 1.280000e+11
2.331700e+02 1.274000e+11
2.334200e+02 1.267000e+11
2.336700e+02 1.260000e+11
2.339200e+02 1.253000e+11
2.341700e+02 1.246000e+11
2.344200e+02 1.240000e+11
2.346700e+02 1.233000e+11
2.349200e+02 1.226000e+11
2.351710e+02 1.220000e+11
2.354210e+02 1.213000e+11
2.356710e+02 1.207000e+11
2.359210e+02 1.200000e+11
2.361710e+02 1.194000e+11
2.364210e+02 1.187000e+11
2.366710e+02 1.181000e+11
2.369210e+02 1.174000e+11
2.371710e+02 1.168000e+11
2.374210e+02 1.162000e+11
2.376710e+02 1.155000e+11
2.379210e+02 1.149000e+11
2.381710e+02 1.143000e+11
2.384220e+02 1.137000e+11
2.386720e+02 1.131000e+11
2.389220e+02 1.125000e+11
2.391720e+02 1.119000e+11
2.394220e+02 1.113000e+11
2.396720e+02 1.107000e+11
2.399220e+02 1.101000e+11
2.401720e+02 1.095000e+11
2.404220e+02 1.089000e+11
2.406720e+02 1.083000e+11
2.409220e+02 1.077000e+11
2.411720e+02 1.071000e+11
2.414220e+02 1.065000e+11
2.416720e+02 1.060000e+11
2.419230e+02 1.054000e+11
2.421730e+02 1.048000e+11
2.424230e+02 1.043000e+11
2.426730e+02 1.037000e+11
2.429230e+02 1.031000e+11
2.431730e+02 1.026000e+11
2.434230e+02 1.020000e+11
2.436730e+02 1.015000e+11
2.439230e+02 1.009000e+11
2.441730e+02 1.004000e+11
2.444230e+02 9.983000e+10
2.446730e+02 9.929000e+10
2.449230e+02 9.876000e+10
2.451740e+02 9.822000e+10
2.454240e+02 9.769000e+10
2.456740e+02 9.716000e+10
2.459240e+02 9.664000e+10
2.461740e+02 9.612000e+10
2.464240e+02 9.560000e+10
2.466740e+02 9.508000e+10
2.469240e+02 9.456000e+10
2.471740e+02 9.405000e+10
2.474240e+02 9.354000e+10
2.476740e+02 9.304000e+10
2.479240e+02 9.253000e+10
2.481740e+02 9.203000e+10
2.484250e+02 9.154000e+10
2.486750e+02 9.104000e+10
2.489250e+02 9.055000e+10
2.491750e+02 9.006000e+10
2.494250e+02 8.957000e+10
2.496750e+02 8.909000e+10
2.499250e+02 8.860000e+10
2.501750e+02 8.812000e+10
2.504250e+02 8.765000e+10
2.506750e+02 8.717000e+10
2.509250e+02 8.670000e+10
2.511750e+02 8.623000e+10
2.514250e+02 8.576000e+10
2.516750e+02 8.530000e+10
2.519260e+02 8.484000e+10
2.521760e+02 8.438000e+10
2.524260e+02 8.392000e+10
2.526760e+02 8.347000e+10
2.529260e+02 8.301000e+10
2.531760e+02 8.256000e+10
2.534260e+02 8.212000e+10
2.536760e+02 8.167000e+10
2.539260e+02 8.123000e+10
2.541760e+02 8.079000e+10
2.544260e+02 8.035000e+10
2.546760e+02 7.992000e+10
2.549260e+02 7.948000e+10
2.551770e+02 7.905000e+10
2.554270e+02 7.862000e+10
2.556770e+02 7.820000e+10
2.559270e+02 7.777000e+10
2.561770e+02 7.735000e+10
2.564270e+02 7.693000e+10
2.566770e+02 7.651000e+10
2.569270e+02 7.610000e+10
2.571770e+02 7.569000e+10
2.574270e+02 7.528000e+10
2.576770e+02 7.487000e+10
2.579270e+02 7.446000e+10
2.581770e+02 7.406000e+10
2.584280e+02 7.366000e+10
2.586780e+02 7.326000e+10
2.589280e+02 7.286000e+10
2.591780e+02 7.246000e+10
2.594280e+02 7.207000e+10
2.596780e+02 7.168000e+10
2.599280e+02 7.129000e+10
2.601780e+02 7.090000e+10
2.604280e+02 7.052000e+10
2.606780e+02 7.014000e+10
2.609280e+02 6.975000e+10
2.611780e+02 6.938000e+10
2.614280e+02 6.900000e+10
2.616780e+02 6.862000e+10
2.619290e+02 6.825000e+10
2.621790e+02 6.788000e+10
2.624290e+02 6.751000e+10
2.626790e+02 6.715000e+10
2.629290e+02 6.678000e+10
2.631790e+02 6.642000e+10
2.634290e+02 6.606000e+10
2.636790e+02 6.570000e+10
2.639290e+02 6.534000e+10
2.641790e+02 6.499000e+10
2.644290e+02 6.463000e+10
2.646790e+02 6.428000e+10
2.649290e+02 6.393000e+10
2.651800e+02 6.359000e+10
2.654300e+02 6.324000e+10
2.656800e+02 6.290000e+10
2.659300e+02 6.256000e+10
2.661800e+02 6.222000e+10
2.664300e+02 6.188000e+10
2.666800e+02 6.154000e+10
2.669300e+02 6.121000e+10
2.671800e+02 6.087000e+10
2.674300e+02 6.054000e+10
2.676800e+02 6.021000e+10
2.679300e+02 5.989000e+10
2.681800e+02 5.956000e+10
2.684310e+02 5.924000e+10
2.686810e+02 5.891000e+10
2.689310e+02 5.859000e+10
2.691810e+02 5.828000e+10
2.694310e+02 5.796000e+10
2.696810e+02 5.764000e+10
2.699310e+02 5.733000e+10
2.701810e+02 5.702000e+10
2.704310e+02 5.671000e+10
2.706810e+02 5.640000e+10
2.709310e+02 5.609000e+10
2.711810e+02 5.579000e+10
2.714310e+02 5.548000e+10
2.716810e+02 5.518000e+10
2.719320e+02 5.488000e+10
2.721820e+02 5.458000e+10
2.724320e+02 5.428000e+10
2.726820e+02 5.399000e+10
2.729320e+02 5.370000e+10
2.731820e+02 5.340000e+10
2.734320e+02 5.311000e+10
2.736820e+02 5.282000e+10
2.739320e+02 5.254000e+10
2.741820e+02 5.225000e+10
2.744320e+02 5.197000e+10
2.746820e+02 5.168000e+10
2.749320e+02 5.140000e+10
2.751830e+02 5.112000e+10
2.754330e+02 5.084000e+10
2.756830e+02 5.057000e+10
2.759330e+02 5.029000e+10
2.761830e+02 5.002000e+10
2.764330e+02 4.974000e+10
2.766830e+02 4.947000e+10
2.769330e+02 4.920000e+10
2.771830e+02 4.893000e+10
2.774330e+02 4.867000e+10
2.776830e+02 4.840000e+10
2.779330e+02 4.814000e+10
2.781830e+02 4.788000e+10
2.784340e+02 4.762000e+10
2.786840e+02 4.736000e+10
2.789340e+02 4.710000e+10
2.791840e+02 4.684000e+10
2.794340e+02 4.659000e+10
2.796840e+02 4.633000e+10
2.799340e+02 4.608000e+10
2.801840e+02 4.583000e+10
2.804340e+02 4.558000e+10
2.806840e+02 4.533000e+10
2.809340e+02 4.508000e+10
2.811840e+02 4.484000e+10
2.814340e+02 4.459000e+10
2.816840e+02 4.435000e+10
2.819350e+02 4.411000e+10
2.821850e+02 4.387000e+10
2.824350e+02 4.363000e+10
2.826850e+02 4.339000e+10
2.829350e+02 4.315000e+10
2.831850e+02 4.292000e+10
2.834350e+02 4.268000e+10
2.836850e+02 4.245000e+10
2.839350e+02 4.222000e+10
2.841850e+02 4.199000e+10
2.844350e+02 4.176000e+10
2.846850e+02 4.153000e+10
2.849350e+02 4.130000e+10
2.851860e+02 4.108000e+10
2.854360e+02 4.085000e+10
2.856860e+02 4.063000e+10
2.859360e+02 4.041000e+10
2.861860e+02 4.019000e+10
2.864360e+02 3.997000e+10
2.866860e+02 3.975000e+10
2.869360e+02 3.953000e+10
2.871860e+02 3.932000e+10
2.874360e+02 3.910000e+10
2.876860e+02 3.889000e+10
2.879360e+02 3.868000e+10
2.881860e+02 3.847000e+10
2.884370e+02 3.826000e+10
2.886870e+02 3.805000e+10
2.889370e+02 3.784000e+10
2.891870e+02 3.763000e+10
2.894370e+02 3.743000e+10
2.896870e+02 3.722000e+10
2.899370e+02 3.702000e+10
2.901870e+02 3.682000e+10
2.904370e+02 3.662000e+10
2.906870e+02 3.642000e+10
2.909370e+02 3.622000e+10
2.911870e+02 3.602000e+10
2.914370e+02 3.582000e+10
2.916870e+02 3.563000e+10
2.919380e+02 3.543000e+10
2.921880e+02 3.524000e+10
2.924380e+02 3.505000e+10
2.926880e+02 3.485000e+10
2.929380e+02 3.466000e+10
2.931880e+02 3.447000e+10
2.934380e+02 3.429000e+10
2.936880e+02 3.410000e+10
2.939380e+02 3.391000e+10
2.941880e+02 3.373000e+10
2.944380e+02 3.354000e+10
2.946880e+02 3.336000e+10
2.949380e+02 3.318000e+10
2.951890e+02 3.299000e+10
2.954390e+02 3.281000e+10
2.956890e+02 3.263000e+10
2.959390e+02 3.246000e+10
2.961890e+02 3.228000e+10
2.964390e+02 3.210000e+10
2.966890e+02 3.193000e+10
2.969390e+02 3.175000e+10
2.971890e+02 3.158000e+10
2.974390e+02 3.140000e+10
2.976890e+02 3.123000e+10
2.979390e+02 3.106000e+10
2.981890e+02 3.089000e+10
2.984400e+02 3.072000e+10
2.986900e+02 3.056000e+10
2.989400e+02 3.039000e+10
2.991900e+02 3.022000e+10
2.994400e+02 3.006000e+10
2.996900e+02 2.989000e+10
2.999400e+02 2.973000e+10
3.001900e+02 2.957000e+10
3.004400e+02 2.940000e+10
3.006900e+02 2.924000e+10
3.009400e+02 2.908000e+10
3.011900e+02 2.892000e+10
3.014400e+02 2.876000e+10
3.016900e+02 2.861000e+10
3.019410e+02 2.845000e+10
3.021910e+02 2.829000e+10
3.024410e+02 2.814000e+10
3.026910e+02 2.799000e+10
3.029410e+02 2.783000e+10
3.031910e+02 2.768000e+10
3.034410e+02 2.753000e+10
3.036910e+02 2.738000e+10
3.039410e+02 2.723000e+10
3.041910e+02 2.708000e+10
3.044410e+02 2.693000e+10
3.046910e+02 2.678000e+10
3.049410e+02 2.664000e+10
3.051920e+02 2.649000e+10
3.054420e+02 2.634000e+10
3.056920e+02 2.620000e+10
3.059420e+02 2.606000e+10
3.061920e+02 2.591000e+10
3.064420e+02 2.577000e+10
3.066920e+02 2.563000e+10
3.069420e+02 2.549000e+10
3.071920e+02 2.535000e+10
3.074420e+02 2.521000e+10
3.076920e+02 2.507000e+10
3.079420e+02 2.494000e+10
3.081920e+02 2.480000e+10
3.084430e+02 2.466000e+10
3.086930e+02 2.453000e+10
3.089430e+02 2.439000e+10
3.091930e+02 2.426000e+10
3.094430e+02 2.413000e+10
3.096930e+02 2.399000e+10
3.099430e+02 2.386000e+10
3.101930e+02 2.373000e+10
3.104430e+02 2.360000e+10
3.106930e+02 2.347000e+10
3.109430e+02 2.334000e+10
3.111930e+02 2.322000e+10
3.114430e+02 2.309000e+10
3.116930e+02 2.296000e+10
3.119440e+02 2.284000e+10
3.121940e+02 2.271000e+10
3.124440e+02 2.259000e+10
3.126940e+02 2.246000e+10
3.129440e+02 2.234000e+10
3.131940e+02 2.222000e+10
3.134440e+02 2.209000e+10
3.136940e+02 2.197000e+10
3.139440e+02 2.185000e+10
3.141940e+02 2.173000e+10
3.144440e+02 2.161000e+10
3.146940e+02 2.149000e+10
3.149440e+02 2.138000e+10
3.151950e+02 2.126000e+10
3.154450e+02 2.114000e+10
3.156950e+02 2.103000e+10
3.159450e+02 2.091000e+10
3.161950e+02 2.080000e+10
3.164450e+02 2.068000e+10
3.166950e+02 2.057000e+10
3.169450e+02 2.046000e+10
3.171950e+02 2.034000e+10
3.174450e+02 2.023000e+10
3.176950e+02 2.012000e+10
3.179450e+02 2.001000e+10
3.181950e+02 1.990000e+10
3.184460e+02 1.979000e+10
3.186960e+02 1.968000e+10
3.189460e+02 1.957000e+10
3.191960e+02 1.947000e+10
3.194460e+02 1.936000e+10
3.196960e+02 1.925000e+10
3.199460e+02 1.915000e+10
3.201960e+02 1.904000e+10
3.204460e+02 1.894000e+10
3.206960e+02 1.883000e+10
3.209460e+02 1.873000e+10
3.211960e+02 1.863000e+10
3.214460e+02 1.852000e+10
3.216960e+02 1.842000e+10
3.219470e+02 1.832000e+10
3.221970e+02 1.822000e+10
3.224470e+02 1.812000e+10
3.226970e+02 1.802000e+10
3.229470e+02 1.792000e+10
3.231970e+02 1.782000e+10
3.234470e+02 1.773000e+10
3.236970e+02 1.763000e+10
3.239470e+02 1.753000e+10
3.241970e+02 1.743000e+10
3.244470e+02 1.734000e+10
3.246970e+02 1.724000e+10
3.249470e+02 1.715000e+10
3.251980e+02 1.705000e+10
3.254480e+02 1.696000e+10
3.256980e+02 1.687000e+10
3.259480e+02 1.677000e+10
3.261980e+02 1.668000e+10
3.264480e+02 1.659000e+10
3.266980e+02 1.650000e+10
3.269480e+02 1.641000e+10
3.271980e+02 1.632000e+10
3.274480e+02 1.623000e+10
3.276980e+02 1.614000e+10
3.279480e+02 1.605000e+10
3.281980e+02 1.596000e+10
3.284490e+02 1.587000e+10
3.286990e+02 1.579000e+10
3.289490e+02 1.570000e+10
3.291990e+02 1.561000e+10
3.294490e+02 1.553000e+10
3.296990e+02 1.544000e+10
3.299490e+02 1.536000e+10
3.301990e+02 1.527000e+10
3.304490e+02 1.519000e+10
3.306990e+02 1.511000e+10
3.309490e+02 1.502000e+10
3.311990e+02 1.494000e+10
3.314490e+02 1.486000e+10
3.316990e+02 1.478000e+10
3.319500e+02 1.469000e+10
3.322000e+02 1.461000e+10
3.324500e+02 1.453000e+10
3.327000e+02 1.445000e+10
3.329500e+02 1.437000e+10
3.332000e+02 1.429000e+10
3.334500e+02 1.422000e+10
3.337000e+02 1.414000e+10
3.339500e+02 1.406000e+10
3.342000e+02 1.398000e+10
3.344500e+02 1.390000e+10
3.347000e+02 1.383000e+10
3.349500e+02 1.375000e+10
3.352010e+02 1.368000e+10
3.354510e+02 1.360000e+10
3.357010e+02 1.353000e+10
3.359510e+02 1.345000e+10
3.362010e+02 1.338000e+10
3.364510e+02 1.330000e+10
3.367010e+02 1.323000e+10
3.369510e+02 1.316000e+10
3.372010e+02 1.309000e+10
3.374510e+02 1.301000e+10
3.377010e+02 1.294000e+10
3.379510e+02 1.287000e+10
3.382010e+02 1.280000e+10
3.384520e+02 1.273000e+10
3.387020e+02 1.266000e+10
3.389520e+02 1.259000e+10
3.392020e+02 1.252000e+10
3.394520e+02 1.245000e+10
3.397020e+02 1.238000e+10
3.399520e+02 1.231000e+10
3.402020e+02 1.225000e+10
3.404520e+02 1.218000e+10
3.407020e+02 1.211000e+10
3.409520e+02 1.204000e+10
3.412020e+02 1.198000e+10
3.414520e+02 1.191000e+10
3.417030e+02 1.185000e+10
3.419530e+02 1.178000e+10
3.422030e+02 1.172000e+10
3.424530e+02 1.165000e+10
3.427030e+02 1.159000e+10
3.429530e+02 1.152000e+10
3.432030e+02 1.146000e+10
3.434530e+02 1.140000e+10
3.437030e+02 1.133000e+10
3.439530e+02 1.127000e+10
3.442030e+02 1.121000e+10
3.444530e+02 1.115000e+10
3.447030e+02 1.109000e+10
3.449530e+02 1.102000e+10
3.452040e+02 1.096000e+10
3.454540e+02 1.090000e+10
3.457040e+02 1.084000e+10
3.459540e+02 1.078000e+10
3.462040e+02 1.072000e+10
3.464540e+02 1.066000e+10
3.467040e+02 1.061000e+10
3.469540e+02 1.055000e+10
3.472040e+02 1.049000e+10
3.474540e+02 1.043000e+10
3.477040e+02 1.037000e+10
3.479540e+02 1.032000e+10
3.482040e+02 1.026000e+10
3.484550e+02 1.020000e+10
3.487050e+02 1.015000e+10
3.489550e+02 1.009000e+10
3.492050e+02 1.004000e+10
3.494550e+02 9.980000e+09
3.497050e+02 9.925000e+09
3.499550e+02 9.870000e+09
3.502050e+02 9.816000e+09
3.504550e+02 9.761000e+09
3.507050e+02 9.707000e+09
3.509550e+02 9.654000e+09
3.512050e+02 9.601000e+09
3.514550e+02 9.548000e+09
3.517060e+02 9.495000e+09
3.519560e+02 9.442000e+09
3.522060e+02 9.390000e+09
3.524560e+02 9.338000e+09
3.527060e+02 9.287000e+09
3.529560e+02 9.236000e+09
3.532060e+02 9.185000e+09
3.534560e+02 9.134000e+09
3.537060e+02 9.084000e+09
3.539560e+02 9.033000e+09
3.542060e+02 8.983000e+09
3.544560e+02 8.934000e+09
3.547060e+02 8.885000e+09
3.549560e+02 8.835000e+09
3.552070e+02 8.787000e+09
3.554570e+02 8.738000e+09
3.557070e+02 8.690000e+09
3.559570e+02 8.642000e+09
3.562070e+02 8.594000e+09
3.564570e+02 8.547000e+09
3.567070e+02 8.499000e+09
3.569570e+02 8.452000e+09
3.572070e+02 8.406000e+09
3.574570e+02 8.359000e+09
3.577070e+02 8.313000e+09
3.579570e+02 8.267000e+09
3.582070e+02 8.222000e+09
3.584580e+02 8.176000e+09
3.587080e+02 8.131000e+09
3.589580e+02 8.086000e+09
3.592080e+02 8.041000e+09
3.594580e+02 7.997000e+09
3.597080e+02 7.953000e+09
3.599580e+02 7.909000e+09
3.602080e+02 7.865000e+09
3.604580e+02 7.822000e+09
3.607080e+02 7.778000e+09
3.609580e+02 7.735000e+09
3.612080e+02 7.693000e+09
3.614580e+02 7.650000e+09
3.617090e+02 7.608000e+09
3.619590e+02 7.566000e+09
3.622090e+02 7.524000e+09
3.624590e+02 7.482000e+09
3.627090e+02 7.441000e+09
3.629590e+02 7.400000e+09
3.632090e+02 7.359000e+09
3.634590e+02 7.318000e+09
3.637090e+02 7.278000e+09
3.639590e+02 7.237000e+09
3.642090e+02 7.197000e+09
3.644590e+02 7.158000e+09
3.647090e+02 7.118000e+09
3.649590e+02 7.079000e+09
3.652100e+02 7.040000e+09
3.654600e+02 7.001000e+09
3.657100e+02 6.962000e+09
3.659600e+02 6.923000e+09
3.662100e+02 6.885000e+09
3.664600e+02 6.847000e+09
3.667100e+02 6.809000e+09
3.669600e+02 6.771000e+09
3.672100e+02 6.734000e+09
3.674600e+02 6.697000e+09
3.677100e+02 6.660000e+09
3.679600e+02 6.623000e+09
3.682100e+02 6.586000e+09
3.684610e+02 6.550000e+09
3.687110e+02 6.514000e+09
3.689610e+02 6.477000e+09
3.692110e+02 6.442000e+09
3.694610e+02 6.406000e+09
3.697110e+02 6.371000e+09
3.699610e+02 6.335000e+09
3.702110e+02 6.300000e+09
3.704610e+02 6.265000e+09
3.707110e+02 6.231000e+09
3.709610e+02 6.196000e+09
3.712110e+02 6.162000e+09
3.714610e+02 6.128000e+09
3.717120e+02 6.094000e+09
3.719620e+02 6.060000e+09
3.722120e+02 6.027000e+09
3.724620e+02 5.993000e+09
3.727120e+02 5.960000e+09
3.729620e+02 5.927000e+09
3.732120e+02 5.894000e+09
3.734620e+02 5.862000e+09
3.737120e+02 5.829000e+09
3.739620e+02 5.797000e+09
3.742120e+02 5.765000e+09
3.744620e+02 5.733000e+09
3.747120e+02 5.701000e+09
3.749620e+02 5.670000e+09
3.752130e+02 5.638000e+09
3.754630e+02 5.607000e+09
3.757130e+02 5.576000e+09
3.759630e+02 5.545000e+09
3.762130e+02 5.514000e+09
3.764630e+02 5.484000e+09
3.767130e+02 5.453000e+09
3.769630e+02 5.423000e+09
3.772130e+02 5.393000e+09
3.774630e+02 5.363000e+09
3.777130e+02 5.334000e+09
3.779630e+02 5.304000e+09
3.782130e+02 5.275000e+09
3.784640e+02 5.245000e+09
3.787140e+02 5.216000e+09
3.789640e+02 5.187000e+09
3.792140e+02 5.159000e+09
3.794640e+02 5.130000e+09
3.797140e+02 5.102000e+09
3.799640e+02 5.073000e+09
3.802140e+02 5.045000e+09
3.804640e+02 5.017000e+09
3.807140e+02 4.990000e+09
3.809640e+02 4.962000e+09
3.812140e+02 4.934000e+09
3.814640e+02 4.907000e+09
3.817150e+02 4.880000e+09
3.819650e+02 4.853000e+09
3.822150e+02 4.826000e+09
3.824650e+02 4.799000e+09
3.827150e+02 4.773000e+09
3.829650e+02 4.746000e+09
3.832150e+02 4.720000e+09
3.834650e+02 4.694000e+09
3.837150e+02 4.668000e+09
3.839650e+02 4.642000e+09
3.842150e+02 4.616000e+09
3.844650e+02 4.590000e+09
3.847150e+02 4.565000e+09
3.849650e+02 4.540000e+09
3.852160e+02 4.515000e+09
3.854660e+02 4.490000e+09
3.857160e+02 4.465000e+09
3.859660e+02 4.440000e+09
3.862160e+02 4.415000e+09
3.864660e+02 4.391000e+09
3.867160e+02 4.366000e+09
3.869660e+02 4.342000e+09
3.872160e+02 4.318000e+09
3.874660e+02 4.294000e+09
3.877160e+02 4.270000e+09
3.879660e+02 4.247000e+09
3.882160e+02 4.223000e+09
3.884670e+02 4.200000e+09
3.887170e+02 4.176000e+09
3.889670e+02 4.153000e+09
3.892170e+02 4.130000e+09
3.894670e+02 4.107000e+09
3.897170e+02 4.085000e+09
3.899670e+02 4.062000e+09
3.902170e+02 4.039000e+09
3.904670e+02 4.017000e+09
3.907170e+02 3.995000e+09
3.909670e+02 3.972000e+09
3.912170e+02 3.950000e+09
3.914670e+02 3.929000e+09
3.917180e+02 3.907000e+09
3.919680e+02 3.885000e+09
3.922180e+02 3.863000e+09
3.924680e+02 3.842000e+09
3.927180e+02 3.821000e+09
3.929680e+02 3.800000e+09
3.932180e+02 3.778000e+09
3.934680e+02 3.757000e+09
3.937180e+02 3.737000e+09
3.939680e+02 3.716000e+09
3.942180e+02 3.695000e+09
3.944680e+02 3.675000e+09
3.947180e+02 3.654000e+09
3.949680e+02 3.634000e+09
3.952190e+02 3.614000e+09
3.954690e+02 3.594000e+09
3.957190e+02 3.574000e+09
3.959690e+02 3.554000e+09
3.962190e+02 3.534000e+09
3.964690e+02 3.515000e+09
3.967190e+02 3.495000e+09
3.969690e+02 3.476000e+09
3.972190e+02 3.456000e+09
3.974690e+02 3.437000e+09
3.977190e+02 3.418000e+09
3.979690e+02 3.399000e+09
3.982190e+02 3.380000e+09
3.984700e+02 3.362000e+09
3.987200e+02 3.343000e+09
3.989700e+02 3.324000e+09
3.992200e+02 3.306000e+09
3.994700e+02 3.288000e+09
3.997200e+02 3.269000e+09
3.999700e+02 3.251000e+09
4.002200e+02 3.233000e+09
4.004700e+02 3.215000e+09
4.007200e+02 3.197000e+09
4.009700e+02 3.179000e+09
4.012200e+02 3.162000e+09
4.014700e+02 3.144000e+09
4.017210e+02 3.127000e+09
4.019710e+02 3.109000e+09
4.022210e+02 3.092000e+09
4.024710e+02 3.075000e+09
4.027210e+02 3.058000e+09
4.029710e+02 3.041000e+09
4.032210e+02 3.024000e+09
4.034710e+02 3.007000e+09
4.037210e+02 2.991000e+09
4.039710e+02 2.974000e+09
4.042210e+02 2.957000e+09
4.044710e+02 2.941000e+09
4.047210e+02 2.925000e+09
4.049710e+02 2.908000e+09
4.052220e+02 2.892000e+09
4.054720e+02 2.876000e+09
4.057220e+02 2.860000e+09
4.059720e+02 2.844000e+09
4.062220e+02 2.828000e+09
4.064720e+02 2.813000e+09
4.067220e+02 2.797000e+09
4.069720e+02 2.782000e+09
4.072220e+02 2.766000e+09
4.074720e+02 2.751000e+09
4.077220e+02 2.735000e+09
4.079720e+02 2.720000e+09
4.082220e+02 2.705000e+09
4.084730e+02 2.690000e+09
4.087230e+02 2.675000e+09
4.089730e+02 2.660000e+09
4.092230e+02 2.645000e+09
4.094730e+02 2.631000e+09
4.097230e+02 2.616000e+09
4.099730e+02 2.602000e+09
4.102230e+02 2.587000e+09
4.104730e+02 2.573000e+09
4.107230e+02 2.558000e+09
4.109730e+02 2.544000e+09
4.112230e+02 2.530000e+09
4.114730e+02 2.516000e+09
4.117240e+02 2.502000e+09
4.119740e+02 2.488000e+09
4.122240e+02 2.474000e+09
4.124740e+02 2.460000e+09
4.127240e+02 2.447000e+09
4.129740e+02 2.433000e+09
4.132240e+02 2.420000e+09
4.134740e+02 2.406000e+09
4.137240e+02 2.393000e+09
4.139740e+02 2.379000e+09
4.142240e+02 2.366000e+09
4.144740e+02 2.353000e+09
4.147240e+02 2.340000e+09
4.149740e+02 2.327000e+09
4.152250e+02 2.314000e+09
4.154750e+02 2.301000e+09
4.157250e+02 2.288000e+09
4.159750e+02 2.276000e+09
4.162250e+02 2.263000e+09
4.164750e+02 2.250000e+09
4.167250e+02 2.238000e+09
4.169750e+02 2.225000e+09
4.172250e+02 2.213000e+09
4.174750e+02 2.201000e+09
4.177250e+02 2.188000e+09
4.179750e+02 2.176000e+09
4.182250e+02 2.164000e+09
4.184760e+02 2.152000e+09
4.187260e+02 2.140000e+09
4.189760e+02 2.128000e+09
4.192260e+02 2.116000e+09
4.194760e+02 2.105000e+09
4.197260e+02 2.093000e+09
4.199760e+02 2.081000e+09
4.202260e+02 2.070000e+09
4.204760e+02 2.058000e+09
4.207260e+02 2.047000e+09
4.209760e+02 2.035000e+09
4.212260e+02 2.024000e+09
4.214760e+02 2.013000e+09
4.217270e+02 2.002000e+09
4.219770e+02 1.990000e+09
4.222270e+02 1.979000e+09
4.224770e+02 1.968000e+09
4.227270e+02 1.957000e+09
4.229770e+02 1.946000e+09
4.232270e+02 1.936000e+09
4.234770e+02 1.925000e+09
4.237270e+02 1.914000e+09
4.239770e+02 1.903000e+09
4.242270e+02 1.893000e+09
4.244770e+02 1.882000e+09
4.247270e+02 1.872000e+09
4.249770e+02 1.861000e+09
4.252280e+02 1.851000e+09
4.254780e+02 1.841000e+09
4.257280e+02 1.830000e+09
4.259780e+02 1.820000e+09
4.262280e+02 1.810000e+09
4.264780e+02 1.800000e+09
4.267280e+02 1.790000e+09
4.269780e+02 1.780000e+09
4.272280e+02 1.770000e+09
4.274780e+02 1.760000e+09
4.277280e+02 1.751000e+09
4.279780e+02 1.741000e+09
4.282280e+02 1.731000e+09
4.284790e+02 1.721000e+09
4.287290e+02 1.712000e+09
4.289790e+02 1.702000e+09
4.292290e+02 1.693000e+09
4.294790e+02 1.683000e+09
4.297290e+02 1.674000e+09
4.299790e+02 1.665000e+09
4.302290e+02 1.655000e+09
4.304790e+02 1.646000e+09
4.307290e+02 1.637000e+09
4.309790e+02 1.628000e+09
4.312290e+02 1.619000e+09
4.314790e+02 1.610000e+09
4.317300e+02 1.601000e+09
4.319800e+02 1.592000e+09
4.322300e+02 1.583000e+09
4.324800e+02 1.574000e+09
4.327300e+02 1.565000e+09
4.329800e+02 1.557000e+09
4.332300e+02 1.548000e+09
4.334800e+02 1.539000e+09
4.337300e+02 1.531000e+09
4.339800e+02 1.522000e+09
4.342300e+02 1.514000e+09
4.344800e+02 1.505000e+09
4.347300e+02 1.497000e+09
4.349800e+02 1.489000e+09
4.352310e+02 1.480000e+09
4.354810e+02 1.472000e+09
4.357310e+02 1.464000e+09
4.359810e+02 1.456000e+09
4.362310e+02 1.448000e+09
4.364810e+02 1.440000e+09
4.367310e+02 1.432000e+09
4.369810e+02 1.424000e+09
4.372310e+02 1.416000e+09
4.374810e+02 1.408000e+09
4.377310e+02 1.400000e+09
4.379810e+02 1.392000e+09
4.382310e+02 1.384000e+09
4.384820e+02 1.377000e+09
4.387320e+02 1.369000e+09
4.389820e+02 1.361000e+09
4.392320e+02 1.354000e+09
4.394820e+02 1.346000e+09
4.397320e+02 1.339000e+09
4.399820e+02 1.331000e+09
4.402320e+02 1.324000e+09
4.404820e+02 1.316000e+09
4.407320e+02 1.309000e+09
4.409820e+02 1.302000e+09
4.412320e+02 1.294000e+09
4.414820e+02 1.287000e+09
4.417330e+02 1.280000e+09
4.419830e+02 1.273000e+09
4.422330e+02 1.266000e+09
4.424830e+02 1.259000e+09
4.427330e+02 1.252000e+09
4.429830e+02 1.245000e+09
4.432330e+02 1.238000e+09
4.434830e+02 1.231000e+09
4.437330e+02 1.224000e+09
4.439830e+02 1.217000e+09
4.442330e+02 1.210000e+09
4.444830e+02 1.204000e+09
4.447330e+02 1.197000e+09
4.449830e+02 1.190000e+09
4.452340e+02 1.184000e+09
4.454840e+02 1.177000e+09
4.457340e+02 1.170000e+09
4.459840e+02 1.164000e+09
4.462340e+02 1.157000e+09
4.464840e+02 1.151000e+09
4.467340e+02 1.145000e+09
4.469840e+02 1.138000e+09
4.472340e+02 1.132000e+09
4.474840e+02 1.126000e+09
4.477340e+02 1.119000e+09
4.479840e+02 1.113000e+09
4.482340e+02 1.107000e+09
4.484850e+02 1.101000e+09
4.487350e+02 1.094000e+09
4.489850e+02 1.088000e+09
4.492350e+02 1.082000e+09
4.494850e+02 1.076000e+09
4.497350e+02 1.070000e+09
4.499850e+02 1.064000e+09
4.502350e+02 1.058000e+09
4.504850e+02 1.052000e+09
4.507350e+02 1.047000e+09
4.509850e+02 1.041000e+09
4.512350e+02 1.035000e+09
4.514850e+02 1.029000e+09
4.517360e+02 1.023000e+09
4.519860e+02 1.018000e+09
4.522360e+02 1.012000e+09
4.524860e+02 1.006000e+09
4.527360e+02 1.001000e+09
4.529860e+02 9.951000e+08
4.532360e+02 9.896000e+08
4.534860e+02 9.841000e+08
4.537360e+02 9.786000e+08
4.539860e+02 9.731000e+08
4.542360e+02 9.677000e+08
4.544860e+02 9.623000e+08
4.547360e+02 9.569000e+08
4.549860e+02 9.516000e+08
4.552370e+02 9.462000e+08
4.554870e+02 9.410000e+08
4.557370e+02 9.357000e+08
4.559870e+02 9.305000e+08
4.562370e+02 9.253000e+08
4.564870e+02 9.201000e+08
4.567370e+02 9.150000e+08
4.569870e+02 9.099000e+08
4.572370e+02 9.048000e+08
4.574870e+02 8.997000e+08
4.577370e+02 8.947000e+08
4.579870e+02 8.897000e+08
4.582370e+02 8.847000e+08
4.584880e+02 8.798000e+08
4.587380e+02 8.749000e+08
4.589880e+02 8.700000e+08
4.592380e+02 8.651000e+08
4.594880e+02 8.603000e+08
4.597380e+02 8.555000e+08
4.599880e+02 8.507000e+08
4.602380e+02 8.460000e+08
4.604880e+02 8.412000e+08
4.607380e+02 8.365000e+08
4.609880e+02 8.319000e+08
4.612380e+02 8.272000e+08
4.614880e+02 8.226000e+08
4.617390e+02 8.180000e+08
4.619890e+02 8.134000e+08
4.622390e+02 8.089000e+08
4.624890e+02 8.044000e+08
4.627390e+02 7.999000e+08
4.629890e+02 7.954000e+08
4.632390e+02 7.910000e+08
4.634890e+02 7.866000e+08
4.637390e+02 7.822000e+08
4.639890e+02 7.778000e+08
4.642390e+02 7.734000e+08
4.644890e+02 7.691000e+08
4.647390e+02 7.648000e+08
4.649890e+02 7.605000e+08
4.652400e+02 7.563000e+08
4.654900e+02 7.521000e+08
4.657400e+02 7.479000e+08
4.659900e+02 7.437000e+08
4.662400e+02 7.395000e+08
4.664900e+02 7.354000e+08
4.667400e+02 7.313000e+08
4.669900e+02 7.272000e+08
4.672400e+02 7.231000e+08
4.674900e+02 7.191000e+08
4.677400e+02 7.151000e+08
4.679900e+02 7.111000e+08
4.682400e+02 7.071000e+08
4.684910e+02 7.031000e+08
4.687410e+02 6.992000e+08
4.689910e+02 6.953000e+08
4.692410e+02 6.914000e+08
4.694910e+02 6.876000e+08
4.697410e+02 6.837000e+08
4.699910e+02 6.799000e+08
4.702410e+02 6.761000e+08
4.704910e+02 6.723000e+08
4.707410e+02 6.686000e+08
4.709910e+02 6.648000e+08
4.712410e+02 6.611000e+08
4.714910e+02 6.574000e+08
4.717420e+02 6.537000e+08
4.719920e+02 6.501000e+08
4.722420e+02 6.464000e+08
4.724920e+02 6.428000e+08
4.727420e+02 6.392000e+08
4.729920e+02 6.357000e+08
4.732420e+02 6.321000e+08
4.734920e+02 6.286000e+08
4.737420e+02 6.250000e+08
4.739920e+02 6.216000e+08
4.742420e+02 6.181000e+08
4.744920e+02 6.146000e+08
4.747420e+02 6.112000e+08
4.749920e+02 6.078000e+08
4.752430e+02 6.044000e+08
4.754930e+02 6.010000e+08
4.757430e+02 5.976000e+08
4.759930e+02 5.943000e+08
4.762430e+02 5.910000e+08
4.764930e+02 5.877000e+08
4.767430e+02 5.844000e+08
4.769930e+02 5.811000e+08
4.772430e+02 5.778000e+08
4.774930e+02 5.746000e+08
4.777430e+02 5.714000e+08
4.779930e+02 5.682000e+08
4.782430e+02 5.650000e+08
4.784940e+02 5.619000e+08
4.787440e+02 5.587000e+08
4.789940e+02 5.556000e+08
4.792440e+02 5.525000e+08
4.794940e+02 5.494000e+08
4.797440e+02 5.463000e+08
4.799940e+02 5.433000e+08
4.802440e+02 5.402000e+08
4.804940e+02 5.372000e+08
4.807440e+02 5.342000e+08
4.809940e+02 5.312000e+08
4.812440e+02 5.282000e+08
4.814940e+02 5.253000e+08
4.817450e+02 5.223000e+08
4.819950e+02 5.194000e+08
4.822450e+02 5.165000e+08
4.824950e+02 5.136000e+08
4.827450e+02 5.107000e+08
4.829950e+02 5.079000e+08
4.832450e+02 5.050000e+08
4.834950e+02 5.022000e+08
4.837450e+02 4.994000e+08
4.839950e+02 4.966000e+08
4.842450e+02 4.938000e+08
4.844950e+02 4.911000e+08
4.847450e+02 4.883000e+08
4.849950e+02 4.856000e+08
4.852460e+02 4.829000e+08
4.854960e+02 4.802000e+08
4.857460e+02 4.775000e+08
4.859960e+02 4.748000e+08
4.862460e+02 4.721000e+08
4.864960e+02 4.695000e+08
4.867460e+02 4.669000e+08
4.869960e+02 4.643000e+08
4.872460e+02 4.617000e+08
4.874960e+02 4.591000e+08
4.877460e+02 4.565000e+08
4.879960e+02 4.540000e+08
4.882460e+02 4.514000e+08
4.884970e+02 4.489000e+08
4.887470e+02 4.464000e+08
4.889970e+02 4.439000e+08
4.892470e+02 4.414000e+08
4.894970e+02 4.389000e+08
4.897470e+02 4.365000e+08
4.899970e+02 4.340000e+08
4.902470e+02 4.316000e+08
4.904970e+02 4.292000e+08
4.907470e+02 4.268000e+08
4.909970e+02 4.244000e+08
4.912470e+02 4.220000e+08
4.914970e+02 4.196000e+08
4.917480e+02 4.173000e+08
4.919980e+02 4.149000e+08
4.922480e+02 4.126000e+08
4.924980e+02 4.103000e+08
4.927480e+02 4.080000e+08
4.929980e+02 4.057000e+08
4.932480e+02 4.035000e+08
4.934980e+02 4.012000e+08
4.937480e+02 3.990000e+08
4.939980e+02 3.967000e+08
4.942480e+02 3.945000e+08
4.944980e+02 3.923000e+08
4.947480e+02 3.901000e+08
4.949980e+02 3.879000e+08
4.952490e+02 3.857000e+08
4.954990e+02 3.836000e+08
4.957490e+02 3.814000e+08
4.959990e+02 3.793000e+08
4.962490e+02 3.772000e+08
4.964990e+02 3.750000e+08
4.967490e+02 3.729000e+08
4.969990e+02 3.709000e+08
4.972490e+02 3.688000e+08
4.974990e+02 3.667000e+08
4.977490e+02 3.647000e+08
4.979990e+02 3.626000e+08
4.982490e+02 3.606000e+08
4.985000e+02 3.586000e+08
4.987500e+02 3.566000e+08
4.990000e+02 3.546000e+08
4.992500e+02 3.526000e+08
4.995000e+02 3.506000e+08
4.997500e+02 3.486000e+08
5.000000e+02 3.467000e+08
