# Energy [keV], Flux[ph/s/0.1%/100mA] - BC FE acceptance: 1.23 x 0.39 mrad²
1.000000e-01 2.750000e+11
3.500750e-01 6.407000e+11
6.001500e-01 9.233000e+11
8.502250e-01 1.169000e+12
1.100300e+00 1.392000e+12
1.350380e+00 1.598000e+12
1.600450e+00 1.791000e+12
1.850530e+00 1.973000e+12
2.100600e+00 2.146000e+12
2.350680e+00 2.311000e+12
2.600750e+00 2.469000e+12
2.850830e+00 2.620000e+12
3.100900e+00 2.765000e+12
3.350980e+00 2.906000e+12
3.601050e+00 3.041000e+12
3.851130e+00 3.171000e+12
4.101200e+00 3.297000e+12
4.351280e+00 3.419000e+12
4.601350e+00 3.537000e+12
4.851430e+00 3.651000e+12
5.101500e+00 3.761000e+12
5.351580e+00 3.869000e+12
5.601650e+00 3.972000e+12
5.851730e+00 4.073000e+12
6.101800e+00 4.171000e+12
6.351880e+00 4.266000e+12
6.601950e+00 4.358000e+12
6.852030e+00 4.447000e+12
7.102100e+00 4.534000e+12
7.352180e+00 4.618000e+12
7.602250e+00 4.700000e+12
7.852330e+00 4.779000e+12
8.102400e+00 4.856000e+12
8.352480e+00 4.931000e+12
8.602550e+00 5.003000e+12
8.852630e+00 5.074000e+12
9.102700e+00 5.142000e+12
9.352780e+00 5.208000e+12
9.602850e+00 5.273000e+12
9.852930e+00 5.335000e+12
1.010300e+01 5.396000e+12
1.035310e+01 5.455000e+12
1.060320e+01 5.512000e+12
1.085320e+01 5.568000e+12
1.110330e+01 5.621000e+12
1.135340e+01 5.673000e+12
1.160350e+01 5.724000e+12
1.185350e+01 5.773000e+12
1.210360e+01 5.820000e+12
1.235370e+01 5.866000e+12
1.260380e+01 5.911000e+12
1.285380e+01 5.954000e+12
1.310390e+01 5.996000e+12
1.335400e+01 6.036000e+12
1.360410e+01 6.075000e+12
1.385410e+01 6.113000e+12
1.410420e+01 6.149000e+12
1.435430e+01 6.184000e+12
1.460440e+01 6.218000e+12
1.485440e+01 6.251000e+12
1.510450e+01 6.283000e+12
1.535460e+01 6.313000e+12
1.560470e+01 6.343000e+12
1.585470e+01 6.371000e+12
1.610480e+01 6.398000e+12
1.635490e+01 6.425000e+12
1.660500e+01 6.450000e+12
1.685500e+01 6.474000e+12
1.710510e+01 6.497000e+12
1.735520e+01 6.520000e+12
1.760530e+01 6.541000e+12
1.785530e+01 6.562000e+12
1.810540e+01 6.581000e+12
1.835550e+01 6.600000e+12
1.860560e+01 6.618000e+12
1.885560e+01 6.635000e+12
1.910570e+01 6.651000e+12
1.935580e+01 6.667000e+12
1.960590e+01 6.681000e+12
1.985590e+01 6.695000e+12
2.010600e+01 6.708000e+12
2.035610e+01 6.721000e+12
2.060620e+01 6.732000e+12
2.085620e+01 6.743000e+12
2.110630e+01 6.754000e+12
2.135640e+01 6.763000e+12
2.160650e+01 6.772000e+12
2.185650e+01 6.780000e+12
2.210660e+01 6.788000e+12
2.235670e+01 6.795000e+12
2.260680e+01 6.801000e+12
2.285680e+01 6.807000e+12
2.310690e+01 6.812000e+12
2.335700e+01 6.817000e+12
2.360710e+01 6.821000e+12
2.385710e+01 6.825000e+12
2.410720e+01 6.828000e+12
2.435730e+01 6.830000e+12
2.460740e+01 6.832000e+12
2.485740e+01 6.834000e+12
2.510750e+01 6.835000e+12
2.535760e+01 6.835000e+12
2.560770e+01 6.835000e+12
2.585770e+01 6.835000e+12
2.610780e+01 6.834000e+12
2.635790e+01 6.833000e+12
2.660800e+01 6.831000e+12
2.685800e+01 6.829000e+12
2.710810e+01 6.826000e+12
2.735820e+01 6.823000e+12
2.760830e+01 6.820000e+12
2.785830e+01 6.816000e+12
2.810840e+01 6.812000e+12
2.835850e+01 6.808000e+12
2.860860e+01 6.803000e+12
2.885860e+01 6.798000e+12
2.910870e+01 6.792000e+12
2.935880e+01 6.786000e+12
2.960890e+01 6.780000e+12
2.985890e+01 6.773000e+12
3.010900e+01 6.766000e+12
3.035910e+01 6.759000e+12
3.060920e+01 6.752000e+12
3.085920e+01 6.744000e+12
3.110930e+01 6.736000e+12
3.135940e+01 6.728000e+12
3.160950e+01 6.719000e+12
3.185950e+01 6.710000e+12
3.210960e+01 6.701000e+12
3.235970e+01 6.691000e+12
3.260980e+01 6.682000e+12
3.285980e+01 6.672000e+12
3.310990e+01 6.662000e+12
3.336000e+01 6.651000e+12
3.361010e+01 6.641000e+12
3.386010e+01 6.630000e+12
3.411020e+01 6.619000e+12
3.436030e+01 6.608000e+12
3.461040e+01 6.596000e+12
3.486040e+01 6.584000e+12
3.511050e+01 6.572000e+12
3.536060e+01 6.560000e+12
3.561070e+01 6.548000e+12
3.586070e+01 6.536000e+12
3.611080e+01 6.523000e+12
3.636090e+01 6.510000e+12
3.661100e+01 6.497000e+12
3.686100e+01 6.484000e+12
3.711110e+01 6.471000e+12
3.736120e+01 6.457000e+12
3.761130e+01 6.444000e+12
3.786130e+01 6.430000e+12
3.811140e+01 6.416000e+12
3.836150e+01 6.402000e+12
3.861160e+01 6.388000e+12
3.886160e+01 6.373000e+12
3.911170e+01 6.359000e+12
3.936180e+01 6.344000e+12
3.961190e+01 6.330000e+12
3.986190e+01 6.315000e+12
4.011200e+01 6.300000e+12
4.036210e+01 6.285000e+12
4.061220e+01 6.270000e+12
4.086220e+01 6.254000e+12
4.111230e+01 6.239000e+12
4.136240e+01 6.223000e+12
4.161250e+01 6.208000e+12
4.186250e+01 6.192000e+12
4.211260e+01 6.176000e+12
4.236270e+01 6.160000e+12
4.261280e+01 6.144000e+12
4.286280e+01 6.128000e+12
4.311290e+01 6.112000e+12
4.336300e+01 6.096000e+12
4.361310e+01 6.080000e+12
4.386310e+01 6.063000e+12
4.411320e+01 6.047000e+12
4.436330e+01 6.031000e+12
4.461340e+01 6.014000e+12
4.486340e+01 5.997000e+12
4.511350e+01 5.981000e+12
4.536360e+01 5.964000e+12
4.561370e+01 5.947000e+12
4.586370e+01 5.930000e+12
4.611380e+01 5.913000e+12
4.636390e+01 5.896000e+12
4.661400e+01 5.879000e+12
4.686400e+01 5.862000e+12
4.711410e+01 5.845000e+12
4.736420e+01 5.828000e+12
4.761430e+01 5.811000e+12
4.786430e+01 5.794000e+12
4.811440e+01 5.777000e+12
4.836450e+01 5.759000e+12
4.861460e+01 5.742000e+12
4.886460e+01 5.725000e+12
4.911470e+01 5.707000e+12
4.936480e+01 5.690000e+12
4.961490e+01 5.672000e+12
4.986490e+01 5.655000e+12
5.011500e+01 5.637000e+12
5.036510e+01 5.620000e+12
5.061520e+01 5.602000e+12
5.086520e+01 5.585000e+12
5.111530e+01 5.567000e+12
5.136540e+01 5.550000e+12
5.161550e+01 5.532000e+12
5.186550e+01 5.515000e+12
5.211560e+01 5.497000e+12
5.236570e+01 5.479000e+12
5.261580e+01 5.462000e+12
5.286580e+01 5.444000e+12
5.311590e+01 5.426000e+12
5.336600e+01 5.409000e+12
5.361610e+01 5.391000e+12
5.386610e+01 5.373000e+12
5.411620e+01 5.356000e+12
5.436630e+01 5.338000e+12
5.461640e+01 5.320000e+12
5.486640e+01 5.303000e+12
5.511650e+01 5.285000e+12
5.536660e+01 5.267000e+12
5.561670e+01 5.250000e+12
5.586670e+01 5.232000e+12
5.611680e+01 5.214000e+12
5.636690e+01 5.197000e+12
5.661700e+01 5.179000e+12
5.686700e+01 5.162000e+12
5.711710e+01 5.144000e+12
5.736720e+01 5.126000e+12
5.761730e+01 5.109000e+12
5.786730e+01 5.091000e+12
5.811740e+01 5.074000e+12
5.836750e+01 5.056000e+12
5.861760e+01 5.039000e+12
5.886760e+01 5.021000e+12
5.911770e+01 5.004000e+12
5.936780e+01 4.986000e+12
5.961790e+01 4.969000e+12
5.986790e+01 4.951000e+12
6.011800e+01 4.934000e+12
6.036810e+01 4.916000e+12
6.061820e+01 4.899000e+12
6.086820e+01 4.882000e+12
6.111830e+01 4.864000e+12
6.136840e+01 4.847000e+12
6.161850e+01 4.830000e+12
6.186850e+01 4.812000e+12
6.211860e+01 4.795000e+12
6.236870e+01 4.778000e+12
6.261880e+01 4.761000e+12
6.286880e+01 4.744000e+12
6.311890e+01 4.726000e+12
6.336900e+01 4.709000e+12
6.361910e+01 4.692000e+12
6.386910e+01 4.675000e+12
6.411920e+01 4.658000e+12
6.436930e+01 4.641000e+12
6.461940e+01 4.624000e+12
6.486940e+01 4.607000e+12
6.511950e+01 4.590000e+12
6.536960e+01 4.574000e+12
6.561970e+01 4.557000e+12
6.586970e+01 4.540000e+12
6.611980e+01 4.523000e+12
6.636990e+01 4.506000e+12
6.662000e+01 4.490000e+12
6.687000e+01 4.473000e+12
6.712010e+01 4.456000e+12
6.737020e+01 4.440000e+12
6.762030e+01 4.423000e+12
6.787030e+01 4.407000e+12
6.812040e+01 4.390000e+12
6.837050e+01 4.374000e+12
6.862060e+01 4.357000e+12
6.887060e+01 4.341000e+12
6.912070e+01 4.325000e+12
6.937080e+01 4.308000e+12
6.962090e+01 4.292000e+12
6.987090e+01 4.276000e+12
7.012100e+01 4.260000e+12
7.037110e+01 4.243000e+12
7.062120e+01 4.227000e+12
7.087120e+01 4.211000e+12
7.112130e+01 4.195000e+12
7.137140e+01 4.179000e+12
7.162150e+01 4.163000e+12
7.187150e+01 4.147000e+12
7.212160e+01 4.131000e+12
7.237170e+01 4.115000e+12
7.262180e+01 4.100000e+12
7.287180e+01 4.084000e+12
7.312190e+01 4.068000e+12
7.337200e+01 4.052000e+12
7.362210e+01 4.037000e+12
7.387210e+01 4.021000e+12
7.412220e+01 4.006000e+12
7.437230e+01 3.990000e+12
7.462240e+01 3.975000e+12
7.487240e+01 3.959000e+12
7.512250e+01 3.944000e+12
7.537260e+01 3.928000e+12
7.562270e+01 3.913000e+12
7.587270e+01 3.898000e+12
7.612280e+01 3.883000e+12
7.637290e+01 3.867000e+12
7.662300e+01 3.852000e+12
7.687300e+01 3.837000e+12
7.712310e+01 3.822000e+12
7.737320e+01 3.807000e+12
7.762330e+01 3.792000e+12
7.787330e+01 3.777000e+12
7.812340e+01 3.762000e+12
7.837350e+01 3.748000e+12
7.862360e+01 3.733000e+12
7.887360e+01 3.718000e+12
7.912370e+01 3.703000e+12
7.937380e+01 3.689000e+12
7.962390e+01 3.674000e+12
7.987390e+01 3.659000e+12
8.012400e+01 3.645000e+12
8.037410e+01 3.630000e+12
8.062420e+01 3.616000e+12
8.087420e+01 3.602000e+12
8.112430e+01 3.587000e+12
8.137440e+01 3.573000e+12
8.162450e+01 3.559000e+12
8.187450e+01 3.544000e+12
8.212460e+01 3.530000e+12
8.237470e+01 3.516000e+12
8.262480e+01 3.502000e+12
8.287480e+01 3.488000e+12
8.312490e+01 3.474000e+12
8.337500e+01 3.460000e+12
8.362510e+01 3.446000e+12
8.387510e+01 3.432000e+12
8.412520e+01 3.418000e+12
8.437530e+01 3.404000e+12
8.462540e+01 3.391000e+12
8.487540e+01 3.377000e+12
8.512550e+01 3.363000e+12
8.537560e+01 3.350000e+12
8.562570e+01 3.336000e+12
8.587570e+01 3.323000e+12
8.612580e+01 3.309000e+12
8.637590e+01 3.296000e+12
8.662600e+01 3.282000e+12
8.687600e+01 3.269000e+12
8.712610e+01 3.256000e+12
8.737620e+01 3.243000e+12
8.762630e+01 3.229000e+12
8.787630e+01 3.216000e+12
8.812640e+01 3.203000e+12
8.837650e+01 3.190000e+12
8.862660e+01 3.177000e+12
8.887660e+01 3.164000e+12
8.912670e+01 3.151000e+12
8.937680e+01 3.138000e+12
8.962690e+01 3.125000e+12
8.987690e+01 3.112000e+12
9.012700e+01 3.100000e+12
9.037710e+01 3.087000e+12
9.062720e+01 3.074000e+12
9.087720e+01 3.062000e+12
9.112730e+01 3.049000e+12
9.137740e+01 3.036000e+12
9.162750e+01 3.024000e+12
9.187750e+01 3.011000e+12
9.212760e+01 2.999000e+12
9.237770e+01 2.987000e+12
9.262780e+01 2.974000e+12
9.287780e+01 2.962000e+12
9.312790e+01 2.950000e+12
9.337800e+01 2.938000e+12
9.362810e+01 2.925000e+12
9.387810e+01 2.913000e+12
9.412820e+01 2.901000e+12
9.437830e+01 2.889000e+12
9.462840e+01 2.877000e+12
9.487840e+01 2.865000e+12
9.512850e+01 2.853000e+12
9.537860e+01 2.841000e+12
9.562870e+01 2.830000e+12
9.587870e+01 2.818000e+12
9.612880e+01 2.806000e+12
9.637890e+01 2.794000e+12
9.662900e+01 2.783000e+12
9.687900e+01 2.771000e+12
9.712910e+01 2.760000e+12
9.737920e+01 2.748000e+12
9.762930e+01 2.737000e+12
9.787930e+01 2.725000e+12
9.812940e+01 2.714000e+12
9.837950e+01 2.702000e+12
9.862960e+01 2.691000e+12
9.887960e+01 2.680000e+12
9.912970e+01 2.669000e+12
9.937980e+01 2.657000e+12
9.962990e+01 2.646000e+12
9.987990e+01 2.635000e+12
1.001300e+02 2.624000e+12
1.003800e+02 2.613000e+12
1.006300e+02 2.602000e+12
1.008800e+02 2.591000e+12
1.011300e+02 2.580000e+12
1.013800e+02 2.569000e+12
1.016300e+02 2.558000e+12
1.018810e+02 2.548000e+12
1.021310e+02 2.537000e+12
1.023810e+02 2.526000e+12
1.026310e+02 2.515000e+12
1.028810e+02 2.505000e+12
1.031310e+02 2.494000e+12
1.033810e+02 2.484000e+12
1.036310e+02 2.473000e+12
1.038810e+02 2.463000e+12
1.041310e+02 2.452000e+12
1.043810e+02 2.442000e+12
1.046310e+02 2.432000e+12
1.048810e+02 2.421000e+12
1.051320e+02 2.411000e+12
1.053820e+02 2.401000e+12
1.056320e+02 2.391000e+12
1.058820e+02 2.380000e+12
1.061320e+02 2.370000e+12
1.063820e+02 2.360000e+12
1.066320e+02 2.350000e+12
1.068820e+02 2.340000e+12
1.071320e+02 2.330000e+12
1.073820e+02 2.320000e+12
1.076320e+02 2.310000e+12
1.078820e+02 2.301000e+12
1.081320e+02 2.291000e+12
1.083820e+02 2.281000e+12
1.086330e+02 2.271000e+12
1.088830e+02 2.262000e+12
1.091330e+02 2.252000e+12
1.093830e+02 2.242000e+12
1.096330e+02 2.233000e+12
1.098830e+02 2.223000e+12
1.101330e+02 2.214000e+12
1.103830e+02 2.204000e+12
1.106330e+02 2.195000e+12
1.108830e+02 2.185000e+12
1.111330e+02 2.176000e+12
1.113830e+02 2.167000e+12
1.116330e+02 2.157000e+12
1.118840e+02 2.148000e+12
1.121340e+02 2.139000e+12
1.123840e+02 2.130000e+12
1.126340e+02 2.121000e+12
1.128840e+02 2.111000e+12
1.131340e+02 2.102000e+12
1.133840e+02 2.093000e+12
1.136340e+02 2.084000e+12
1.138840e+02 2.075000e+12
1.141340e+02 2.066000e+12
1.143840e+02 2.057000e+12
1.146340e+02 2.049000e+12
1.148840e+02 2.040000e+12
1.151350e+02 2.031000e+12
1.153850e+02 2.022000e+12
1.156350e+02 2.014000e+12
1.158850e+02 2.005000e+12
1.161350e+02 1.996000e+12
1.163850e+02 1.988000e+12
1.166350e+02 1.979000e+12
1.168850e+02 1.970000e+12
1.171350e+02 1.962000e+12
1.173850e+02 1.953000e+12
1.176350e+02 1.945000e+12
1.178850e+02 1.937000e+12
1.181350e+02 1.928000e+12
1.183850e+02 1.920000e+12
1.186360e+02 1.911000e+12
1.188860e+02 1.903000e+12
1.191360e+02 1.895000e+12
1.193860e+02 1.887000e+12
1.196360e+02 1.879000e+12
1.198860e+02 1.870000e+12
1.201360e+02 1.862000e+12
1.203860e+02 1.854000e+12
1.206360e+02 1.846000e+12
1.208860e+02 1.838000e+12
1.211360e+02 1.830000e+12
1.213860e+02 1.822000e+12
1.216360e+02 1.814000e+12
1.218870e+02 1.806000e+12
1.221370e+02 1.799000e+12
1.223870e+02 1.791000e+12
1.226370e+02 1.783000e+12
1.228870e+02 1.775000e+12
1.231370e+02 1.767000e+12
1.233870e+02 1.760000e+12
1.236370e+02 1.752000e+12
1.238870e+02 1.744000e+12
1.241370e+02 1.737000e+12
1.243870e+02 1.729000e+12
1.246370e+02 1.722000e+12
1.248870e+02 1.714000e+12
1.251380e+02 1.707000e+12
1.253880e+02 1.699000e+12
1.256380e+02 1.692000e+12
1.258880e+02 1.684000e+12
1.261380e+02 1.677000e+12
1.263880e+02 1.670000e+12
1.266380e+02 1.662000e+12
1.268880e+02 1.655000e+12
1.271380e+02 1.648000e+12
1.273880e+02 1.641000e+12
1.276380e+02 1.633000e+12
1.278880e+02 1.626000e+12
1.281380e+02 1.619000e+12
1.283880e+02 1.612000e+12
1.286390e+02 1.605000e+12
1.288890e+02 1.598000e+12
1.291390e+02 1.591000e+12
1.293890e+02 1.584000e+12
1.296390e+02 1.577000e+12
1.298890e+02 1.570000e+12
1.301390e+02 1.563000e+12
1.303890e+02 1.556000e+12
1.306390e+02 1.549000e+12
1.308890e+02 1.543000e+12
1.311390e+02 1.536000e+12
1.313890e+02 1.529000e+12
1.316390e+02 1.522000e+12
1.318900e+02 1.516000e+12
1.321400e+02 1.509000e+12
1.323900e+02 1.502000e+12
1.326400e+02 1.496000e+12
1.328900e+02 1.489000e+12
1.331400e+02 1.483000e+12
1.333900e+02 1.476000e+12
1.336400e+02 1.470000e+12
1.338900e+02 1.463000e+12
1.341400e+02 1.457000e+12
1.343900e+02 1.450000e+12
1.346400e+02 1.444000e+12
1.348900e+02 1.437000e+12
1.351410e+02 1.431000e+12
1.353910e+02 1.425000e+12
1.356410e+02 1.418000e+12
1.358910e+02 1.412000e+12
1.361410e+02 1.406000e+12
1.363910e+02 1.400000e+12
1.366410e+02 1.394000e+12
1.368910e+02 1.387000e+12
1.371410e+02 1.381000e+12
1.373910e+02 1.375000e+12
1.376410e+02 1.369000e+12
1.378910e+02 1.363000e+12
1.381410e+02 1.357000e+12
1.383910e+02 1.351000e+12
1.386420e+02 1.345000e+12
1.388920e+02 1.339000e+12
1.391420e+02 1.333000e+12
1.393920e+02 1.327000e+12
1.396420e+02 1.321000e+12
1.398920e+02 1.315000e+12
1.401420e+02 1.310000e+12
1.403920e+02 1.304000e+12
1.406420e+02 1.298000e+12
1.408920e+02 1.292000e+12
1.411420e+02 1.286000e+12
1.413920e+02 1.281000e+12
1.416420e+02 1.275000e+12
1.418930e+02 1.269000e+12
1.421430e+02 1.264000e+12
1.423930e+02 1.258000e+12
1.426430e+02 1.253000e+12
1.428930e+02 1.247000e+12
1.431430e+02 1.241000e+12
1.433930e+02 1.236000e+12
1.436430e+02 1.230000e+12
1.438930e+02 1.225000e+12
1.441430e+02 1.219000e+12
1.443930e+02 1.214000e+12
1.446430e+02 1.209000e+12
1.448930e+02 1.203000e+12
1.451440e+02 1.198000e+12
1.453940e+02 1.193000e+12
1.456440e+02 1.187000e+12
1.458940e+02 1.182000e+12
1.461440e+02 1.177000e+12
1.463940e+02 1.171000e+12
1.466440e+02 1.166000e+12
1.468940e+02 1.161000e+12
1.471440e+02 1.156000e+12
1.473940e+02 1.151000e+12
1.476440e+02 1.146000e+12
1.478940e+02 1.140000e+12
1.481440e+02 1.135000e+12
1.483940e+02 1.130000e+12
1.486450e+02 1.125000e+12
1.488950e+02 1.120000e+12
1.491450e+02 1.115000e+12
1.493950e+02 1.110000e+12
1.496450e+02 1.105000e+12
1.498950e+02 1.100000e+12
1.501450e+02 1.095000e+12
1.503950e+02 1.090000e+12
1.506450e+02 1.086000e+12
1.508950e+02 1.081000e+12
1.511450e+02 1.076000e+12
1.513950e+02 1.071000e+12
1.516450e+02 1.066000e+12
1.518960e+02 1.061000e+12
1.521460e+02 1.057000e+12
1.523960e+02 1.052000e+12
1.526460e+02 1.047000e+12
1.528960e+02 1.043000e+12
1.531460e+02 1.038000e+12
1.533960e+02 1.033000e+12
1.536460e+02 1.029000e+12
1.538960e+02 1.024000e+12
1.541460e+02 1.019000e+12
1.543960e+02 1.015000e+12
1.546460e+02 1.010000e+12
1.548960e+02 1.006000e+12
1.551470e+02 1.001000e+12
1.553970e+02 9.967000e+11
1.556470e+02 9.922000e+11
1.558970e+02 9.878000e+11
1.561470e+02 9.833000e+11
1.563970e+02 9.789000e+11
1.566470e+02 9.745000e+11
1.568970e+02 9.701000e+11
1.571470e+02 9.657000e+11
1.573970e+02 9.614000e+11
1.576470e+02 9.571000e+11
1.578970e+02 9.528000e+11
1.581470e+02 9.485000e+11
1.583970e+02 9.442000e+11
1.586480e+02 9.400000e+11
1.588980e+02 9.357000e+11
1.591480e+02 9.315000e+11
1.593980e+02 9.273000e+11
1.596480e+02 9.231000e+11
1.598980e+02 9.190000e+11
1.601480e+02 9.148000e+11
1.603980e+02 9.107000e+11
1.606480e+02 9.066000e+11
1.608980e+02 9.025000e+11
1.611480e+02 8.984000e+11
1.613980e+02 8.944000e+11
1.616480e+02 8.903000e+11
1.618990e+02 8.863000e+11
1.621490e+02 8.823000e+11
1.623990e+02 8.783000e+11
1.626490e+02 8.744000e+11
1.628990e+02 8.704000e+11
1.631490e+02 8.665000e+11
1.633990e+02 8.626000e+11
1.636490e+02 8.587000e+11
1.638990e+02 8.548000e+11
1.641490e+02 8.509000e+11
1.643990e+02 8.471000e+11
1.646490e+02 8.433000e+11
1.648990e+02 8.394000e+11
1.651500e+02 8.357000e+11
1.654000e+02 8.319000e+11
1.656500e+02 8.281000e+11
1.659000e+02 8.244000e+11
1.661500e+02 8.206000e+11
1.664000e+02 8.169000e+11
1.666500e+02 8.132000e+11
1.669000e+02 8.095000e+11
1.671500e+02 8.059000e+11
1.674000e+02 8.022000e+11
1.676500e+02 7.986000e+11
1.679000e+02 7.950000e+11
1.681500e+02 7.914000e+11
1.684010e+02 7.878000e+11
1.686510e+02 7.842000e+11
1.689010e+02 7.806000e+11
1.691510e+02 7.771000e+11
1.694010e+02 7.736000e+11
1.696510e+02 7.701000e+11
1.699010e+02 7.666000e+11
1.701510e+02 7.631000e+11
1.704010e+02 7.596000e+11
1.706510e+02 7.562000e+11
1.709010e+02 7.528000e+11
1.711510e+02 7.493000e+11
1.714010e+02 7.459000e+11
1.716510e+02 7.425000e+11
1.719020e+02 7.392000e+11
1.721520e+02 7.358000e+11
1.724020e+02 7.325000e+11
1.726520e+02 7.291000e+11
1.729020e+02 7.258000e+11
1.731520e+02 7.225000e+11
1.734020e+02 7.192000e+11
1.736520e+02 7.160000e+11
1.739020e+02 7.127000e+11
1.741520e+02 7.095000e+11
1.744020e+02 7.063000e+11
1.746520e+02 7.030000e+11
1.749020e+02 6.998000e+11
1.751530e+02 6.967000e+11
1.754030e+02 6.935000e+11
1.756530e+02 6.903000e+11
1.759030e+02 6.872000e+11
1.761530e+02 6.841000e+11
1.764030e+02 6.809000e+11
1.766530e+02 6.778000e+11
1.769030e+02 6.747000e+11
1.771530e+02 6.717000e+11
1.774030e+02 6.686000e+11
1.776530e+02 6.656000e+11
1.779030e+02 6.625000e+11
1.781530e+02 6.595000e+11
1.784040e+02 6.565000e+11
1.786540e+02 6.535000e+11
1.789040e+02 6.505000e+11
1.791540e+02 6.476000e+11
1.794040e+02 6.446000e+11
1.796540e+02 6.417000e+11
1.799040e+02 6.387000e+11
1.801540e+02 6.358000e+11
1.804040e+02 6.329000e+11
1.806540e+02 6.300000e+11
1.809040e+02 6.272000e+11
1.811540e+02 6.243000e+11
1.814040e+02 6.214000e+11
1.816540e+02 6.186000e+11
1.819050e+02 6.158000e+11
1.821550e+02 6.130000e+11
1.824050e+02 6.102000e+11
1.826550e+02 6.074000e+11
1.829050e+02 6.046000e+11
1.831550e+02 6.018000e+11
1.834050e+02 5.991000e+11
1.836550e+02 5.963000e+11
1.839050e+02 5.936000e+11
1.841550e+02 5.909000e+11
1.844050e+02 5.882000e+11
1.846550e+02 5.855000e+11
1.849050e+02 5.828000e+11
1.851560e+02 5.802000e+11
1.854060e+02 5.775000e+11
1.856560e+02 5.749000e+11
1.859060e+02 5.722000e+11
1.861560e+02 5.696000e+11
1.864060e+02 5.670000e+11
1.866560e+02 5.644000e+11
1.869060e+02 5.618000e+11
1.871560e+02 5.592000e+11
1.874060e+02 5.567000e+11
1.876560e+02 5.541000e+11
1.879060e+02 5.516000e+11
1.881560e+02 5.491000e+11
1.884070e+02 5.465000e+11
1.886570e+02 5.440000e+11
1.889070e+02 5.415000e+11
1.891570e+02 5.391000e+11
1.894070e+02 5.366000e+11
1.896570e+02 5.341000e+11
1.899070e+02 5.317000e+11
1.901570e+02 5.292000e+11
1.904070e+02 5.268000e+11
1.906570e+02 5.244000e+11
1.909070e+02 5.220000e+11
1.911570e+02 5.196000e+11
1.914070e+02 5.172000e+11
1.916570e+02 5.148000e+11
1.919080e+02 5.125000e+11
1.921580e+02 5.101000e+11
1.924080e+02 5.078000e+11
1.926580e+02 5.054000e+11
1.929080e+02 5.031000e+11
1.931580e+02 5.008000e+11
1.934080e+02 4.985000e+11
1.936580e+02 4.962000e+11
1.939080e+02 4.939000e+11
1.941580e+02 4.917000e+11
1.944080e+02 4.894000e+11
1.946580e+02 4.871000e+11
1.949080e+02 4.849000e+11
1.951590e+02 4.827000e+11
1.954090e+02 4.805000e+11
1.956590e+02 4.782000e+11
1.959090e+02 4.760000e+11
1.961590e+02 4.738000e+11
1.964090e+02 4.717000e+11
1.966590e+02 4.695000e+11
1.969090e+02 4.673000e+11
1.971590e+02 4.652000e+11
1.974090e+02 4.630000e+11
1.976590e+02 4.609000e+11
1.979090e+02 4.588000e+11
1.981590e+02 4.567000e+11
1.984100e+02 4.546000e+11
1.986600e+02 4.525000e+11
1.989100e+02 4.504000e+11
1.991600e+02 4.483000e+11
1.994100e+02 4.463000e+11
1.996600e+02 4.442000e+11
1.999100e+02 4.421000e+11
2.001600e+02 4.401000e+11
2.004100e+02 4.381000e+11
2.006600e+02 4.361000e+11
2.009100e+02 4.340000e+11
2.011600e+02 4.320000e+11
2.014100e+02 4.301000e+11
2.016600e+02 4.281000e+11
2.019110e+02 4.261000e+11
2.021610e+02 4.241000e+11
2.024110e+02 4.222000e+11
2.026610e+02 4.202000e+11
2.029110e+02 4.183000e+11
2.031610e+02 4.164000e+11
2.034110e+02 4.144000e+11
2.036610e+02 4.125000e+11
2.039110e+02 4.106000e+11
2.041610e+02 4.087000e+11
2.044110e+02 4.068000e+11
2.046610e+02 4.049000e+11
2.049110e+02 4.031000e+11
2.051620e+02 4.012000e+11
2.054120e+02 3.994000e+11
2.056620e+02 3.975000e+11
2.059120e+02 3.957000e+11
2.061620e+02 3.938000e+11
2.064120e+02 3.920000e+11
2.066620e+02 3.902000e+11
2.069120e+02 3.884000e+11
2.071620e+02 3.866000e+11
2.074120e+02 3.848000e+11
2.076620e+02 3.830000e+11
2.079120e+02 3.813000e+11
2.081620e+02 3.795000e+11
2.084130e+02 3.778000e+11
2.086630e+02 3.760000e+11
2.089130e+02 3.743000e+11
2.091630e+02 3.725000e+11
2.094130e+02 3.708000e+11
2.096630e+02 3.691000e+11
2.099130e+02 3.674000e+11
2.101630e+02 3.657000e+11
2.104130e+02 3.640000e+11
2.106630e+02 3.623000e+11
2.109130e+02 3.606000e+11
2.111630e+02 3.590000e+11
2.114130e+02 3.573000e+11
2.116630e+02 3.556000e+11
2.119140e+02 3.540000e+11
2.121640e+02 3.524000e+11
2.124140e+02 3.507000e+11
2.126640e+02 3.491000e+11
2.129140e+02 3.475000e+11
2.131640e+02 3.459000e+11
2.134140e+02 3.443000e+11
2.136640e+02 3.427000e+11
2.139140e+02 3.411000e+11
2.141640e+02 3.395000e+11
2.144140e+02 3.379000e+11
2.146640e+02 3.364000e+11
2.149140e+02 3.348000e+11
2.151650e+02 3.332000e+11
2.154150e+02 3.317000e+11
2.156650e+02 3.302000e+11
2.159150e+02 3.286000e+11
2.161650e+02 3.271000e+11
2.164150e+02 3.256000e+11
2.166650e+02 3.241000e+11
2.169150e+02 3.226000e+11
2.171650e+02 3.211000e+11
2.174150e+02 3.196000e+11
2.176650e+02 3.181000e+11
2.179150e+02 3.166000e+11
2.181650e+02 3.151000e+11
2.184160e+02 3.137000e+11
2.186660e+02 3.122000e+11
2.189160e+02 3.108000e+11
2.191660e+02 3.093000e+11
2.194160e+02 3.079000e+11
2.196660e+02 3.065000e+11
2.199160e+02 3.050000e+11
2.201660e+02 3.036000e+11
2.204160e+02 3.022000e+11
2.206660e+02 3.008000e+11
2.209160e+02 2.994000e+11
2.211660e+02 2.980000e+11
2.214160e+02 2.966000e+11
2.216660e+02 2.952000e+11
2.219170e+02 2.939000e+11
2.221670e+02 2.925000e+11
2.224170e+02 2.911000e+11
2.226670e+02 2.898000e+11
2.229170e+02 2.884000e+11
2.231670e+02 2.871000e+11
2.234170e+02 2.858000e+11
2.236670e+02 2.844000e+11
2.239170e+02 2.831000e+11
2.241670e+02 2.818000e+11
2.244170e+02 2.805000e+11
2.246670e+02 2.792000e+11
2.249170e+02 2.779000e+11
2.251680e+02 2.766000e+11
2.254180e+02 2.753000e+11
2.256680e+02 2.740000e+11
2.259180e+02 2.727000e+11
2.261680e+02 2.715000e+11
2.264180e+02 2.702000e+11
2.266680e+02 2.689000e+11
2.269180e+02 2.677000e+11
2.271680e+02 2.664000e+11
2.274180e+02 2.652000e+11
2.276680e+02 2.640000e+11
2.279180e+02 2.627000e+11
2.281680e+02 2.615000e+11
2.284190e+02 2.603000e+11
2.286690e+02 2.591000e+11
2.289190e+02 2.579000e+11
2.291690e+02 2.567000e+11
2.294190e+02 2.555000e+11
2.296690e+02 2.543000e+11
2.299190e+02 2.531000e+11
2.301690e+02 2.519000e+11
2.304190e+02 2.507000e+11
2.306690e+02 2.496000e+11
2.309190e+02 2.484000e+11
2.311690e+02 2.472000e+11
2.314190e+02 2.461000e+11
2.316690e+02 2.449000e+11
2.319200e+02 2.438000e+11
2.321700e+02 2.427000e+11
2.324200e+02 2.415000e+11
2.326700e+02 2.404000e+11
2.329200e+02 2.393000e+11
2.331700e+02 2.382000e+11
2.334200e+02 2.370000e+11
2.336700e+02 2.359000e+11
2.339200e+02 2.348000e+11
2.341700e+02 2.337000e+11
2.344200e+02 2.326000e+11
2.346700e+02 2.316000e+11
2.349200e+02 2.305000e+11
2.351710e+02 2.294000e+11
2.354210e+02 2.283000e+11
2.356710e+02 2.273000e+11
2.359210e+02 2.262000e+11
2.361710e+02 2.251000e+11
2.364210e+02 2.241000e+11
2.366710e+02 2.230000e+11
2.369210e+02 2.220000e+11
2.371710e+02 2.210000e+11
2.374210e+02 2.199000e+11
2.376710e+02 2.189000e+11
2.379210e+02 2.179000e+11
2.381710e+02 2.168000e+11
2.384220e+02 2.158000e+11
2.386720e+02 2.148000e+11
2.389220e+02 2.138000e+11
2.391720e+02 2.128000e+11
2.394220e+02 2.118000e+11
2.396720e+02 2.108000e+11
2.399220e+02 2.098000e+11
2.401720e+02 2.089000e+11
2.404220e+02 2.079000e+11
2.406720e+02 2.069000e+11
2.409220e+02 2.059000e+11
2.411720e+02 2.050000e+11
2.414220e+02 2.040000e+11
2.416720e+02 2.031000e+11
2.419230e+02 2.021000e+11
2.421730e+02 2.012000e+11
2.424230e+02 2.002000e+11
2.426730e+02 1.993000e+11
2.429230e+02 1.984000e+11
2.431730e+02 1.974000e+11
2.434230e+02 1.965000e+11
2.436730e+02 1.956000e+11
2.439230e+02 1.947000e+11
2.441730e+02 1.937000e+11
2.444230e+02 1.928000e+11
2.446730e+02 1.919000e+11
2.449230e+02 1.910000e+11
2.451740e+02 1.901000e+11
2.454240e+02 1.892000e+11
2.456740e+02 1.884000e+11
2.459240e+02 1.875000e+11
2.461740e+02 1.866000e+11
2.464240e+02 1.857000e+11
2.466740e+02 1.849000e+11
2.469240e+02 1.840000e+11
2.471740e+02 1.831000e+11
2.474240e+02 1.823000e+11
2.476740e+02 1.814000e+11
2.479240e+02 1.806000e+11
2.481740e+02 1.797000e+11
2.484250e+02 1.789000e+11
2.486750e+02 1.780000e+11
2.489250e+02 1.772000e+11
2.491750e+02 1.764000e+11
2.494250e+02 1.755000e+11
2.496750e+02 1.747000e+11
2.499250e+02 1.739000e+11
2.501750e+02 1.731000e+11
2.504250e+02 1.723000e+11
2.506750e+02 1.715000e+11
2.509250e+02 1.706000e+11
2.511750e+02 1.698000e+11
2.514250e+02 1.690000e+11
2.516750e+02 1.683000e+11
2.519260e+02 1.675000e+11
2.521760e+02 1.667000e+11
2.524260e+02 1.659000e+11
2.526760e+02 1.651000e+11
2.529260e+02 1.643000e+11
2.531760e+02 1.636000e+11
2.534260e+02 1.628000e+11
2.536760e+02 1.620000e+11
2.539260e+02 1.613000e+11
2.541760e+02 1.605000e+11
2.544260e+02 1.598000e+11
2.546760e+02 1.590000e+11
2.549260e+02 1.583000e+11
2.551770e+02 1.575000e+11
2.554270e+02 1.568000e+11
2.556770e+02 1.560000e+11
2.559270e+02 1.553000e+11
2.561770e+02 1.546000e+11
2.564270e+02 1.538000e+11
2.566770e+02 1.531000e+11
2.569270e+02 1.524000e+11
2.571770e+02 1.517000e+11
2.574270e+02 1.510000e+11
2.576770e+02 1.503000e+11
2.579270e+02 1.496000e+11
2.581770e+02 1.488000e+11
2.584280e+02 1.481000e+11
2.586780e+02 1.474000e+11
2.589280e+02 1.468000e+11
2.591780e+02 1.461000e+11
2.594280e+02 1.454000e+11
2.596780e+02 1.447000e+11
2.599280e+02 1.440000e+11
2.601780e+02 1.433000e+11
2.604280e+02 1.427000e+11
2.606780e+02 1.420000e+11
2.609280e+02 1.413000e+11
2.611780e+02 1.407000e+11
2.614280e+02 1.400000e+11
2.616780e+02 1.393000e+11
2.619290e+02 1.387000e+11
2.621790e+02 1.380000e+11
2.624290e+02 1.374000e+11
2.626790e+02 1.367000e+11
2.629290e+02 1.361000e+11
2.631790e+02 1.354000e+11
2.634290e+02 1.348000e+11
2.636790e+02 1.342000e+11
2.639290e+02 1.335000e+11
2.641790e+02 1.329000e+11
2.644290e+02 1.323000e+11
2.646790e+02 1.317000e+11
2.649290e+02 1.310000e+11
2.651800e+02 1.304000e+11
2.654300e+02 1.298000e+11
2.656800e+02 1.292000e+11
2.659300e+02 1.286000e+11
2.661800e+02 1.280000e+11
2.664300e+02 1.274000e+11
2.666800e+02 1.268000e+11
2.669300e+02 1.262000e+11
2.671800e+02 1.256000e+11
2.674300e+02 1.250000e+11
2.676800e+02 1.244000e+11
2.679300e+02 1.238000e+11
2.681800e+02 1.232000e+11
2.684310e+02 1.226000e+11
2.686810e+02 1.221000e+11
2.689310e+02 1.215000e+11
2.691810e+02 1.209000e+11
2.694310e+02 1.203000e+11
2.696810e+02 1.198000e+11
2.699310e+02 1.192000e+11
2.701810e+02 1.186000e+11
2.704310e+02 1.181000e+11
2.706810e+02 1.175000e+11
2.709310e+02 1.170000e+11
2.711810e+02 1.164000e+11
2.714310e+02 1.159000e+11
2.716810e+02 1.153000e+11
2.719320e+02 1.148000e+11
2.721820e+02 1.142000e+11
2.724320e+02 1.137000e+11
2.726820e+02 1.132000e+11
2.729320e+02 1.126000e+11
2.731820e+02 1.121000e+11
2.734320e+02 1.116000e+11
2.736820e+02 1.110000e+11
2.739320e+02 1.105000e+11
2.741820e+02 1.100000e+11
2.744320e+02 1.095000e+11
2.746820e+02 1.089000e+11
2.749320e+02 1.084000e+11
2.751830e+02 1.079000e+11
2.754330e+02 1.074000e+11
2.756830e+02 1.069000e+11
2.759330e+02 1.064000e+11
2.761830e+02 1.059000e+11
2.764330e+02 1.054000e+11
2.766830e+02 1.049000e+11
2.769330e+02 1.044000e+11
2.771830e+02 1.039000e+11
2.774330e+02 1.034000e+11
2.776830e+02 1.029000e+11
2.779330e+02 1.024000e+11
2.781830e+02 1.020000e+11
2.784340e+02 1.015000e+11
2.786840e+02 1.010000e+11
2.789340e+02 1.005000e+11
2.791840e+02 1.000000e+11
2.794340e+02 9.956000e+10
2.796840e+02 9.909000e+10
2.799340e+02 9.862000e+10
2.801840e+02 9.816000e+10
2.804340e+02 9.769000e+10
2.806840e+02 9.723000e+10
2.809340e+02 9.677000e+10
2.811840e+02 9.631000e+10
2.814340e+02 9.586000e+10
2.816840e+02 9.540000e+10
2.819350e+02 9.495000e+10
2.821850e+02 9.450000e+10
2.824350e+02 9.405000e+10
2.826850e+02 9.361000e+10
2.829350e+02 9.316000e+10
2.831850e+02 9.272000e+10
2.834350e+02 9.228000e+10
2.836850e+02 9.185000e+10
2.839350e+02 9.141000e+10
2.841850e+02 9.098000e+10
2.844350e+02 9.055000e+10
2.846850e+02 9.012000e+10
2.849350e+02 8.969000e+10
2.851860e+02 8.927000e+10
2.854360e+02 8.884000e+10
2.856860e+02 8.842000e+10
2.859360e+02 8.800000e+10
2.861860e+02 8.759000e+10
2.864360e+02 8.717000e+10
2.866860e+02 8.676000e+10
2.869360e+02 8.635000e+10
2.871860e+02 8.594000e+10
2.874360e+02 8.553000e+10
2.876860e+02 8.512000e+10
2.879360e+02 8.472000e+10
2.881860e+02 8.432000e+10
2.884370e+02 8.392000e+10
2.886870e+02 8.352000e+10
2.889370e+02 8.313000e+10
2.891870e+02 8.273000e+10
2.894370e+02 8.234000e+10
2.896870e+02 8.195000e+10
2.899370e+02 8.156000e+10
2.901870e+02 8.117000e+10
2.904370e+02 8.079000e+10
2.906870e+02 8.040000e+10
2.909370e+02 8.002000e+10
2.911870e+02 7.964000e+10
2.914370e+02 7.926000e+10
2.916870e+02 7.889000e+10
2.919380e+02 7.851000e+10
2.921880e+02 7.814000e+10
2.924380e+02 7.777000e+10
2.926880e+02 7.740000e+10
2.929380e+02 7.703000e+10
2.931880e+02 7.667000e+10
2.934380e+02 7.630000e+10
2.936880e+02 7.594000e+10
2.939380e+02 7.558000e+10
2.941880e+02 7.522000e+10
2.944380e+02 7.487000e+10
2.946880e+02 7.451000e+10
2.949380e+02 7.416000e+10
2.951890e+02 7.380000e+10
2.954390e+02 7.345000e+10
2.956890e+02 7.310000e+10
2.959390e+02 7.276000e+10
2.961890e+02 7.241000e+10
2.964390e+02 7.207000e+10
2.966890e+02 7.173000e+10
2.969390e+02 7.138000e+10
2.971890e+02 7.105000e+10
2.974390e+02 7.071000e+10
2.976890e+02 7.037000e+10
2.979390e+02 7.004000e+10
2.981890e+02 6.970000e+10
2.984400e+02 6.937000e+10
2.986900e+02 6.904000e+10
2.989400e+02 6.872000e+10
2.991900e+02 6.839000e+10
2.994400e+02 6.806000e+10
2.996900e+02 6.774000e+10
2.999400e+02 6.742000e+10
3.001900e+02 6.710000e+10
3.004400e+02 6.678000e+10
3.006900e+02 6.646000e+10
3.009400e+02 6.614000e+10
3.011900e+02 6.583000e+10
3.014400e+02 6.552000e+10
3.016900e+02 6.521000e+10
3.019410e+02 6.490000e+10
3.021910e+02 6.459000e+10
3.024410e+02 6.428000e+10
3.026910e+02 6.397000e+10
3.029410e+02 6.367000e+10
3.031910e+02 6.337000e+10
3.034410e+02 6.307000e+10
3.036910e+02 6.277000e+10
3.039410e+02 6.247000e+10
3.041910e+02 6.217000e+10
3.044410e+02 6.187000e+10
3.046910e+02 6.158000e+10
3.049410e+02 6.129000e+10
3.051920e+02 6.099000e+10
3.054420e+02 6.070000e+10
3.056920e+02 6.041000e+10
3.059420e+02 6.013000e+10
3.061920e+02 5.984000e+10
3.064420e+02 5.956000e+10
3.066920e+02 5.927000e+10
3.069420e+02 5.899000e+10
3.071920e+02 5.871000e+10
3.074420e+02 5.843000e+10
3.076920e+02 5.815000e+10
3.079420e+02 5.787000e+10
3.081920e+02 5.760000e+10
3.084430e+02 5.733000e+10
3.086930e+02 5.705000e+10
3.089430e+02 5.678000e+10
3.091930e+02 5.651000e+10
3.094430e+02 5.624000e+10
3.096930e+02 5.597000e+10
3.099430e+02 5.571000e+10
3.101930e+02 5.544000e+10
3.104430e+02 5.518000e+10
3.106930e+02 5.491000e+10
3.109430e+02 5.465000e+10
3.111930e+02 5.439000e+10
3.114430e+02 5.413000e+10
3.116930e+02 5.387000e+10
3.119440e+02 5.362000e+10
3.121940e+02 5.336000e+10
3.124440e+02 5.311000e+10
3.126940e+02 5.285000e+10
3.129440e+02 5.260000e+10
3.131940e+02 5.235000e+10
3.134440e+02 5.210000e+10
3.136940e+02 5.185000e+10
3.139440e+02 5.161000e+10
3.141940e+02 5.136000e+10
3.144440e+02 5.112000e+10
3.146940e+02 5.087000e+10
3.149440e+02 5.063000e+10
3.151950e+02 5.039000e+10
3.154450e+02 5.015000e+10
3.156950e+02 4.991000e+10
3.159450e+02 4.967000e+10
3.161950e+02 4.943000e+10
3.164450e+02 4.920000e+10
3.166950e+02 4.896000e+10
3.169450e+02 4.873000e+10
3.171950e+02 4.850000e+10
3.174450e+02 4.827000e+10
3.176950e+02 4.804000e+10
3.179450e+02 4.781000e+10
3.181950e+02 4.758000e+10
3.184460e+02 4.735000e+10
3.186960e+02 4.713000e+10
3.189460e+02 4.690000e+10
3.191960e+02 4.668000e+10
3.194460e+02 4.645000e+10
3.196960e+02 4.623000e+10
3.199460e+02 4.601000e+10
3.201960e+02 4.579000e+10
3.204460e+02 4.557000e+10
3.206960e+02 4.536000e+10
3.209460e+02 4.514000e+10
3.211960e+02 4.492000e+10
3.214460e+02 4.471000e+10
3.216960e+02 4.450000e+10
3.219470e+02 4.428000e+10
3.221970e+02 4.407000e+10
3.224470e+02 4.386000e+10
3.226970e+02 4.365000e+10
3.229470e+02 4.344000e+10
3.231970e+02 4.324000e+10
3.234470e+02 4.303000e+10
3.236970e+02 4.282000e+10
3.239470e+02 4.262000e+10
3.241970e+02 4.242000e+10
3.244470e+02 4.221000e+10
3.246970e+02 4.201000e+10
3.249470e+02 4.181000e+10
3.251980e+02 4.161000e+10
3.254480e+02 4.141000e+10
3.256980e+02 4.121000e+10
3.259480e+02 4.102000e+10
3.261980e+02 4.082000e+10
3.264480e+02 4.063000e+10
3.266980e+02 4.043000e+10
3.269480e+02 4.024000e+10
3.271980e+02 4.005000e+10
3.274480e+02 3.985000e+10
3.276980e+02 3.966000e+10
3.279480e+02 3.947000e+10
3.281980e+02 3.929000e+10
3.284490e+02 3.910000e+10
3.286990e+02 3.891000e+10
3.289490e+02 3.873000e+10
3.291990e+02 3.854000e+10
3.294490e+02 3.836000e+10
3.296990e+02 3.817000e+10
3.299490e+02 3.799000e+10
3.301990e+02 3.781000e+10
3.304490e+02 3.763000e+10
3.306990e+02 3.745000e+10
3.309490e+02 3.727000e+10
3.311990e+02 3.709000e+10
3.314490e+02 3.691000e+10
3.316990e+02 3.674000e+10
3.319500e+02 3.656000e+10
3.322000e+02 3.639000e+10
3.324500e+02 3.621000e+10
3.327000e+02 3.604000e+10
3.329500e+02 3.587000e+10
3.332000e+02 3.569000e+10
3.334500e+02 3.552000e+10
3.337000e+02 3.535000e+10
3.339500e+02 3.518000e+10
3.342000e+02 3.502000e+10
3.344500e+02 3.485000e+10
3.347000e+02 3.468000e+10
3.349500e+02 3.452000e+10
3.352010e+02 3.435000e+10
3.354510e+02 3.419000e+10
3.357010e+02 3.402000e+10
3.359510e+02 3.386000e+10
3.362010e+02 3.370000e+10
3.364510e+02 3.354000e+10
3.367010e+02 3.338000e+10
3.369510e+02 3.322000e+10
3.372010e+02 3.306000e+10
3.374510e+02 3.290000e+10
3.377010e+02 3.274000e+10
3.379510e+02 3.258000e+10
3.382010e+02 3.243000e+10
3.384520e+02 3.227000e+10
3.387020e+02 3.212000e+10
3.389520e+02 3.196000e+10
3.392020e+02 3.181000e+10
3.394520e+02 3.166000e+10
3.397020e+02 3.151000e+10
3.399520e+02 3.136000e+10
3.402020e+02 3.121000e+10
3.404520e+02 3.106000e+10
3.407020e+02 3.091000e+10
3.409520e+02 3.076000e+10
3.412020e+02 3.061000e+10
3.414520e+02 3.047000e+10
3.417030e+02 3.032000e+10
3.419530e+02 3.017000e+10
3.422030e+02 3.003000e+10
3.424530e+02 2.989000e+10
3.427030e+02 2.974000e+10
3.429530e+02 2.960000e+10
3.432030e+02 2.946000e+10
3.434530e+02 2.932000e+10
3.437030e+02 2.918000e+10
3.439530e+02 2.904000e+10
3.442030e+02 2.890000e+10
3.444530e+02 2.876000e+10
3.447030e+02 2.862000e+10
3.449530e+02 2.848000e+10
3.452040e+02 2.835000e+10
3.454540e+02 2.821000e+10
3.457040e+02 2.808000e+10
3.459540e+02 2.794000e+10
3.462040e+02 2.781000e+10
3.464540e+02 2.767000e+10
3.467040e+02 2.754000e+10
3.469540e+02 2.741000e+10
3.472040e+02 2.728000e+10
3.474540e+02 2.715000e+10
3.477040e+02 2.702000e+10
3.479540e+02 2.689000e+10
3.482040e+02 2.676000e+10
3.484550e+02 2.663000e+10
3.487050e+02 2.650000e+10
3.489550e+02 2.638000e+10
3.492050e+02 2.625000e+10
3.494550e+02 2.612000e+10
3.497050e+02 2.600000e+10
3.499550e+02 2.587000e+10
3.502050e+02 2.575000e+10
3.504550e+02 2.562000e+10
3.507050e+02 2.550000e+10
3.509550e+02 2.538000e+10
3.512050e+02 2.526000e+10
3.514550e+02 2.514000e+10
3.517060e+02 2.502000e+10
3.519560e+02 2.490000e+10
3.522060e+02 2.478000e+10
3.524560e+02 2.466000e+10
3.527060e+02 2.454000e+10
3.529560e+02 2.442000e+10
3.532060e+02 2.430000e+10
3.534560e+02 2.419000e+10
3.537060e+02 2.407000e+10
3.539560e+02 2.396000e+10
3.542060e+02 2.384000e+10
3.544560e+02 2.373000e+10
3.547060e+02 2.361000e+10
3.549560e+02 2.350000e+10
3.552070e+02 2.339000e+10
3.554570e+02 2.327000e+10
3.557070e+02 2.316000e+10
3.559570e+02 2.305000e+10
3.562070e+02 2.294000e+10
3.564570e+02 2.283000e+10
3.567070e+02 2.272000e+10
3.569570e+02 2.261000e+10
3.572070e+02 2.250000e+10
3.574570e+02 2.239000e+10
3.577070e+02 2.229000e+10
3.579570e+02 2.218000e+10
3.582070e+02 2.207000e+10
3.584580e+02 2.197000e+10
3.587080e+02 2.186000e+10
3.589580e+02 2.176000e+10
3.592080e+02 2.165000e+10
3.594580e+02 2.155000e+10
3.597080e+02 2.144000e+10
3.599580e+02 2.134000e+10
3.602080e+02 2.124000e+10
3.604580e+02 2.114000e+10
3.607080e+02 2.104000e+10
3.609580e+02 2.093000e+10
3.612080e+02 2.083000e+10
3.614580e+02 2.073000e+10
3.617090e+02 2.063000e+10
3.619590e+02 2.053000e+10
3.622090e+02 2.044000e+10
3.624590e+02 2.034000e+10
3.627090e+02 2.024000e+10
3.629590e+02 2.014000e+10
3.632090e+02 2.005000e+10
3.634590e+02 1.995000e+10
3.637090e+02 1.985000e+10
3.639590e+02 1.976000e+10
3.642090e+02 1.966000e+10
3.644590e+02 1.957000e+10
3.647090e+02 1.947000e+10
3.649590e+02 1.938000e+10
3.652100e+02 1.929000e+10
3.654600e+02 1.919000e+10
3.657100e+02 1.910000e+10
3.659600e+02 1.901000e+10
3.662100e+02 1.892000e+10
3.664600e+02 1.883000e+10
3.667100e+02 1.874000e+10
3.669600e+02 1.865000e+10
3.672100e+02 1.856000e+10
3.674600e+02 1.847000e+10
3.677100e+02 1.838000e+10
3.679600e+02 1.829000e+10
3.682100e+02 1.820000e+10
3.684610e+02 1.812000e+10
3.687110e+02 1.803000e+10
3.689610e+02 1.794000e+10
3.692110e+02 1.786000e+10
3.694610e+02 1.777000e+10
3.697110e+02 1.768000e+10
3.699610e+02 1.760000e+10
3.702110e+02 1.751000e+10
3.704610e+02 1.743000e+10
3.707110e+02 1.735000e+10
3.709610e+02 1.726000e+10
3.712110e+02 1.718000e+10
3.714610e+02 1.710000e+10
3.717120e+02 1.701000e+10
3.719620e+02 1.693000e+10
3.722120e+02 1.685000e+10
3.724620e+02 1.677000e+10
3.727120e+02 1.669000e+10
3.729620e+02 1.661000e+10
3.732120e+02 1.653000e+10
3.734620e+02 1.645000e+10
3.737120e+02 1.637000e+10
3.739620e+02 1.629000e+10
3.742120e+02 1.621000e+10
3.744620e+02 1.613000e+10
3.747120e+02 1.606000e+10
3.749620e+02 1.598000e+10
3.752130e+02 1.590000e+10
3.754630e+02 1.583000e+10
3.757130e+02 1.575000e+10
3.759630e+02 1.567000e+10
3.762130e+02 1.560000e+10
3.764630e+02 1.552000e+10
3.767130e+02 1.545000e+10
3.769630e+02 1.537000e+10
3.772130e+02 1.530000e+10
3.774630e+02 1.523000e+10
3.777130e+02 1.515000e+10
3.779630e+02 1.508000e+10
3.782130e+02 1.501000e+10
3.784640e+02 1.493000e+10
3.787140e+02 1.486000e+10
3.789640e+02 1.479000e+10
3.792140e+02 1.472000e+10
3.794640e+02 1.465000e+10
3.797140e+02 1.458000e+10
3.799640e+02 1.451000e+10
3.802140e+02 1.444000e+10
3.804640e+02 1.437000e+10
3.807140e+02 1.430000e+10
3.809640e+02 1.423000e+10
3.812140e+02 1.416000e+10
3.814640e+02 1.409000e+10
3.817150e+02 1.403000e+10
3.819650e+02 1.396000e+10
3.822150e+02 1.389000e+10
3.824650e+02 1.382000e+10
3.827150e+02 1.376000e+10
3.829650e+02 1.369000e+10
3.832150e+02 1.362000e+10
3.834650e+02 1.356000e+10
3.837150e+02 1.349000e+10
3.839650e+02 1.343000e+10
3.842150e+02 1.336000e+10
3.844650e+02 1.330000e+10
3.847150e+02 1.324000e+10
3.849650e+02 1.317000e+10
3.852160e+02 1.311000e+10
3.854660e+02 1.304000e+10
3.857160e+02 1.298000e+10
3.859660e+02 1.292000e+10
3.862160e+02 1.286000e+10
3.864660e+02 1.280000e+10
3.867160e+02 1.273000e+10
3.869660e+02 1.267000e+10
3.872160e+02 1.261000e+10
3.874660e+02 1.255000e+10
3.877160e+02 1.249000e+10
3.879660e+02 1.243000e+10
3.882160e+02 1.237000e+10
3.884670e+02 1.231000e+10
3.887170e+02 1.225000e+10
3.889670e+02 1.219000e+10
3.892170e+02 1.213000e+10
3.894670e+02 1.207000e+10
3.897170e+02 1.202000e+10
3.899670e+02 1.196000e+10
3.902170e+02 1.190000e+10
3.904670e+02 1.184000e+10
3.907170e+02 1.179000e+10
3.909670e+02 1.173000e+10
3.912170e+02 1.167000e+10
3.914670e+02 1.162000e+10
3.917180e+02 1.156000e+10
3.919680e+02 1.150000e+10
3.922180e+02 1.145000e+10
3.924680e+02 1.139000e+10
3.927180e+02 1.134000e+10
3.929680e+02 1.128000e+10
3.932180e+02 1.123000e+10
3.934680e+02 1.117000e+10
3.937180e+02 1.112000e+10
3.939680e+02 1.107000e+10
3.942180e+02 1.101000e+10
3.944680e+02 1.096000e+10
3.947180e+02 1.091000e+10
3.949680e+02 1.085000e+10
3.952190e+02 1.080000e+10
3.954690e+02 1.075000e+10
3.957190e+02 1.070000e+10
3.959690e+02 1.065000e+10
3.962190e+02 1.059000e+10
3.964690e+02 1.054000e+10
3.967190e+02 1.049000e+10
3.969690e+02 1.044000e+10
3.972190e+02 1.039000e+10
3.974690e+02 1.034000e+10
3.977190e+02 1.029000e+10
3.979690e+02 1.024000e+10
3.982190e+02 1.019000e+10
3.984700e+02 1.014000e+10
3.987200e+02 1.009000e+10
3.989700e+02 1.005000e+10
3.992200e+02 9.997000e+09
3.994700e+02 9.948000e+09
3.997200e+02 9.900000e+09
3.999700e+02 9.853000e+09
4.002200e+02 9.805000e+09
4.004700e+02 9.758000e+09
4.007200e+02 9.710000e+09
4.009700e+02 9.663000e+09
4.012200e+02 9.617000e+09
4.014700e+02 9.570000e+09
4.017210e+02 9.524000e+09
4.019710e+02 9.478000e+09
4.022210e+02 9.432000e+09
4.024710e+02 9.387000e+09
4.027210e+02 9.341000e+09
4.029710e+02 9.296000e+09
4.032210e+02 9.251000e+09
4.034710e+02 9.206000e+09
4.037210e+02 9.162000e+09
4.039710e+02 9.118000e+09
4.042210e+02 9.074000e+09
4.044710e+02 9.030000e+09
4.047210e+02 8.986000e+09
4.049710e+02 8.943000e+09
4.052220e+02 8.899000e+09
4.054720e+02 8.856000e+09
4.057220e+02 8.814000e+09
4.059720e+02 8.771000e+09
4.062220e+02 8.729000e+09
4.064720e+02 8.686000e+09
4.067220e+02 8.644000e+09
4.069720e+02 8.602000e+09
4.072220e+02 8.561000e+09
4.074720e+02 8.519000e+09
4.077220e+02 8.478000e+09
4.079720e+02 8.437000e+09
4.082220e+02 8.396000e+09
4.084730e+02 8.356000e+09
4.087230e+02 8.315000e+09
4.089730e+02 8.275000e+09
4.092230e+02 8.235000e+09
4.094730e+02 8.195000e+09
4.097230e+02 8.156000e+09
4.099730e+02 8.116000e+09
4.102230e+02 8.077000e+09
4.104730e+02 8.038000e+09
4.107230e+02 7.999000e+09
4.109730e+02 7.960000e+09
4.112230e+02 7.922000e+09
4.114730e+02 7.883000e+09
4.117240e+02 7.845000e+09
4.119740e+02 7.807000e+09
4.122240e+02 7.770000e+09
4.124740e+02 7.732000e+09
4.127240e+02 7.695000e+09
4.129740e+02 7.657000e+09
4.132240e+02 7.620000e+09
4.134740e+02 7.583000e+09
4.137240e+02 7.547000e+09
4.139740e+02 7.510000e+09
4.142240e+02 7.474000e+09
4.144740e+02 7.438000e+09
4.147240e+02 7.402000e+09
4.149740e+02 7.366000e+09
4.152250e+02 7.330000e+09
4.154750e+02 7.295000e+09
4.157250e+02 7.259000e+09
4.159750e+02 7.224000e+09
4.162250e+02 7.189000e+09
4.164750e+02 7.154000e+09
4.167250e+02 7.120000e+09
4.169750e+02 7.085000e+09
4.172250e+02 7.051000e+09
4.174750e+02 7.017000e+09
4.177250e+02 6.983000e+09
4.179750e+02 6.949000e+09
4.182250e+02 6.915000e+09
4.184760e+02 6.882000e+09
4.187260e+02 6.849000e+09
4.189760e+02 6.815000e+09
4.192260e+02 6.782000e+09
4.194760e+02 6.750000e+09
4.197260e+02 6.717000e+09
4.199760e+02 6.684000e+09
4.202260e+02 6.652000e+09
4.204760e+02 6.620000e+09
4.207260e+02 6.588000e+09
4.209760e+02 6.556000e+09
4.212260e+02 6.524000e+09
4.214760e+02 6.492000e+09
4.217270e+02 6.461000e+09
4.219770e+02 6.430000e+09
4.222270e+02 6.399000e+09
4.224770e+02 6.368000e+09
4.227270e+02 6.337000e+09
4.229770e+02 6.306000e+09
4.232270e+02 6.275000e+09
4.234770e+02 6.245000e+09
4.237270e+02 6.215000e+09
4.239770e+02 6.185000e+09
4.242270e+02 6.155000e+09
4.244770e+02 6.125000e+09
4.247270e+02 6.095000e+09
4.249770e+02 6.066000e+09
4.252280e+02 6.036000e+09
4.254780e+02 6.007000e+09
4.257280e+02 5.978000e+09
4.259780e+02 5.949000e+09
4.262280e+02 5.920000e+09
4.264780e+02 5.891000e+09
4.267280e+02 5.863000e+09
4.269780e+02 5.834000e+09
4.272280e+02 5.806000e+09
4.274780e+02 5.778000e+09
4.277280e+02 5.750000e+09
4.279780e+02 5.722000e+09
4.282280e+02 5.694000e+09
4.284790e+02 5.667000e+09
4.287290e+02 5.639000e+09
4.289790e+02 5.612000e+09
4.292290e+02 5.585000e+09
4.294790e+02 5.558000e+09
4.297290e+02 5.531000e+09
4.299790e+02 5.504000e+09
4.302290e+02 5.477000e+09
4.304790e+02 5.451000e+09
4.307290e+02 5.424000e+09
4.309790e+02 5.398000e+09
4.312290e+02 5.372000e+09
4.314790e+02 5.346000e+09
4.317300e+02 5.320000e+09
4.319800e+02 5.294000e+09
4.322300e+02 5.268000e+09
4.324800e+02 5.243000e+09
4.327300e+02 5.217000e+09
4.329800e+02 5.192000e+09
4.332300e+02 5.167000e+09
4.334800e+02 5.142000e+09
4.337300e+02 5.117000e+09
4.339800e+02 5.092000e+09
4.342300e+02 5.067000e+09
4.344800e+02 5.043000e+09
4.347300e+02 5.018000e+09
4.349800e+02 4.994000e+09
4.352310e+02 4.970000e+09
4.354810e+02 4.946000e+09
4.357310e+02 4.922000e+09
4.359810e+02 4.898000e+09
4.362310e+02 4.874000e+09
4.364810e+02 4.850000e+09
4.367310e+02 4.827000e+09
4.369810e+02 4.803000e+09
4.372310e+02 4.780000e+09
4.374810e+02 4.757000e+09
4.377310e+02 4.734000e+09
4.379810e+02 4.711000e+09
4.382310e+02 4.688000e+09
4.384820e+02 4.665000e+09
4.387320e+02 4.643000e+09
4.389820e+02 4.620000e+09
4.392320e+02 4.598000e+09
4.394820e+02 4.575000e+09
4.397320e+02 4.553000e+09
4.399820e+02 4.531000e+09
4.402320e+02 4.509000e+09
4.404820e+02 4.487000e+09
4.407320e+02 4.465000e+09
4.409820e+02 4.444000e+09
4.412320e+02 4.422000e+09
4.414820e+02 4.401000e+09
4.417330e+02 4.379000e+09
4.419830e+02 4.358000e+09
4.422330e+02 4.337000e+09
4.424830e+02 4.316000e+09
4.427330e+02 4.295000e+09
4.429830e+02 4.274000e+09
4.432330e+02 4.253000e+09
4.434830e+02 4.233000e+09
4.437330e+02 4.212000e+09
4.439830e+02 4.192000e+09
4.442330e+02 4.171000e+09
4.444830e+02 4.151000e+09
4.447330e+02 4.131000e+09
4.449830e+02 4.111000e+09
4.452340e+02 4.091000e+09
4.454840e+02 4.071000e+09
4.457340e+02 4.051000e+09
4.459840e+02 4.032000e+09
4.462340e+02 4.012000e+09
4.464840e+02 3.992000e+09
4.467340e+02 3.973000e+09
4.469840e+02 3.954000e+09
4.472340e+02 3.935000e+09
4.474840e+02 3.915000e+09
4.477340e+02 3.896000e+09
4.479840e+02 3.877000e+09
4.482340e+02 3.859000e+09
4.484850e+02 3.840000e+09
4.487350e+02 3.821000e+09
4.489850e+02 3.803000e+09
4.492350e+02 3.784000e+09
4.494850e+02 3.766000e+09
4.497350e+02 3.748000e+09
4.499850e+02 3.729000e+09
4.502350e+02 3.711000e+09
4.504850e+02 3.693000e+09
4.507350e+02 3.675000e+09
4.509850e+02 3.657000e+09
4.512350e+02 3.640000e+09
4.514850e+02 3.622000e+09
4.517360e+02 3.604000e+09
4.519860e+02 3.587000e+09
4.522360e+02 3.569000e+09
4.524860e+02 3.552000e+09
4.527360e+02 3.535000e+09
4.529860e+02 3.518000e+09
4.532360e+02 3.500000e+09
4.534860e+02 3.483000e+09
4.537360e+02 3.467000e+09
4.539860e+02 3.450000e+09
4.542360e+02 3.433000e+09
4.544860e+02 3.416000e+09
4.547360e+02 3.400000e+09
4.549860e+02 3.383000e+09
4.552370e+02 3.367000e+09
4.554870e+02 3.350000e+09
4.557370e+02 3.334000e+09
4.559870e+02 3.318000e+09
4.562370e+02 3.302000e+09
4.564870e+02 3.286000e+09
4.567370e+02 3.270000e+09
4.569870e+02 3.254000e+09
4.572370e+02 3.238000e+09
4.574870e+02 3.222000e+09
4.577370e+02 3.207000e+09
4.579870e+02 3.191000e+09
4.582370e+02 3.175000e+09
4.584880e+02 3.160000e+09
4.587380e+02 3.145000e+09
4.589880e+02 3.129000e+09
4.592380e+02 3.114000e+09
4.594880e+02 3.099000e+09
4.597380e+02 3.084000e+09
4.599880e+02 3.069000e+09
4.602380e+02 3.054000e+09
4.604880e+02 3.039000e+09
4.607380e+02 3.024000e+09
4.609880e+02 3.010000e+09
4.612380e+02 2.995000e+09
4.614880e+02 2.980000e+09
4.617390e+02 2.966000e+09
4.619890e+02 2.951000e+09
4.622390e+02 2.937000e+09
4.624890e+02 2.923000e+09
4.627390e+02 2.909000e+09
4.629890e+02 2.894000e+09
4.632390e+02 2.880000e+09
4.634890e+02 2.866000e+09
4.637390e+02 2.852000e+09
4.639890e+02 2.839000e+09
4.642390e+02 2.825000e+09
4.644890e+02 2.811000e+09
4.647390e+02 2.797000e+09
4.649890e+02 2.784000e+09
4.652400e+02 2.770000e+09
4.654900e+02 2.757000e+09
4.657400e+02 2.743000e+09
4.659900e+02 2.730000e+09
4.662400e+02 2.717000e+09
4.664900e+02 2.703000e+09
4.667400e+02 2.690000e+09
4.669900e+02 2.677000e+09
4.672400e+02 2.664000e+09
4.674900e+02 2.651000e+09
4.677400e+02 2.638000e+09
4.679900e+02 2.625000e+09
4.682400e+02 2.613000e+09
4.684910e+02 2.600000e+09
4.687410e+02 2.587000e+09
4.689910e+02 2.575000e+09
4.692410e+02 2.562000e+09
4.694910e+02 2.550000e+09
4.697410e+02 2.537000e+09
4.699910e+02 2.525000e+09
4.702410e+02 2.513000e+09
4.704910e+02 2.500000e+09
4.707410e+02 2.488000e+09
4.709910e+02 2.476000e+09
4.712410e+02 2.464000e+09
4.714910e+02 2.452000e+09
4.717420e+02 2.440000e+09
4.719920e+02 2.428000e+09
4.722420e+02 2.416000e+09
4.724920e+02 2.405000e+09
4.727420e+02 2.393000e+09
4.729920e+02 2.381000e+09
4.732420e+02 2.370000e+09
4.734920e+02 2.358000e+09
4.737420e+02 2.347000e+09
4.739920e+02 2.335000e+09
4.742420e+02 2.324000e+09
4.744920e+02 2.313000e+09
4.747420e+02 2.301000e+09
4.749920e+02 2.290000e+09
4.752430e+02 2.279000e+09
4.754930e+02 2.268000e+09
4.757430e+02 2.257000e+09
4.759930e+02 2.246000e+09
4.762430e+02 2.235000e+09
4.764930e+02 2.224000e+09
4.767430e+02 2.213000e+09
4.769930e+02 2.202000e+09
4.772430e+02 2.192000e+09
4.774930e+02 2.181000e+09
4.777430e+02 2.170000e+09
4.779930e+02 2.160000e+09
4.782430e+02 2.149000e+09
4.784940e+02 2.139000e+09
4.787440e+02 2.128000e+09
4.789940e+02 2.118000e+09
4.792440e+02 2.108000e+09
4.794940e+02 2.097000e+09
4.797440e+02 2.087000e+09
4.799940e+02 2.077000e+09
4.802440e+02 2.067000e+09
4.804940e+02 2.057000e+09
4.807440e+02 2.047000e+09
4.809940e+02 2.037000e+09
4.812440e+02 2.027000e+09
4.814940e+02 2.017000e+09
4.817450e+02 2.007000e+09
4.819950e+02 1.997000e+09
4.822450e+02 1.988000e+09
4.824950e+02 1.978000e+09
4.827450e+02 1.968000e+09
4.829950e+02 1.959000e+09
4.832450e+02 1.949000e+09
4.834950e+02 1.940000e+09
4.837450e+02 1.930000e+09
4.839950e+02 1.921000e+09
4.842450e+02 1.911000e+09
4.844950e+02 1.902000e+09
4.847450e+02 1.893000e+09
4.849950e+02 1.884000e+09
4.852460e+02 1.874000e+09
4.854960e+02 1.865000e+09
4.857460e+02 1.856000e+09
4.859960e+02 1.847000e+09
4.862460e+02 1.838000e+09
4.864960e+02 1.829000e+09
4.867460e+02 1.820000e+09
4.869960e+02 1.811000e+09
4.872460e+02 1.803000e+09
4.874960e+02 1.794000e+09
4.877460e+02 1.785000e+09
4.879960e+02 1.776000e+09
4.882460e+02 1.768000e+09
4.884970e+02 1.759000e+09
4.887470e+02 1.751000e+09
4.889970e+02 1.742000e+09
4.892470e+02 1.733000e+09
4.894970e+02 1.725000e+09
4.897470e+02 1.717000e+09
4.899970e+02 1.708000e+09
4.902470e+02 1.700000e+09
4.904970e+02 1.692000e+09
4.907470e+02 1.683000e+09
4.909970e+02 1.675000e+09
4.912470e+02 1.667000e+09
4.914970e+02 1.659000e+09
4.917480e+02 1.651000e+09
4.919980e+02 1.643000e+09
4.922480e+02 1.635000e+09
4.924980e+02 1.627000e+09
4.927480e+02 1.619000e+09
4.929980e+02 1.611000e+09
4.932480e+02 1.603000e+09
4.934980e+02 1.595000e+09
4.937480e+02 1.587000e+09
4.939980e+02 1.580000e+09
4.942480e+02 1.572000e+09
4.944980e+02 1.564000e+09
4.947480e+02 1.557000e+09
4.949980e+02 1.549000e+09
4.952490e+02 1.542000e+09
4.954990e+02 1.534000e+09
4.957490e+02 1.527000e+09
4.959990e+02 1.519000e+09
4.962490e+02 1.512000e+09
4.964990e+02 1.504000e+09
4.967490e+02 1.497000e+09
4.969990e+02 1.490000e+09
4.972490e+02 1.482000e+09
4.974990e+02 1.475000e+09
4.977490e+02 1.468000e+09
4.979990e+02 1.461000e+09
4.982490e+02 1.454000e+09
4.985000e+02 1.447000e+09
4.987500e+02 1.440000e+09
4.990000e+02 1.433000e+09
4.992500e+02 1.426000e+09
4.995000e+02 1.419000e+09
4.997500e+02 1.412000e+09
5.000000e+02 1.405000e+09
