1.000000e+02 3.148000e+14
8.532663e+02 4.703483e+14
1.606533e+03 4.541450e+14
2.359799e+03 4.076390e+14
3.113065e+03 3.554790e+14
3.866332e+03 3.049688e+14
4.619598e+03 2.587310e+14
5.372864e+03 2.180978e+14
6.126131e+03 1.826343e+14
6.879397e+03 1.524971e+14
7.632663e+03 1.267141e+14
8.385930e+03 1.051949e+14
9.139196e+03 8.699011e+13
9.892462e+03 7.187090e+13
1.064573e+04 5.922999e+13
1.139899e+04 4.878158e+13
1.215226e+04 4.009063e+13
1.290553e+04 3.293397e+13
1.365879e+04 2.699754e+13
1.441206e+04 2.213485e+13
1.516533e+04 1.810876e+13
1.591859e+04 1.481988e+13
1.667186e+04 1.210232e+13
1.742513e+04 9.886469e+12
1.817839e+04 8.066299e+12
1.893166e+04 6.578521e+12
1.968492e+04 5.359189e+12
2.043819e+04 4.363975e+12
2.119146e+04 3.550680e+12
2.194472e+04 2.888134e+12
2.269799e+04 2.347060e+12
2.345126e+04 1.906166e+12
2.420452e+04 1.547623e+12
2.495779e+04 1.255896e+12
2.571106e+04 1.018584e+12
2.646432e+04 8.256050e+11
2.721759e+04 6.689533e+11
2.797085e+04 5.417296e+11
2.872412e+04 4.386054e+11
2.947739e+04 3.549273e+11
3.023065e+04 2.870955e+11
3.098392e+04 2.321585e+11
3.173719e+04 1.877305e+11
3.249045e+04 1.516398e+11
3.324372e+04 1.224843e+11
3.399698e+04 9.891605e+10
3.475025e+04 7.987665e+10
3.550352e+04 6.444784e+10
3.625678e+04 5.201809e+10
3.701005e+04 4.194474e+10
3.776332e+04 3.383834e+10
3.851658e+04 2.726968e+10
3.926985e+04 2.199309e+10
4.002312e+04 1.771775e+10
4.077638e+04 1.428338e+10
4.152965e+04 1.149795e+10
4.228291e+04 9.265811e+09
4.303618e+04 7.456033e+09
4.378945e+04 6.007384e+09
4.454271e+04 4.832018e+09
4.529598e+04 3.892017e+09
4.604925e+04 3.129315e+09
4.680251e+04 2.520103e+09
4.755578e+04 2.025582e+09
4.830905e+04 1.630966e+09
4.906231e+04 1.310184e+09
4.981558e+04 1.054719e+09
5.056884e+04 8.472371e+08
5.132211e+04 6.817978e+08
5.207538e+04 5.475755e+08
5.282864e+04 4.405335e+08
5.358191e+04 3.537546e+08
5.433518e+04 2.845827e+08
5.508844e+04 2.285322e+08
5.584171e+04 1.837170e+08
5.659497e+04 1.474920e+08
5.734824e+04 1.185866e+08
5.810151e+04 9.520638e+07
5.885477e+04 7.652413e+07
5.960804e+04 6.142614e+07
6.036131e+04 4.936142e+07
6.111457e+04 3.962006e+07
6.186784e+04 3.183349e+07
6.262111e+04 2.554888e+07
6.337437e+04 2.052783e+07
6.412764e+04 1.647315e+07
6.488090e+04 1.323166e+07
6.563417e+04 1.061941e+07
6.638744e+04 8.527928e+06
6.714070e+04 6.843604e+06
6.789397e+04 5.495297e+06
6.864724e+04 4.410112e+06
6.940050e+04 3.540880e+06
7.015377e+04 2.841367e+06
7.090704e+04 2.281465e+06
7.166030e+04 1.831080e+06
7.241357e+04 1.469486e+06
7.316683e+04 1.179655e+06
7.392010e+04 9.465074e+05
7.467337e+04 7.596459e+05
7.542663e+04 6.096440e+05
7.617990e+04 4.892247e+05
7.693317e+04 3.926361e+05
7.768643e+04 3.151094e+05
7.843970e+04 2.528259e+05
7.919296e+04 2.028989e+05
7.994623e+04 1.628340e+05
8.069950e+04 1.306663e+05
8.145276e+04 1.048472e+05
8.220603e+04 8.416145e+04
8.295930e+04 6.752007e+04
8.371256e+04 5.419396e+04
8.446583e+04 4.347344e+04
8.521910e+04 3.489742e+04
8.597236e+04 2.799573e+04
8.672563e+04 2.247447e+04
8.747889e+04 1.802585e+04
8.823216e+04 1.447247e+04
8.898543e+04 1.160705e+04
8.973869e+04 9.320337e+03
9.049196e+04 7.474831e+03
9.124523e+04 6.002417e+03
9.199849e+04 4.814150e+03
9.275176e+04 3.866002e+03
9.350503e+04 3.100376e+03
9.425829e+04 2.490075e+03
9.501156e+04 1.996224e+03
9.576482e+04 1.604001e+03
9.651809e+04 1.286132e+03
9.727136e+04 1.032594e+03
9.802462e+04 8.282314e+02
9.877789e+04 6.652895e+02
9.953116e+04 5.334514e+02
1.002844e+05 4.285351e+02
1.010377e+05 3.436419e+02
1.017910e+05 2.760614e+02
1.025442e+05 2.214499e+02
1.032975e+05 1.778291e+02
1.040508e+05 1.426298e+02
1.048040e+05 1.145628e+02
1.055573e+05 9.190981e+01
1.063106e+05 7.382856e+01
1.070638e+05 5.922302e+01
1.078171e+05 4.757090e+01
1.085704e+05 3.816705e+01
1.093236e+05 3.065184e+01
1.100769e+05 2.459280e+01
1.108302e+05 1.975517e+01
1.115834e+05 1.585512e+01
1.123367e+05 1.273164e+01
1.130899e+05 1.021744e+01
1.138432e+05 8.206620e+00
1.145965e+05 6.585978e+00
1.153497e+05 5.289979e+00
1.161030e+05 4.245222e+00
1.168563e+05 3.409716e+00
1.176095e+05 2.737188e+00
1.183628e+05 2.198188e+00
1.191161e+05 1.764460e+00
1.198693e+05 1.417074e+00
1.206226e+05 1.138078e+00
1.213759e+05 9.136674e-01
1.221291e+05 7.335976e-01
1.228824e+05 5.891051e-01
1.236357e+05 4.730584e-01
1.243889e+05 3.799072e-01
1.251422e+05 3.050566e-01
1.258955e+05 2.449942e-01
1.266487e+05 1.965078e-01
1.274020e+05 1.576182e-01
1.281553e+05 1.264380e-01
1.289085e+05 1.014249e-01
1.296618e+05 8.139187e-02
1.304151e+05 6.529689e-02
1.311683e+05 5.240365e-02
1.319216e+05 4.203896e-02
1.326749e+05 3.374736e-02
1.334281e+05 2.707552e-02
1.341814e+05 2.173825e-02
1.349347e+05 1.743872e-02
1.356879e+05 1.399868e-02
1.364412e+05 1.120142e-02
1.371945e+05 8.955713e-03
1.379477e+05 7.152896e-03
1.387010e+05 5.718338e-03
1.394543e+05 4.566737e-03
1.402075e+05 3.651819e-03
1.409608e+05 2.916567e-03
1.417141e+05 2.332701e-03
1.424673e+05 1.863069e-03
1.432206e+05 1.489975e-03
1.439739e+05 1.189708e-03
1.447271e+05 9.520737e-04
1.454804e+05 7.604091e-04
1.462337e+05 6.083935e-04
1.469869e+05 4.859658e-04
1.477402e+05 3.887842e-04
1.484935e+05 3.105382e-04
1.492467e+05 2.485170e-04
1.500000e+05 1.985000e-04
