# Energy [eV] 	 Beamline Spectrum [ph/s/350mA/0.1%bW]
1.000000000000000000e+02 1.600535033101976156e+09
2.000000000000000000e+02 2.315909297423099995e+09
3.000000000000000000e+02 3.020270119187648773e+09
4.000000000000000000e+02 3.710902529168599606e+09
5.000000000000000000e+02 4.383381854093590736e+09
6.000000000000000000e+02 4.832530828087944984e+09
7.000000000000000000e+02 5.267739790081232071e+09
8.000000000000000000e+02 5.689113589756431580e+09
9.000000000000000000e+02 6.097799515069854736e+09
1.000000000000000000e+03 6.415365987014750481e+09
1.100000000000000000e+03 6.721878353836448669e+09
1.200000000000000000e+03 7.016397052041407585e+09
1.300000000000000000e+03 7.299737014723906517e+09
1.400000000000000000e+03 7.526900926878890038e+09
1.500000000000000000e+03 7.743257279727658272e+09
1.600000000000000000e+03 7.948993142374461174e+09
1.700000000000000000e+03 8.143916661186599731e+09
1.800000000000000000e+03 8.294080781377367973e+09
1.900000000000000000e+03 8.432083308239583969e+09
2.000000000000000000e+03 8.554943720702815056e+09
2.100000000000000000e+03 8.753676704634794235e+09
2.200000000000000000e+03 8.599591143237800598e+09
2.300000000000000000e+03 8.889368719638364792e+09
2.400000000000000000e+03 9.253959975732933044e+09
2.500000000000000000e+03 9.520095772038892746e+09
2.600000000000000000e+03 9.700222044647462845e+09
2.700000000000000000e+03 9.851068602001409531e+09
2.800000000000000000e+03 1.019156454519693565e+10
2.900000000000000000e+03 1.053965610757027054e+10
3.000000000000000000e+03 1.069291579333918762e+10
3.100000000000000000e+03 1.086705232413236046e+10
3.200000000000000000e+03 1.101322997497904015e+10
3.300000000000000000e+03 1.102951158356534195e+10
3.400000000000000000e+03 1.123800591605257034e+10
3.500000000000000000e+03 1.145622273810067558e+10
3.600000000000000000e+03 1.164276377293356895e+10
3.700000000000000000e+03 1.180786801877391624e+10
3.800000000000000000e+03 1.203852375058172035e+10
3.900000000000000000e+03 1.235424806146718025e+10
4.000000000000000000e+03 1.244697689811701775e+10
4.100000000000000000e+03 1.262304248450486183e+10
4.200000000000000000e+03 1.285690235156412888e+10
4.300000000000000000e+03 1.308746687489832878e+10
4.400000000000000000e+03 1.312908206666127205e+10
4.500000000000000000e+03 1.312639955497041702e+10
4.600000000000000000e+03 1.341695885664755058e+10
4.700000000000000000e+03 1.338217661399218178e+10
4.800000000000000000e+03 1.336820700969516754e+10
4.900000000000000000e+03 1.379961282970176697e+10
5.000000000000000000e+03 1.408732703154368210e+10
5.100000000000000000e+03 1.426349343652977943e+10
5.200000000000000000e+03 1.428630852514432335e+10
5.300000000000000000e+03 1.452526419456587219e+10
5.400000000000000000e+03 1.469760983942922592e+10
5.500000000000000000e+03 1.474203894368091583e+10
5.600000000000000000e+03 1.486546310983337784e+10
5.700000000000000000e+03 1.505515497946483040e+10
5.800000000000000000e+03 1.528500060688612938e+10
5.900000000000000000e+03 1.511344056075005913e+10
6.000000000000000000e+03 1.528307920249244308e+10
6.100000000000000000e+03 1.565992146943260384e+10
6.200000000000000000e+03 1.567815571054262733e+10
6.300000000000000000e+03 1.576718649489320183e+10
6.400000000000000000e+03 1.589530453669928741e+10
6.500000000000000000e+03 1.602932553921295738e+10
6.600000000000000000e+03 1.632725642396737480e+10
6.700000000000000000e+03 1.654413391206788254e+10
6.800000000000000000e+03 1.638967788747635269e+10
6.900000000000000000e+03 1.633815773280780983e+10
7.000000000000000000e+03 1.650734416259704399e+10
7.100000000000000000e+03 1.704551441991434860e+10
7.200000000000000000e+03 1.687800342479345512e+10
7.300000000000000000e+03 1.678911070419370842e+10
7.400000000000000000e+03 1.689914654743382645e+10
7.500000000000000000e+03 1.702778470407705307e+10
7.600000000000000000e+03 1.709144945597415352e+10
7.700000000000000000e+03 1.710839220364921379e+10
7.800000000000000000e+03 1.735185580121236801e+10
7.900000000000000000e+03 1.741669604576917648e+10
8.000000000000000000e+03 1.738934906960308456e+10
8.100000000000000000e+03 1.753629840079088593e+10
8.200000000000000000e+03 1.773273562548842621e+10
8.300000000000000000e+03 1.784175821467319870e+10
8.400000000000000000e+03 1.754723010885391998e+10
8.500000000000000000e+03 1.762504156195296478e+10
8.600000000000000000e+03 1.781364410165709686e+10
8.700000000000000000e+03 1.799410408122763443e+10
8.800000000000000000e+03 1.775026749285007095e+10
8.900000000000000000e+03 1.769713649268402481e+10
9.000000000000000000e+03 1.808653381093465805e+10
9.100000000000000000e+03 1.805989529461563492e+10
9.200000000000000000e+03 1.805404271616779327e+10
9.300000000000000000e+03 1.811599562989949799e+10
9.400000000000000000e+03 1.836842415189420319e+10
9.500000000000000000e+03 1.829544176555134964e+10
9.600000000000000000e+03 1.797504658322322083e+10
9.700000000000000000e+03 1.802071626423847198e+10
9.800000000000000000e+03 1.794006264311449814e+10
9.900000000000000000e+03 1.749692748801599884e+10
1.000000000000000000e+04 1.554488873802947998e+10
1.010000000000000000e+04 1.248283577579334259e+10
1.020000000000000000e+04 1.017341028529579163e+10
1.030000000000000000e+04 1.179319658465050507e+10
1.040000000000000000e+04 1.236435742958744621e+10
1.050000000000000000e+04 1.261514719570083046e+10
1.060000000000000000e+04 1.281165677286673927e+10
1.070000000000000000e+04 1.287256857674689674e+10
1.080000000000000000e+04 1.289991477064149284e+10
1.090000000000000000e+04 1.290980322899782562e+10
1.100000000000000000e+04 1.276222070476528358e+10
1.110000000000000000e+04 1.259292470206224251e+10
1.120000000000000000e+04 1.240906027085249519e+10
1.130000000000000000e+04 1.208062161220467567e+10
1.140000000000000000e+04 1.141676825096348953e+10
1.150000000000000000e+04 1.048317980147017479e+10
1.160000000000000000e+04 9.282403721196062088e+09
1.170000000000000000e+04 8.783348216306543350e+09
1.180000000000000000e+04 8.648923246728324890e+09
1.190000000000000000e+04 8.447486294762174606e+09
1.200000000000000000e+04 7.852908451955532074e+09
1.210000000000000000e+04 7.308864990530088425e+09
1.220000000000000000e+04 7.343294662463547707e+09
1.230000000000000000e+04 7.500369018844738960e+09
1.240000000000000000e+04 7.523299022131096840e+09
1.250000000000000000e+04 7.226526476075563431e+09
1.260000000000000000e+04 7.147196660271903038e+09
1.270000000000000000e+04 7.051283552126753807e+09
1.280000000000000000e+04 6.895622403667931557e+09
1.290000000000000000e+04 6.507590460207701683e+09
1.300000000000000000e+04 6.274179837941095352e+09
1.310000000000000000e+04 6.193220013070814133e+09
1.320000000000000000e+04 5.888515582513055801e+09
1.330000000000000000e+04 5.490230521605812073e+09
1.340000000000000000e+04 5.137692445750251770e+09
1.350000000000000000e+04 5.255886053563371658e+09
1.360000000000000000e+04 5.088943077940939903e+09
1.370000000000000000e+04 4.802695396155120850e+09
1.380000000000000000e+04 4.625959862938039780e+09
1.390000000000000000e+04 4.495357520846652031e+09
1.400000000000000000e+04 4.309787423169099808e+09
1.410000000000000000e+04 3.946840725308883667e+09
1.420000000000000000e+04 3.677301966734594822e+09
1.430000000000000000e+04 3.453461677202295303e+09
1.440000000000000000e+04 3.275787369312127113e+09
1.450000000000000000e+04 3.018084862233821869e+09
1.460000000000000000e+04 2.810927940005800724e+09
1.470000000000000000e+04 2.679242320799539089e+09
1.480000000000000000e+04 2.508041512870484352e+09
1.490000000000000000e+04 2.317833749532472610e+09
1.500000000000000000e+04 2.124031557778077126e+09
1.510000000000000000e+04 2.131882260074599266e+09
1.520000000000000000e+04 2.025018776691266537e+09
1.530000000000000000e+04 1.857193395561400652e+09
1.540000000000000000e+04 1.779630581756516933e+09
1.550000000000000000e+04 1.683181720366336107e+09
1.560000000000000000e+04 1.561499781587168217e+09
1.570000000000000000e+04 1.381722947591422558e+09
1.580000000000000000e+04 1.357765880656992197e+09
1.590000000000000000e+04 1.317204553067385197e+09
1.600000000000000000e+04 1.126140135995588064e+09
1.610000000000000000e+04 1.021248806745627284e+09
1.620000000000000000e+04 9.409528520368630886e+08
1.630000000000000000e+04 8.745497659431763887e+08
1.640000000000000000e+04 8.004401339305973053e+08
1.650000000000000000e+04 7.448105310045847893e+08
1.660000000000000000e+04 7.112818649536099434e+08
1.670000000000000000e+04 6.361361146412205696e+08
1.680000000000000000e+04 5.904353063480025530e+08
1.690000000000000000e+04 5.645664479168052673e+08
1.700000000000000000e+04 4.834561971420743465e+08
1.710000000000000000e+04 4.459364275073092580e+08
1.720000000000000000e+04 4.309216867831640244e+08
1.730000000000000000e+04 3.958588136767480373e+08
1.740000000000000000e+04 3.551781799545054436e+08
1.750000000000000000e+04 3.210136949582930803e+08
1.760000000000000000e+04 3.145070424459236860e+08
1.770000000000000000e+04 2.964000200178083181e+08
1.780000000000000000e+04 2.737334832743871808e+08
1.790000000000000000e+04 2.482592549600425065e+08
1.800000000000000000e+04 2.251554492600935698e+08
1.810000000000000000e+04 2.011677825946781039e+08
1.820000000000000000e+04 1.753006822815685570e+08
1.830000000000000000e+04 1.717244375718269646e+08
1.840000000000000000e+04 1.671487049298792779e+08
1.850000000000000000e+04 1.599303440988896191e+08
1.860000000000000000e+04 1.467184357643236518e+08
1.870000000000000000e+04 1.302944266218597591e+08
1.880000000000000000e+04 1.130335507663519382e+08
1.890000000000000000e+04 1.100028821991963387e+08
1.900000000000000000e+04 1.016236486930941343e+08
1.910000000000000000e+04 9.136812120319564641e+07
1.920000000000000000e+04 8.590972971016617119e+07
1.930000000000000000e+04 8.158998137145707011e+07
1.940000000000000000e+04 7.737534353877086937e+07
1.950000000000000000e+04 7.226407393732261658e+07
1.960000000000000000e+04 6.969167133821757138e+07
1.970000000000000000e+04 6.571336201253854483e+07
1.980000000000000000e+04 5.786932173409501463e+07
1.990000000000000000e+04 5.575211570981904119e+07
2.000000000000000000e+04 5.055735013244761527e+07
2.010000000000000000e+04 4.016697916921928525e+07
2.020000000000000000e+04 4.220740487744373828e+07
2.030000000000000000e+04 4.078252772817546874e+07
2.040000000000000000e+04 3.577351117354905605e+07
2.050000000000000000e+04 3.671842453462399542e+07
2.060000000000000000e+04 3.483340120540343970e+07
2.070000000000000000e+04 3.117636881823551282e+07
2.080000000000000000e+04 2.918797767176836357e+07
2.090000000000000000e+04 2.851521055040436611e+07
2.100000000000000000e+04 2.840331038942418247e+07
2.110000000000000000e+04 2.789678729468965903e+07
2.120000000000000000e+04 2.530522872970889509e+07
2.130000000000000000e+04 2.258695087513330579e+07
2.140000000000000000e+04 2.134222388236551359e+07
2.150000000000000000e+04 2.103903948058903590e+07
2.160000000000000000e+04 2.028497915566005930e+07
2.170000000000000000e+04 1.840012942888976634e+07
2.180000000000000000e+04 1.808861861654454097e+07
2.190000000000000000e+04 1.738023093633751944e+07
2.200000000000000000e+04 1.597128910787763819e+07
2.210000000000000000e+04 1.587886432842799090e+07
2.220000000000000000e+04 1.538595661659788899e+07
2.230000000000000000e+04 1.447333055407994241e+07
2.240000000000000000e+04 1.298213179766431265e+07
2.250000000000000000e+04 1.255185213770243712e+07
2.260000000000000000e+04 1.258055387885822915e+07
2.270000000000000000e+04 1.123985406190939806e+07
2.280000000000000000e+04 1.078459194278980419e+07
2.290000000000000000e+04 1.061892792408761568e+07
2.300000000000000000e+04 1.005112902053234167e+07
2.310000000000000000e+04 9.780012705811629072e+06
2.320000000000000000e+04 9.489931141370726749e+06
2.330000000000000000e+04 8.949399560709513724e+06
2.340000000000000000e+04 8.344144448876646347e+06
2.350000000000000000e+04 7.749331744181682356e+06
2.360000000000000000e+04 7.190000285972828977e+06
2.370000000000000000e+04 6.718595695060224272e+06
2.380000000000000000e+04 6.607277153131285682e+06
2.390000000000000000e+04 6.894346615546394140e+06
2.400000000000000000e+04 6.156722294577052817e+06
2.410000000000000000e+04 5.539237861371816136e+06
2.420000000000000000e+04 5.081526159920531325e+06
2.430000000000000000e+04 5.267593788190830499e+06
2.440000000000000000e+04 5.309188214739492163e+06
2.450000000000000000e+04 5.246231319159450941e+06
2.460000000000000000e+04 5.090576318200594746e+06
2.470000000000000000e+04 5.061382105914979242e+06
2.480000000000000000e+04 5.012693136185618117e+06
2.490000000000000000e+04 4.742655008358578198e+06
2.500000000000000000e+04 4.307420334239544347e+06
2.510000000000000000e+04 3.973189432305334136e+06
2.520000000000000000e+04 3.939363834268483333e+06
2.530000000000000000e+04 3.790084686445096973e+06
2.540000000000000000e+04 3.578869258540795185e+06
2.550000000000000000e+04 3.303250089818316512e+06
2.560000000000000000e+04 3.241889045702604577e+06
2.570000000000000000e+04 3.111482111955585424e+06
2.580000000000000000e+04 2.901949681724538095e+06
2.590000000000000000e+04 2.942761686372350436e+06
2.600000000000000000e+04 2.880537858978406526e+06
2.610000000000000000e+04 2.733707662322530989e+06
2.620000000000000000e+04 2.536420877990448382e+06
2.630000000000000000e+04 2.474679659388510976e+06
2.640000000000000000e+04 2.460118242001550272e+06
2.650000000000000000e+04 2.329073921032777522e+06
2.660000000000000000e+04 2.230315724517953116e+06
2.670000000000000000e+04 2.156199283227949869e+06
2.680000000000000000e+04 2.116394394279227592e+06
2.690000000000000000e+04 1.968210724918590859e+06
2.700000000000000000e+04 1.907143163660074119e+06
2.710000000000000000e+04 2.058224442204641411e+06
2.720000000000000000e+04 1.928947708401806187e+06
2.730000000000000000e+04 1.777022008012817008e+06
2.740000000000000000e+04 1.642569528543605469e+06
2.750000000000000000e+04 1.584448496742358897e+06
2.760000000000000000e+04 1.566687661758052418e+06
2.770000000000000000e+04 1.581487404860859038e+06
2.780000000000000000e+04 1.515111164248924237e+06
2.790000000000000000e+04 1.449177989585413132e+06
2.800000000000000000e+04 1.376347817439009435e+06
2.810000000000000000e+04 1.253677934617434861e+06
2.820000000000000000e+04 1.231702161790945800e+06
2.830000000000000000e+04 1.258596370434051147e+06
2.840000000000000000e+04 1.280730964099057484e+06
2.850000000000000000e+04 1.278341168693659361e+06
2.860000000000000000e+04 1.225621379317547427e+06
2.870000000000000000e+04 1.068760162413457641e+06
2.880000000000000000e+04 1.061990295813478762e+06
2.890000000000000000e+04 1.071706534874733072e+06
2.900000000000000000e+04 1.055929518597142305e+06
2.910000000000000000e+04 9.887793162400498986e+05
2.920000000000000000e+04 9.303481748806037940e+05
2.930000000000000000e+04 8.890544132838256191e+05
2.940000000000000000e+04 8.568767059724803548e+05
2.950000000000000000e+04 8.455738401168175042e+05
2.960000000000000000e+04 8.535706494972894434e+05
2.970000000000000000e+04 8.726299319224994397e+05
2.980000000000000000e+04 8.250624754436510848e+05
2.990000000000000000e+04 7.528644291963262949e+05
3.000000000000000000e+04 7.854707358119990677e+05
3.010000000000000000e+04 7.831374285382893868e+05
3.020000000000000000e+04 7.564489644607763039e+05
3.030000000000000000e+04 7.009242795939579373e+05
3.040000000000000000e+04 6.886830597735398915e+05
3.050000000000000000e+04 6.611271879356654827e+05
3.060000000000000000e+04 5.699643739378968021e+05
3.070000000000000000e+04 6.167390293407518184e+05
3.080000000000000000e+04 6.454145902148615569e+05
3.090000000000000000e+04 6.069038605943265138e+05
3.100000000000000000e+04 5.232996634370303364e+05
3.110000000000000000e+04 5.263682026085890830e+05
3.120000000000000000e+04 6.299027759577793768e+05
3.130000000000000000e+04 5.476152151201080997e+05
3.140000000000000000e+04 5.141576649820987368e+05
3.150000000000000000e+04 5.157221558051289758e+05
3.160000000000000000e+04 4.653543696662402363e+05
3.170000000000000000e+04 4.497499725490847486e+05
3.180000000000000000e+04 4.590087375301974826e+05
3.190000000000000000e+04 4.897971972294505686e+05
3.200000000000000000e+04 4.899013389956686879e+05
3.210000000000000000e+04 4.702203743482813588e+05
3.220000000000000000e+04 4.287938910612586187e+05
3.230000000000000000e+04 4.240064401836382458e+05
3.240000000000000000e+04 4.202360608562048292e+05
3.250000000000000000e+04 3.985695007920641219e+05
3.260000000000000000e+04 3.842702507465199451e+05
3.270000000000000000e+04 3.678042393294116482e+05
3.280000000000000000e+04 3.466265312443919829e+05
3.290000000000000000e+04 3.530386644720357726e+05
3.300000000000000000e+04 3.639599569244183367e+05
3.310000000000000000e+04 3.768966192904805066e+05
3.320000000000000000e+04 3.518022492026616819e+05
3.330000000000000000e+04 3.338164052769935806e+05
3.340000000000000000e+04 3.201490958148514037e+05
3.350000000000000000e+04 2.980322455246149912e+05
3.360000000000000000e+04 3.127650875517094391e+05
3.370000000000000000e+04 3.341519905481562600e+05
3.380000000000000000e+04 2.992046309195446083e+05
3.390000000000000000e+04 2.686256014520392055e+05
3.400000000000000000e+04 2.493136082021647890e+05
3.410000000000000000e+04 2.560531655597552308e+05
3.420000000000000000e+04 2.595087779589779384e+05
3.430000000000000000e+04 2.568148075337185292e+05
3.440000000000000000e+04 2.441662805555667437e+05
3.450000000000000000e+04 2.428795009043927712e+05
3.460000000000000000e+04 2.319327782402733574e+05
3.470000000000000000e+04 2.063383663029167801e+05
3.480000000000000000e+04 2.062354854233427614e+05
3.490000000000000000e+04 2.167208367106140358e+05
3.500000000000000000e+04 2.345705365871087997e+05
3.510000000000000000e+04 2.142601722342889698e+05
3.520000000000000000e+04 2.102063589839725755e+05
3.530000000000000000e+04 2.164508104387663479e+05
3.540000000000000000e+04 2.162980353179181402e+05
3.550000000000000000e+04 2.013378475519467902e+05
3.560000000000000000e+04 1.837306612678787787e+05
3.570000000000000000e+04 1.834627261944077327e+05
3.580000000000000000e+04 1.911879250970870780e+05
3.590000000000000000e+04 1.909909018840790668e+05
3.600000000000000000e+04 1.649780997205784661e+05
3.610000000000000000e+04 1.818252993042855524e+05
3.620000000000000000e+04 1.955819179989259865e+05
3.630000000000000000e+04 1.892706123823724920e+05
3.640000000000000000e+04 1.402259005168473814e+05
3.650000000000000000e+04 1.285887841053302691e+05
3.660000000000000000e+04 1.675121401803377375e+05
3.670000000000000000e+04 1.509961002330605406e+05
3.680000000000000000e+04 1.421932042504824640e+05
3.690000000000000000e+04 1.422472031830157794e+05
3.700000000000000000e+04 1.629229696318233619e+05
3.710000000000000000e+04 1.525708733845004754e+05
3.720000000000000000e+04 1.298375024838673562e+05
3.730000000000000000e+04 1.483995602571546624e+05
3.740000000000000000e+04 1.490543308595721901e+05
3.750000000000000000e+04 1.410751693665893690e+05
3.760000000000000000e+04 1.309627440042287344e+05
3.770000000000000000e+04 1.249287944210367859e+05
3.780000000000000000e+04 1.239929676190163882e+05
3.790000000000000000e+04 1.316404407514808699e+05
3.800000000000000000e+04 1.078046143722441193e+05
3.810000000000000000e+04 1.077363249830615096e+05
3.820000000000000000e+04 1.530970852488271485e+05
3.830000000000000000e+04 1.310875012104480411e+05
3.840000000000000000e+04 1.067314117239884654e+05
3.850000000000000000e+04 8.585881798264198005e+04
3.860000000000000000e+04 1.115205663816099841e+05
3.870000000000000000e+04 1.156950816114934569e+05
3.880000000000000000e+04 1.039809483520354697e+05
3.890000000000000000e+04 1.074986969589258661e+05
3.900000000000000000e+04 1.121239440734525269e+05
3.910000000000000000e+04 1.134842245921417343e+05
3.920000000000000000e+04 9.594811482163894107e+04
3.930000000000000000e+04 1.024878765853984660e+05
3.940000000000000000e+04 1.138047844155493804e+05
3.950000000000000000e+04 1.104044818301166670e+05
3.960000000000000000e+04 1.102437711513793474e+05
3.970000000000000000e+04 1.058935585330713075e+05
3.980000000000000000e+04 9.140596370421927713e+04
3.990000000000000000e+04 1.048110025534882006e+05
4.000000000000000000e+04 1.021834925441975502e+05
4.010000000000000000e+04 7.089722343789161823e+04
4.020000000000000000e+04 8.299206944841229415e+04
4.030000000000000000e+04 1.000883914375482127e+05
4.040000000000000000e+04 1.185759154770689638e+05
4.050000000000000000e+04 9.187742577293845534e+04
4.060000000000000000e+04 8.510090833840949927e+04
4.070000000000000000e+04 9.372685539775433426e+04
4.080000000000000000e+04 1.067901204200342909e+05
4.090000000000000000e+04 9.267486293699842645e+04
4.100000000000000000e+04 6.933988036643905798e+04
4.110000000000000000e+04 6.794656676778079418e+04
4.120000000000000000e+04 7.899157234581712692e+04
4.130000000000000000e+04 8.530563277688878588e+04
4.140000000000000000e+04 6.692363842302262492e+04
4.150000000000000000e+04 7.809227412646284210e+04
4.160000000000000000e+04 8.996949886345304549e+04
4.170000000000000000e+04 9.065751630355582165e+04
4.180000000000000000e+04 7.027531804371639737e+04
4.190000000000000000e+04 6.843379225503736234e+04
4.200000000000000000e+04 9.413941087809126475e+04
4.210000000000000000e+04 7.767427924121826072e+04
4.220000000000000000e+04 6.619118245530183776e+04
4.230000000000000000e+04 6.196531469147283497e+04
4.240000000000000000e+04 8.297060816384608916e+04
4.250000000000000000e+04 7.742307291285219253e+04
4.260000000000000000e+04 5.680409062752766476e+04
4.270000000000000000e+04 5.642293791981047252e+04
4.280000000000000000e+04 6.306493651857860095e+04
4.290000000000000000e+04 6.917160573205727269e+04
4.300000000000000000e+04 6.074714678702067613e+04
4.310000000000000000e+04 5.575563906436635443e+04
4.320000000000000000e+04 5.724382326414025010e+04
4.330000000000000000e+04 7.162875165243966330e+04
4.340000000000000000e+04 5.903187671790794411e+04
4.350000000000000000e+04 4.661570824594900478e+04
4.360000000000000000e+04 4.355615771204428165e+04
4.370000000000000000e+04 5.343368019617721438e+04
4.380000000000000000e+04 5.989907188355254038e+04
4.390000000000000000e+04 6.078683701605140959e+04
4.400000000000000000e+04 5.277070775582098577e+04
4.410000000000000000e+04 5.397457106566950097e+04
4.420000000000000000e+04 6.178258028325682244e+04
4.430000000000000000e+04 5.065005885681942164e+04
4.440000000000000000e+04 5.199109501468687085e+04
4.450000000000000000e+04 6.140365760949822288e+04
4.460000000000000000e+04 7.217086106852263038e+04
4.470000000000000000e+04 5.950281356692564441e+04
4.480000000000000000e+04 4.455621365580979182e+04
4.490000000000000000e+04 5.591815591178724571e+04
4.500000000000000000e+04 7.011078666995915410e+04
4.510000000000000000e+04 7.255215483751829015e+04
4.520000000000000000e+04 4.755564788816319196e+04
4.530000000000000000e+04 5.650838223436167755e+04
4.540000000000000000e+04 6.557807182361670129e+04
4.550000000000000000e+04 6.590236946353962412e+04
4.560000000000000000e+04 4.094791690053577622e+04
4.570000000000000000e+04 3.767891287067405938e+04
4.580000000000000000e+04 6.004474853384533344e+04
4.590000000000000000e+04 5.811363051049924979e+04
4.600000000000000000e+04 5.054659356304868561e+04
4.610000000000000000e+04 4.123175709734722477e+04
4.620000000000000000e+04 5.871199775532857893e+04
4.630000000000000000e+04 5.985675064745548298e+04
4.640000000000000000e+04 4.992482399778067338e+04
4.650000000000000000e+04 3.199202819105072922e+04
4.660000000000000000e+04 4.839003974469407694e+04
4.670000000000000000e+04 6.635250447433473892e+04
4.680000000000000000e+04 4.884246815548440645e+04
4.690000000000000000e+04 3.845314002376038843e+04
4.700000000000000000e+04 4.132242751763269189e+04
4.710000000000000000e+04 6.683579816342781123e+04
4.720000000000000000e+04 5.828365638323572057e+04
4.730000000000000000e+04 4.824217008673001692e+04
4.740000000000000000e+04 4.300449476918113214e+04
4.750000000000000000e+04 5.027369891724330955e+04
4.760000000000000000e+04 5.041625711934774881e+04
4.770000000000000000e+04 4.297183041724731447e+04
4.780000000000000000e+04 4.335960871357808355e+04
4.790000000000000000e+04 4.780079769028803275e+04
4.800000000000000000e+04 5.304398295610866626e+04
4.810000000000000000e+04 4.139120650596348423e+04
4.820000000000000000e+04 4.123747489671292715e+04
4.830000000000000000e+04 4.578741315143585962e+04
4.840000000000000000e+04 4.479534282216829888e+04
4.850000000000000000e+04 3.917915409212881059e+04
4.860000000000000000e+04 3.485138629229244543e+04
4.870000000000000000e+04 3.827978391630218539e+04
4.880000000000000000e+04 4.368573099885733973e+04
4.890000000000000000e+04 4.513987603303722426e+04
4.900000000000000000e+04 3.864123065951535682e+04
4.910000000000000000e+04 4.245215849987725960e+04
4.920000000000000000e+04 4.876630687486764509e+04
4.930000000000000000e+04 5.674960925667425909e+04
4.940000000000000000e+04 4.057903693146030128e+04
4.950000000000000000e+04 3.661392015981605800e+04
4.960000000000000000e+04 4.460830029913101316e+04
4.970000000000000000e+04 5.159295228409617266e+04
4.980000000000000000e+04 4.723089131191534398e+04
4.990000000000000000e+04 3.720518042334153870e+04
5.000000000000000000e+04 3.998705488541550585e+04
5.010000000000000000e+04 4.431723509052283043e+04
5.020000000000000000e+04 4.653302433110840502e+04
5.030000000000000000e+04 3.837269769298731262e+04
5.040000000000000000e+04 3.446873638522837427e+04
5.050000000000000000e+04 3.994678973285345273e+04
5.060000000000000000e+04 6.446274870587260375e+04
5.070000000000000000e+04 4.741149113128748286e+04
5.080000000000000000e+04 3.500974689978208335e+04
5.090000000000000000e+04 4.381391483951991540e+04
5.100000000000000000e+04 5.556261700450114586e+04
5.110000000000000000e+04 5.303236097380412684e+04
5.120000000000000000e+04 3.323076336603536038e+04
5.130000000000000000e+04 3.996759805534639600e+04
5.140000000000000000e+04 4.323096886083569552e+04
5.150000000000000000e+04 4.247970416019809636e+04
5.160000000000000000e+04 3.052373058206976930e+04
5.170000000000000000e+04 3.890833628673553903e+04
5.180000000000000000e+04 5.482637456883566483e+04
5.190000000000000000e+04 4.323401842904691148e+04
5.200000000000000000e+04 3.104975074291726924e+04
5.210000000000000000e+04 2.627609522061330063e+04
5.220000000000000000e+04 4.623033324273421022e+04
5.230000000000000000e+04 4.863887212265769631e+04
5.240000000000000000e+04 4.254204477561220847e+04
5.250000000000000000e+04 2.900227589493898631e+04
5.260000000000000000e+04 3.987705525083524844e+04
5.270000000000000000e+04 4.066801008265044220e+04
5.280000000000000000e+04 1.996012548764134044e+04
5.290000000000000000e+04 2.491007234237320517e+04
5.300000000000000000e+04 3.653049986142827402e+04
5.310000000000000000e+04 5.302035022657536319e+04
5.320000000000000000e+04 3.849873534375685267e+04
5.330000000000000000e+04 2.855929220538707887e+04
5.340000000000000000e+04 2.383781296731872135e+04
5.350000000000000000e+04 3.400835599368494877e+04
5.360000000000000000e+04 3.095087294464632214e+04
5.370000000000000000e+04 2.284865409850440847e+04
5.380000000000000000e+04 2.624954498117673575e+04
5.390000000000000000e+04 4.523588249282847391e+04
5.400000000000000000e+04 5.816130559662968881e+04
5.410000000000000000e+04 3.593677546378636180e+04
5.420000000000000000e+04 4.097560595740469580e+04
5.430000000000000000e+04 5.435909417745156679e+04
5.440000000000000000e+04 7.050234025149482477e+04
5.450000000000000000e+04 5.024098691933531518e+04
5.460000000000000000e+04 4.149154388734517124e+04
5.470000000000000000e+04 5.586248678249663499e+04
5.480000000000000000e+04 5.021961206377199414e+04
5.490000000000000000e+04 4.096504429905637517e+04
5.500000000000000000e+04 3.033819801953748538e+04
5.510000000000000000e+04 5.517826917221878830e+04
5.520000000000000000e+04 5.706011161542762420e+04
5.530000000000000000e+04 4.366387997610899038e+04
5.540000000000000000e+04 4.114622286326526955e+04
5.550000000000000000e+04 6.569296935849325382e+04
5.560000000000000000e+04 9.066673518064549717e+04
5.570000000000000000e+04 6.038413996614346979e+04
5.580000000000000000e+04 3.458702944720900268e+04
5.590000000000000000e+04 2.279539506435110161e+04
5.600000000000000000e+04 4.315664682501999050e+04
5.610000000000000000e+04 4.778193106955359690e+04
5.620000000000000000e+04 4.533043395733186480e+04
5.630000000000000000e+04 3.651203899756469036e+04
5.640000000000000000e+04 5.473829764230429282e+04
5.650000000000000000e+04 6.221491794226355705e+04
5.660000000000000000e+04 5.201234145857569092e+04
5.670000000000000000e+04 5.047084116146219458e+04
5.680000000000000000e+04 5.094017094743242342e+04
5.690000000000000000e+04 5.280755876299543161e+04
5.700000000000000000e+04 5.017472253246642504e+04
5.710000000000000000e+04 5.419503641797255841e+04
5.720000000000000000e+04 6.177587374733293109e+04
5.730000000000000000e+04 6.382773871860923828e+04
5.740000000000000000e+04 6.272555628553000861e+04
5.750000000000000000e+04 6.108356134370467771e+04
5.760000000000000000e+04 6.283317469980198803e+04
5.770000000000000000e+04 5.699892421134636970e+04
5.780000000000000000e+04 5.159024705987908237e+04
5.790000000000000000e+04 5.282595186572411330e+04
5.800000000000000000e+04 6.308074962841576780e+04
5.810000000000000000e+04 5.911904823360095907e+04
5.820000000000000000e+04 2.905921530453690502e+04
5.830000000000000000e+04 7.630641484469023999e+04
5.840000000000000000e+04 9.171635029102207045e+04
5.850000000000000000e+04 6.161779484929837054e+04
5.860000000000000000e+04 5.115566813839753013e+04
5.870000000000000000e+04 6.377304596518862672e+04
5.880000000000000000e+04 9.463980667064017325e+04
5.890000000000000000e+04 1.095021398315568949e+05
5.900000000000000000e+04 9.349915075628150953e+04
5.910000000000000000e+04 6.725622688362843473e+04
5.920000000000000000e+04 8.703470506992854644e+04
5.930000000000000000e+04 8.441127925415712525e+04
5.940000000000000000e+04 7.652696816345620027e+04
5.950000000000000000e+04 8.252272375501951319e+04
5.960000000000000000e+04 1.132851428007691284e+05
5.970000000000000000e+04 1.297979347337663785e+05
5.980000000000000000e+04 1.011155250000088854e+05
5.990000000000000000e+04 9.869855943084121100e+04
6.000000000000000000e+04 1.208268255141385016e+05
6.010000000000000000e+04 1.732772624641399598e+05
6.020000000000000000e+04 9.446990259594458621e+04
6.030000000000000000e+04 9.381870771218005393e+04
6.040000000000000000e+04 1.853720118341030902e+05
6.050000000000000000e+04 1.935927729747258709e+05
6.060000000000000000e+04 1.528167758105379471e+05
6.070000000000000000e+04 8.577068264298314170e+04
6.080000000000000000e+04 1.290331621411767119e+05
6.090000000000000000e+04 1.577673495450191258e+05
6.100000000000000000e+04 1.611411241195196053e+05
6.110000000000000000e+04 8.589014103641353722e+04
6.120000000000000000e+04 1.409986625181218551e+05
6.130000000000000000e+04 2.284934877999841992e+05
6.140000000000000000e+04 2.641868874968984164e+05
6.150000000000000000e+04 1.635327062158071785e+05
6.160000000000000000e+04 1.090549406175885524e+05
6.170000000000000000e+04 2.099970306424038135e+05
6.180000000000000000e+04 1.891783261828843097e+05
6.190000000000000000e+04 1.740790600880442071e+05
6.200000000000000000e+04 1.898205963127719297e+05
6.210000000000000000e+04 4.092752595169046544e+05
6.220000000000000000e+04 4.132436013418574003e+05
6.230000000000000000e+04 2.026547386884992884e+05
6.240000000000000000e+04 1.987330534724876052e+05
6.250000000000000000e+04 3.965242371937471908e+05
6.260000000000000000e+04 6.516338476239176234e+05
6.270000000000000000e+04 2.599055005391717714e+05
6.280000000000000000e+04 1.812913124376591295e+05
6.290000000000000000e+04 3.531963386550444993e+05
6.300000000000000000e+04 8.847483558433966246e+05
6.310000000000000000e+04 5.368757337456617970e+05
6.320000000000000000e+04 1.572840872357765620e+05
6.330000000000000000e+04 4.845154866179750534e+05
6.340000000000000000e+04 7.254188864307302283e+05
6.350000000000000000e+04 6.866452040536049753e+05
6.360000000000000000e+04 1.871616373098153854e+05
6.370000000000000000e+04 5.821258377396990545e+05
6.380000000000000000e+04 1.086883676755075343e+06
6.390000000000000000e+04 1.604870274120355723e+06
6.400000000000000000e+04 7.883674823970358120e+05
6.410000000000000000e+04 1.027376038492898457e+06
6.420000000000000000e+04 2.158972122030966450e+06
6.430000000000000000e+04 1.732781782686197432e+06
6.440000000000000000e+04 1.281733748882052489e+06
6.450000000000000000e+04 1.170119775265850825e+06
6.460000000000000000e+04 3.237505648135974072e+06
6.470000000000000000e+04 2.781220393307926599e+06
6.480000000000000000e+04 1.495778580265184632e+06
6.490000000000000000e+04 1.441007029505855404e+06
6.500000000000000000e+04 3.435474786657976452e+06
6.510000000000000000e+04 4.604477931804221123e+06
6.520000000000000000e+04 2.377285052472982090e+06
6.530000000000000000e+04 2.681544436958463863e+06
6.540000000000000000e+04 5.684952280492088757e+06
6.550000000000000000e+04 1.228140333216177113e+07
6.560000000000000000e+04 9.230683817469792441e+06
6.570000000000000000e+04 9.132369560163298622e+06
6.580000000000000000e+04 1.343248366740429029e+07
6.590000000000000000e+04 1.460013116183255613e+07
6.600000000000000000e+04 1.615235181691761129e+07
6.610000000000000000e+04 1.824145309275788069e+07
6.620000000000000000e+04 2.277458947788621485e+07
6.630000000000000000e+04 3.483962588716474175e+07
6.640000000000000000e+04 4.803632695606044680e+07
6.650000000000000000e+04 4.343683967609015852e+07
6.660000000000000000e+04 1.670237459215442240e+08
6.670000000000000000e+04 2.955191927236000299e+08
6.680000000000000000e+04 2.694659603248065710e+08
6.690000000000000000e+04 6.848068435992454290e+08
6.700000000000000000e+04 1.359951643276670694e+09
6.710000000000000000e+04 2.324318535420118332e+09
6.720000000000000000e+04 3.508533873512746334e+09
6.730000000000000000e+04 3.962417185950034618e+09
6.740000000000000000e+04 3.283251157578907013e+09
6.750000000000000000e+04 3.672856291364072323e+09
6.760000000000000000e+04 3.663327964033512592e+09
6.770000000000000000e+04 3.172364466822303295e+09
6.780000000000000000e+04 3.472448098788481236e+09
6.790000000000000000e+04 2.896730704819806576e+09
6.800000000000000000e+04 1.768431705855911255e+09
6.810000000000000000e+04 1.753977542627744675e+09
6.820000000000000000e+04 1.228319522103995085e+09
6.830000000000000000e+04 5.446531112404413223e+08
6.840000000000000000e+04 4.216216694981272221e+08
6.850000000000000000e+04 2.268781405879116356e+08
6.860000000000000000e+04 7.823386596349847317e+07
6.870000000000000000e+04 1.354061115230574012e+08
6.880000000000000000e+04 1.074704381667607427e+08
6.890000000000000000e+04 6.531744518832129985e+07
6.900000000000000000e+04 3.600395472320346534e+07
6.910000000000000000e+04 2.170073509533048421e+07
6.920000000000000000e+04 1.636714522429966927e+07
6.930000000000000000e+04 2.048005495506052300e+07
6.940000000000000000e+04 3.023111717950009555e+07
6.950000000000000000e+04 2.614685909604965523e+07
6.960000000000000000e+04 8.840666317746335641e+06
6.970000000000000000e+04 5.547551132514584810e+06
6.980000000000000000e+04 3.271935114327541552e+06
6.990000000000000000e+04 2.334448547688164748e+06
7.000000000000000000e+04 5.791970242109678686e+06
7.010000000000000000e+04 4.905927525596037507e+06
7.020000000000000000e+04 2.747438042151821777e+06
7.030000000000000000e+04 4.233378050482260063e+06
7.040000000000000000e+04 2.777033581808709539e+06
7.050000000000000000e+04 9.861419263924582629e+05
7.060000000000000000e+04 9.120253630714240717e+05
7.070000000000000000e+04 6.385008530640293611e+05
7.080000000000000000e+04 4.115502981606874382e+05
7.090000000000000000e+04 3.403261932852787431e+05
7.100000000000000000e+04 3.216780327895546216e+05
7.110000000000000000e+04 4.443141446812542272e+05
7.120000000000000000e+04 7.363574867119933479e+05
7.130000000000000000e+04 2.813228276641268749e+05
7.140000000000000000e+04 4.991045063483330159e+04
7.150000000000000000e+04 4.066626069928381912e+04
7.160000000000000000e+04 1.413898186670244904e+05
7.170000000000000000e+04 1.388051448235420685e+05
7.180000000000000000e+04 7.985735806662574760e+04
7.190000000000000000e+04 8.779651587167113030e+04
7.200000000000000000e+04 7.185416469532928022e+04
7.210000000000000000e+04 4.804440534508555720e+04
7.220000000000000000e+04 3.505002365517217549e+04
7.230000000000000000e+04 4.430044482404158043e+04
7.240000000000000000e+04 5.651466501852363581e+04
7.250000000000000000e+04 5.982467526491788158e+04
7.260000000000000000e+04 3.351739760536635004e+04
7.270000000000000000e+04 2.618442569415491744e+04
7.280000000000000000e+04 5.792180398697045166e+04
7.290000000000000000e+04 4.693662270656337205e+04
7.300000000000000000e+04 2.832529698971689868e+04
7.310000000000000000e+04 5.139798683010292734e+03
7.320000000000000000e+04 1.553809180660628772e+04
7.330000000000000000e+04 2.753773266021697054e+04
7.340000000000000000e+04 3.786362075285129686e+04
7.350000000000000000e+04 1.510748406287893522e+04
7.360000000000000000e+04 1.584660873418272422e+04
7.370000000000000000e+04 2.581343464679264434e+04
7.380000000000000000e+04 1.104125772955048160e+04
7.390000000000000000e+04 8.209637115380011892e+03
7.400000000000000000e+04 1.006040567670986457e+04
7.410000000000000000e+04 1.092387985128725450e+04
7.420000000000000000e+04 6.433777621053161056e+03
7.430000000000000000e+04 3.213261538340176230e+03
7.440000000000000000e+04 5.663310104884614702e+03
7.450000000000000000e+04 9.211147598463925533e+03
7.460000000000000000e+04 9.965262617246589798e+03
7.470000000000000000e+04 6.381867805402393969e+03
7.480000000000000000e+04 4.126972815147753863e+03
7.490000000000000000e+04 4.551010301714196430e+03
7.500000000000000000e+04 7.643076044018658649e+03
7.510000000000000000e+04 7.601210808572008318e+03
7.520000000000000000e+04 7.559311263715687346e+03
7.530000000000000000e+04 7.517266166554039955e+03
7.540000000000000000e+04 7.475060349993468662e+03
7.550000000000000000e+04 7.433016441411676169e+03
7.560000000000000000e+04 7.390825756854831525e+03
7.570000000000000000e+04 7.348416542933448909e+03
7.580000000000000000e+04 7.305765336046559241e+03
7.590000000000000000e+04 7.263180490695128356e+03
7.600000000000000000e+04 7.220348812237567472e+03
7.610000000000000000e+04 7.177183693627471257e+03
7.620000000000000000e+04 7.133646628942595271e+03
7.630000000000000000e+04 7.090023311436008044e+03
7.640000000000000000e+04 7.045768665673534997e+03
7.650000000000000000e+04 6.999574292135504948e+03
7.660000000000000000e+04 6.952587342139579960e+03
7.670000000000000000e+04 6.905014009419662216e+03
7.680000000000000000e+04 6.856442419042405163e+03
7.690000000000000000e+04 6.803590667430807116e+03
7.700000000000000000e+04 6.747443510969683302e+03
7.710000000000000000e+04 6.688830145089023972e+03
7.720000000000000000e+04 6.626800749634016029e+03
7.730000000000000000e+04 6.560357983540183341e+03
7.740000000000000000e+04 6.488182706788580617e+03
7.750000000000000000e+04 6.408975531988027797e+03
7.760000000000000000e+04 6.319354141831781817e+03
7.770000000000000000e+04 6.214706638330227179e+03
7.780000000000000000e+04 6.087749322203614611e+03
7.790000000000000000e+04 5.926518386994049251e+03
7.800000000000000000e+04 5.712918672670481101e+03
7.810000000000000000e+04 5.080718194132703502e+03
7.820000000000000000e+04 4.409083824098488549e+03
7.830000000000000000e+04 3.894307527347431005e+03
7.840000000000000000e+04 3.780999146275142721e+03
7.850000000000000000e+04 3.696437665226666468e+03
7.860000000000000000e+04 3.592755449943774693e+03
7.870000000000000000e+04 3.483080073998971784e+03
7.880000000000000000e+04 3.382197880188356976e+03
7.890000000000000000e+04 3.336546692550164153e+03
7.900000000000000000e+04 3.291241265162160744e+03
7.910000000000000000e+04 3.246626298263915032e+03
7.920000000000000000e+04 3.202467271584779610e+03
7.930000000000000000e+04 3.158710974176214222e+03
7.940000000000000000e+04 3.115375842974585794e+03
7.950000000000000000e+04 3.072478695897090802e+03
7.960000000000000000e+04 3.030034723320078228e+03
7.970000000000000000e+04 2.988057497005891037e+03
7.980000000000000000e+04 2.946558994595095555e+03
7.990000000000000000e+04 2.905696164503777709e+03
8.000000000000000000e+04 2.858126947849370481e+03
8.010000000000000000e+04 2.799444214108606502e+03
8.020000000000000000e+04 2.742069112070153096e+03
8.030000000000000000e+04 2.686282191100013279e+03
8.040000000000000000e+04 2.631868997644625779e+03
8.050000000000000000e+04 2.578752871952756777e+03
8.060000000000000000e+04 2.526922084314650874e+03
8.070000000000000000e+04 2.476360406485903241e+03
8.080000000000000000e+04 2.427047933927961822e+03
8.090000000000000000e+04 2.378961815267469774e+03
8.100000000000000000e+04 2.332076891349321613e+03
8.110000000000000000e+04 2.286484623749650382e+03
8.120000000000000000e+04 2.242066530448309095e+03
8.130000000000000000e+04 2.198760969541743179e+03
8.140000000000000000e+04 2.156538495263698678e+03
8.150000000000000000e+04 2.115479887971383505e+03
8.160000000000000000e+04 2.075472342411281716e+03
8.170000000000000000e+04 2.034634081862669973e+03
8.180000000000000000e+04 1.992577095171374822e+03
8.190000000000000000e+04 1.951789456830515746e+03
8.200000000000000000e+04 1.912154081324170420e+03
8.210000000000000000e+04 1.873601264029854747e+03
8.220000000000000000e+04 1.836093000407970976e+03
8.230000000000000000e+04 1.799688150600311928e+03
8.240000000000000000e+04 1.764281008661524993e+03
8.250000000000000000e+04 1.729808129703759050e+03
8.260000000000000000e+04 1.696236689667913652e+03
8.270000000000000000e+04 1.663624284510842244e+03
8.280000000000000000e+04 1.631876155579484248e+03
8.290000000000000000e+04 1.600935020526239896e+03
8.300000000000000000e+04 1.570773043407632031e+03
8.310000000000000000e+04 1.541364725077201228e+03
8.320000000000000000e+04 1.512683595305714107e+03
8.330000000000000000e+04 1.484704700660590106e+03
8.340000000000000000e+04 1.457404494986631789e+03
8.350000000000000000e+04 1.430915114122710747e+03
8.360000000000000000e+04 1.405106984447751302e+03
8.370000000000000000e+04 1.379906959871759227e+03
8.380000000000000000e+04 1.355295328074230611e+03
8.390000000000000000e+04 1.331253183876536241e+03
8.400000000000000000e+04 1.307762393068415349e+03
8.410000000000000000e+04 1.284805557495453513e+03
8.420000000000000000e+04 1.262365981465577534e+03
8.430000000000000000e+04 1.240496341272264772e+03
8.440000000000000000e+04 1.219134937537823816e+03
8.450000000000000000e+04 1.198242224640256836e+03
8.460000000000000000e+04 1.177804080945846181e+03
8.470000000000000000e+04 1.157936275289247533e+03
8.480000000000000000e+04 1.138540114906381177e+03
8.490000000000000000e+04 1.119554978903730898e+03
8.500000000000000000e+04 1.100968934860924492e+03
8.510000000000000000e+04 1.082709540058774110e+03
8.520000000000000000e+04 1.064805382362116234e+03
8.530000000000000000e+04 1.047269180782403282e+03
8.540000000000000000e+04 1.030090633928626175e+03
8.550000000000000000e+04 1.013374908649178451e+03
8.560000000000000000e+04 9.970390122247198406e+02
8.570000000000000000e+04 9.810283017970739365e+02
8.580000000000000000e+04 9.653339929262110672e+02
8.590000000000000000e+04 9.500019993995836103e+02
8.600000000000000000e+04 9.349901153964783589e+02
8.610000000000000000e+04 9.202683451101225955e+02
8.620000000000000000e+04 9.058291178840963767e+02
8.630000000000000000e+04 8.916651225475984575e+02
8.640000000000000000e+04 8.777692964104842304e+02
8.650000000000000000e+04 8.641348148007698455e+02
8.660000000000000000e+04 8.507550811156053214e+02
8.670000000000000000e+04 8.376724602942882711e+02
8.680000000000000000e+04 8.248515066245354319e+02
8.690000000000000000e+04 8.122652648193962932e+02
8.700000000000000000e+04 7.999079986050847992e+02
8.710000000000000000e+04 7.878203699093536443e+02
8.720000000000000000e+04 7.759698353279461571e+02
8.730000000000000000e+04 7.642930244046373218e+02
8.740000000000000000e+04 7.524644372657372742e+02
8.750000000000000000e+04 7.408534156205992076e+02
8.760000000000000000e+04 7.294546511578074615e+02
8.770000000000000000e+04 7.182630053899968061e+02
8.780000000000000000e+04 7.072735028484351005e+02
8.790000000000000000e+04 6.965643740967983604e+02
8.800000000000000000e+04 6.860841980377060736e+02
8.810000000000000000e+04 6.757895393265671373e+02
8.820000000000000000e+04 6.656760757417127934e+02
8.830000000000000000e+04 6.557396166874173105e+02
8.840000000000000000e+04 6.459760981673571223e+02
8.850000000000000000e+04 6.363815779882504557e+02
8.860000000000000000e+04 6.269522311815456987e+02
8.870000000000000000e+04 6.177217485911660333e+02
8.880000000000000000e+04 6.086664801102201636e+02
8.890000000000000000e+04 5.997644184009305945e+02
8.900000000000000000e+04 5.910121919218611310e+02
8.910000000000000000e+04 5.824065256061577429e+02
8.920000000000000000e+04 5.739442374000290101e+02
8.930000000000000000e+04 5.656222349507318086e+02
8.940000000000000000e+04 5.574375124365701595e+02
8.950000000000000000e+04 5.494547326787624115e+02
8.960000000000000000e+04 5.416367114359900370e+02
8.970000000000000000e+04 5.339453977927610140e+02
8.980000000000000000e+04 5.263781474611527074e+02
8.990000000000000000e+04 5.189323875294047639e+02
9.000000000000000000e+04 5.116056140487392554e+02
9.010000000000000000e+04 5.043953897186054860e+02
9.020000000000000000e+04 4.972993416656245813e+02
9.030000000000000000e+04 4.903151593118581104e+02
9.040000000000000000e+04 4.834405923281778428e+02
9.050000000000000000e+04 4.766734486687767003e+02
9.060000000000000000e+04 4.700115926830723652e+02
9.070000000000000000e+04 4.635112667601927683e+02
9.080000000000000000e+04 4.571433422455313575e+02
9.090000000000000000e+04 4.508728935483130158e+02
9.100000000000000000e+04 4.446980282920621903e+02
9.110000000000000000e+04 4.386169012196830295e+02
9.120000000000000000e+04 4.326277127281779826e+02
9.130000000000000000e+04 4.267287074583842355e+02
9.140000000000000000e+04 4.209181729373185590e+02
9.150000000000000000e+04 4.151944382708048806e+02
9.160000000000000000e+04 4.095558728842412961e+02
9.170000000000000000e+04 4.040008853093943344e+02
9.180000000000000000e+04 3.985279220152847302e+02
9.190000000000000000e+04 3.931860474121189100e+02
9.200000000000000000e+04 3.879525931135896712e+02
9.210000000000000000e+04 3.827952473610837956e+02
9.220000000000000000e+04 3.777126257268402014e+02
9.230000000000000000e+04 3.727033758158008823e+02
9.240000000000000000e+04 3.677661763433732744e+02
9.250000000000000000e+04 3.628997362452440143e+02
9.260000000000000000e+04 3.581027938179223611e+02
9.270000000000000000e+04 3.533741158887952452e+02
9.280000000000000000e+04 3.487124970144736835e+02
9.290000000000000000e+04 3.441167587063229689e+02
9.300000000000000000e+04 3.395857486820904683e+02
9.310000000000000000e+04 3.351403643525521261e+02
9.320000000000000000e+04 3.307713425749456064e+02
9.330000000000000000e+04 3.264631091058126913e+02
9.340000000000000000e+04 3.221713442785718371e+02
9.350000000000000000e+04 3.179539402961841006e+02
9.360000000000000000e+04 3.138094064109867531e+02
9.370000000000000000e+04 3.097225214310333286e+02
9.380000000000000000e+04 3.056922995739301427e+02
9.390000000000000000e+04 3.017378821433023290e+02
9.400000000000000000e+04 2.978515457716323453e+02
9.410000000000000000e+04 2.940184555082479392e+02
9.420000000000000000e+04 2.902377175552512085e+02
9.430000000000000000e+04 2.865084569565852917e+02
9.440000000000000000e+04 2.828298171069077398e+02
9.450000000000000000e+04 2.792009592758903409e+02
9.460000000000000000e+04 2.756210621473729816e+02
9.470000000000000000e+04 2.720893213728302840e+02
9.480000000000000000e+04 2.686049491386228283e+02
9.490000000000000000e+04 2.651671737465425736e+02
9.500000000000000000e+04 2.617752392071632812e+02
9.510000000000000000e+04 2.584635530262895600e+02
9.520000000000000000e+04 2.552214078003681266e+02
9.530000000000000000e+04 2.520219090924892100e+02
9.540000000000000000e+04 2.488643771960357753e+02
9.550000000000000000e+04 2.457313324050327310e+02
9.560000000000000000e+04 2.426265862321664599e+02
9.570000000000000000e+04 2.395623333646620097e+02
9.580000000000000000e+04 2.365379380386126229e+02
9.590000000000000000e+04 2.335849575520292660e+02
9.600000000000000000e+04 2.306948417748375846e+02
9.610000000000000000e+04 2.278418199871900924e+02
9.620000000000000000e+04 2.250253196022217708e+02
9.630000000000000000e+04 2.222447789968979350e+02
9.640000000000000000e+04 2.194996472543217862e+02
9.650000000000000000e+04 2.167893839133080860e+02
9.660000000000000000e+04 2.141134587249923129e+02
9.670000000000000000e+04 2.114713514162401680e+02
9.680000000000000000e+04 2.088625514596332948e+02
9.690000000000000000e+04 2.062865578498162620e+02
9.700000000000000000e+04 2.037428788860026430e+02
9.710000000000000000e+04 2.012451554768080655e+02
9.720000000000000000e+04 1.987902619537817088e+02
9.730000000000000000e+04 1.963658535254317599e+02
9.740000000000000000e+04 1.939714801004788569e+02
9.750000000000000000e+04 1.916202287773760133e+02
9.760000000000000000e+04 1.893094026300170185e+02
9.770000000000000000e+04 1.870269182116931859e+02
9.780000000000000000e+04 1.847723631939598761e+02
9.790000000000000000e+04 1.825453326215793481e+02
9.800000000000000000e+04 1.803454287516027819e+02
9.810000000000000000e+04 1.781722608966545920e+02
9.820000000000000000e+04 1.760254452722917904e+02
9.830000000000000000e+04 1.739046048483123741e+02
9.840000000000000000e+04 1.718093692039018379e+02
9.850000000000000000e+04 1.697393743864863325e+02
9.860000000000000000e+04 1.676942627741957210e+02
9.870000000000000000e+04 1.656855882473224995e+02
9.880000000000000000e+04 1.637117791180811821e+02
9.890000000000000000e+04 1.617614708714104665e+02
9.900000000000000000e+04 1.598343350924731681e+02
9.910000000000000000e+04 1.579414614883288834e+02
9.920000000000000000e+04 1.560816128297727516e+02
9.930000000000000000e+04 1.542436519823464209e+02
9.940000000000000000e+04 1.524272771843764360e+02
9.950000000000000000e+04 1.506321917447881447e+02
9.960000000000000000e+04 1.488581039396833319e+02
9.970000000000000000e+04 1.471047269114363019e+02
9.980000000000000000e+04 1.453665543806866083e+02
9.990000000000000000e+04 1.436427693519115678e+02
