# Energy [eV] 	 Beamline Spectrum [ph/s/350mA/0.1%bW]
1.000000000000000000e+02 1.613004836320208073e+09
2.000000000000000000e+02 2.352446453015194893e+09
3.000000000000000000e+02 3.092648142188615322e+09
4.000000000000000000e+02 3.830992053731202126e+09
5.000000000000000000e+02 4.562996615669533730e+09
6.000000000000000000e+02 5.073276676929955482e+09
7.000000000000000000e+02 5.577981722378205299e+09
8.000000000000000000e+02 6.077205845190968513e+09
9.000000000000000000e+02 6.572169708445404053e+09
1.000000000000000000e+03 6.977585393760071754e+09
1.100000000000000000e+03 7.378982109819038391e+09
1.200000000000000000e+03 7.775320854871864319e+09
1.300000000000000000e+03 8.167485564911502838e+09
1.400000000000000000e+03 8.504631301006014824e+09
1.500000000000000000e+03 8.836999649672573090e+09
1.600000000000000000e+03 9.164770067933820724e+09
1.700000000000000000e+03 9.487687361737787247e+09
1.800000000000000000e+03 9.765740266974407196e+09
1.900000000000000000e+03 1.003637905875561333e+10
2.000000000000000000e+03 1.029587481841894722e+10
2.100000000000000000e+03 1.068854838473492622e+10
2.200000000000000000e+03 1.048372158224139786e+10
2.300000000000000000e+03 1.090390280823470306e+10
2.400000000000000000e+03 1.123640059836730194e+10
2.500000000000000000e+03 1.151192697763466835e+10
2.600000000000000000e+03 1.180129280107741356e+10
2.700000000000000000e+03 1.214496732344242859e+10
2.800000000000000000e+03 1.242825750067627525e+10
2.900000000000000000e+03 1.269391757137506104e+10
3.000000000000000000e+03 1.297299174536228371e+10
3.100000000000000000e+03 1.327726994179170799e+10
3.200000000000000000e+03 1.358589062601853180e+10
3.300000000000000000e+03 1.390250264520187759e+10
3.400000000000000000e+03 1.410662518219774246e+10
3.500000000000000000e+03 1.434410324345171547e+10
3.600000000000000000e+03 1.462821479840097046e+10
3.700000000000000000e+03 1.488306751042257881e+10
3.800000000000000000e+03 1.507131997157081985e+10
3.900000000000000000e+03 1.533440571843142891e+10
4.000000000000000000e+03 1.558830688406515121e+10
4.100000000000000000e+03 1.581269555208062172e+10
4.200000000000000000e+03 1.598224099647532654e+10
4.300000000000000000e+03 1.613450725545730782e+10
4.400000000000000000e+03 1.641813700581230164e+10
4.500000000000000000e+03 1.667660665356002235e+10
4.600000000000000000e+03 1.681863709577603531e+10
4.700000000000000000e+03 1.703414974579476547e+10
4.800000000000000000e+03 1.729629134635129166e+10
4.900000000000000000e+03 1.744640896910676956e+10
5.000000000000000000e+03 1.754383827486510468e+10
5.100000000000000000e+03 1.776632390657647705e+10
5.200000000000000000e+03 1.801044960476101303e+10
5.300000000000000000e+03 1.814539875017193604e+10
5.400000000000000000e+03 1.830765998637697601e+10
5.500000000000000000e+03 1.871677758932969284e+10
5.600000000000000000e+03 1.857544192153523254e+10
5.700000000000000000e+03 1.877003659010396576e+10
5.800000000000000000e+03 1.899574095701495361e+10
5.900000000000000000e+03 1.908806096251156616e+10
6.000000000000000000e+03 1.913914471056518936e+10
6.100000000000000000e+03 1.940385683146003723e+10
6.200000000000000000e+03 1.958060403870751953e+10
6.300000000000000000e+03 1.967481511882539368e+10
6.400000000000000000e+03 1.979483571910091019e+10
6.500000000000000000e+03 1.987203325382435226e+10
6.600000000000000000e+03 1.993826377684428024e+10
6.700000000000000000e+03 2.014164657695719528e+10
6.800000000000000000e+03 2.020823676890974426e+10
6.900000000000000000e+03 2.052098307565530396e+10
7.000000000000000000e+03 2.048335683176413345e+10
7.100000000000000000e+03 2.050064070750802994e+10
7.200000000000000000e+03 2.074150285631407928e+10
7.300000000000000000e+03 2.085783888217676926e+10
7.400000000000000000e+03 2.084128856627281570e+10
7.500000000000000000e+03 2.083006496505331802e+10
7.600000000000000000e+03 2.094680467163365173e+10
7.700000000000000000e+03 2.108228133432061768e+10
7.800000000000000000e+03 2.114021898252694321e+10
7.900000000000000000e+03 2.116309252536143494e+10
8.000000000000000000e+03 2.130915090631472015e+10
8.100000000000000000e+03 2.131734933456222916e+10
8.200000000000000000e+03 2.129903199907964706e+10
8.300000000000000000e+03 2.132210505193975449e+10
8.400000000000000000e+03 2.137578515969383240e+10
8.500000000000000000e+03 2.136744335703608322e+10
8.600000000000000000e+03 2.138399292324420547e+10
8.700000000000000000e+03 2.146605688766275406e+10
8.800000000000000000e+03 2.150974611247795486e+10
8.900000000000000000e+03 2.151668008041691208e+10
9.000000000000000000e+03 2.150025208920078278e+10
9.100000000000000000e+03 2.145709369267390442e+10
9.200000000000000000e+03 2.138693232723510361e+10
9.300000000000000000e+03 2.118175964203889084e+10
9.400000000000000000e+03 2.106875037904185486e+10
9.500000000000000000e+03 2.098935867819689178e+10
9.600000000000000000e+03 2.081146078862192154e+10
9.700000000000000000e+03 2.050085680728042984e+10
9.800000000000000000e+03 2.027764904759757614e+10
9.900000000000000000e+03 1.947328650031963348e+10
1.000000000000000000e+04 1.524996732929574966e+10
1.010000000000000000e+04 9.441519958647527695e+09
1.020000000000000000e+04 6.247675912211067200e+09
1.030000000000000000e+04 1.013246209688832283e+10
1.040000000000000000e+04 1.193610684860051918e+10
1.050000000000000000e+04 1.204592657070071983e+10
1.060000000000000000e+04 1.161242279190825462e+10
1.070000000000000000e+04 1.122123227495880699e+10
1.080000000000000000e+04 1.097677134050901222e+10
1.090000000000000000e+04 1.060744850899932671e+10
1.100000000000000000e+04 9.971508707890045166e+09
1.110000000000000000e+04 9.428270841322000504e+09
1.120000000000000000e+04 8.724831195193208694e+09
1.130000000000000000e+04 8.004313725814863205e+09
1.140000000000000000e+04 7.445901184625036240e+09
1.150000000000000000e+04 6.636313690750720024e+09
1.160000000000000000e+04 5.845359130319593430e+09
1.170000000000000000e+04 5.351883532397348404e+09
1.180000000000000000e+04 5.118872078304526329e+09
1.190000000000000000e+04 4.858745060134689331e+09
1.200000000000000000e+04 4.363290619538281441e+09
1.210000000000000000e+04 4.022995128495200157e+09
1.220000000000000000e+04 3.701163006353459358e+09
1.230000000000000000e+04 3.552147718235131741e+09
1.240000000000000000e+04 3.459017883211685658e+09
1.250000000000000000e+04 3.290299519637690544e+09
1.260000000000000000e+04 3.002082740047585964e+09
1.270000000000000000e+04 2.864211252256075382e+09
1.280000000000000000e+04 2.662577198832428455e+09
1.290000000000000000e+04 2.509753710641828537e+09
1.300000000000000000e+04 2.334067443005498409e+09
1.310000000000000000e+04 2.152882166397454739e+09
1.320000000000000000e+04 2.034464441807844162e+09
1.330000000000000000e+04 1.845653704512730122e+09
1.340000000000000000e+04 1.674590549479048491e+09
1.350000000000000000e+04 1.572242143688038588e+09
1.360000000000000000e+04 1.482558316366065025e+09
1.370000000000000000e+04 1.384055986976999760e+09
1.380000000000000000e+04 1.285619342392025709e+09
1.390000000000000000e+04 1.187489916042882919e+09
1.400000000000000000e+04 1.080362887115108013e+09
1.410000000000000000e+04 1.012017775183377504e+09
1.420000000000000000e+04 9.546777977341730595e+08
1.430000000000000000e+04 8.890512789705640078e+08
1.440000000000000000e+04 8.168427719521042109e+08
1.450000000000000000e+04 7.831141253668447733e+08
1.460000000000000000e+04 7.379506532779608965e+08
1.470000000000000000e+04 6.776612423369978666e+08
1.480000000000000000e+04 6.314399547307124138e+08
1.490000000000000000e+04 6.018658251776275635e+08
1.500000000000000000e+04 5.601990082537180185e+08
1.510000000000000000e+04 5.402108408838276863e+08
1.520000000000000000e+04 4.955129733181077242e+08
1.530000000000000000e+04 4.735616493691099882e+08
1.540000000000000000e+04 4.531099864375668764e+08
1.550000000000000000e+04 4.257254890493028760e+08
1.560000000000000000e+04 4.153159802897127867e+08
1.570000000000000000e+04 3.950438740619716644e+08
1.580000000000000000e+04 3.653797986174963117e+08
1.590000000000000000e+04 3.594666828805978894e+08
1.600000000000000000e+04 3.545483098605952859e+08
1.610000000000000000e+04 3.374336035213357210e+08
1.620000000000000000e+04 3.289963634193242192e+08
1.630000000000000000e+04 3.218090861672028303e+08
1.640000000000000000e+04 3.205331031051421165e+08
1.650000000000000000e+04 3.127224691459068060e+08
1.660000000000000000e+04 3.037851733393784761e+08
1.670000000000000000e+04 2.999071394331417680e+08
1.680000000000000000e+04 2.990050968837882876e+08
1.690000000000000000e+04 2.959821284202611446e+08
1.700000000000000000e+04 3.066381822612246275e+08
1.710000000000000000e+04 3.101012397885048389e+08
1.720000000000000000e+04 3.103942231929510832e+08
1.730000000000000000e+04 3.139048324842859507e+08
1.740000000000000000e+04 3.148637454614000320e+08
1.750000000000000000e+04 3.198214844606596828e+08
1.760000000000000000e+04 3.223065569102396965e+08
1.770000000000000000e+04 3.307012618171288967e+08
1.780000000000000000e+04 3.408330065524495840e+08
1.790000000000000000e+04 3.485687159014181495e+08
1.800000000000000000e+04 3.607532393414971232e+08
1.810000000000000000e+04 3.847745311699691415e+08
1.820000000000000000e+04 4.005071895125005841e+08
1.830000000000000000e+04 4.181732386218642592e+08
1.840000000000000000e+04 4.429563234739534855e+08
1.850000000000000000e+04 4.740941301523849368e+08
1.860000000000000000e+04 5.033823753173039556e+08
1.870000000000000000e+04 5.422132431562001705e+08
1.880000000000000000e+04 5.856411458952316046e+08
1.890000000000000000e+04 6.410873372680546045e+08
1.900000000000000000e+04 7.080707178638061285e+08
1.910000000000000000e+04 7.845272830939050913e+08
1.920000000000000000e+04 8.769794468721604347e+08
1.930000000000000000e+04 9.955750828840676546e+08
1.940000000000000000e+04 1.163351322815973520e+09
1.950000000000000000e+04 1.357097994044747114e+09
1.960000000000000000e+04 1.599694899263021708e+09
1.970000000000000000e+04 1.939775592355340004e+09
1.980000000000000000e+04 2.421338553709743500e+09
1.990000000000000000e+04 3.210063683487099171e+09
2.000000000000000000e+04 4.617799398846892357e+09
2.010000000000000000e+04 6.876904173377590179e+09
2.020000000000000000e+04 9.857920233980409622e+09
2.030000000000000000e+04 1.304058715788339996e+10
2.040000000000000000e+04 1.531623558065670586e+10
2.050000000000000000e+04 1.705983387285726166e+10
2.060000000000000000e+04 1.821614278781498337e+10
2.070000000000000000e+04 1.913471799162445068e+10
2.080000000000000000e+04 1.968467064041594696e+10
2.090000000000000000e+04 1.958239296602766418e+10
2.100000000000000000e+04 1.961220741644526672e+10
2.110000000000000000e+04 1.937347854868885803e+10
2.120000000000000000e+04 1.914404002383619690e+10
2.130000000000000000e+04 1.901786104516241837e+10
2.140000000000000000e+04 1.889712135393377686e+10
2.150000000000000000e+04 1.861603231490757370e+10
2.160000000000000000e+04 1.841432728590072632e+10
2.170000000000000000e+04 1.789271184409841919e+10
2.180000000000000000e+04 1.763284997418319321e+10
2.190000000000000000e+04 1.747480295202535629e+10
2.200000000000000000e+04 1.728326840278064728e+10
2.210000000000000000e+04 1.704754858500728989e+10
2.220000000000000000e+04 1.671406574496692276e+10
2.230000000000000000e+04 1.645805356718606758e+10
2.240000000000000000e+04 1.609772455125155258e+10
2.250000000000000000e+04 1.559408965441011238e+10
2.260000000000000000e+04 1.510174335982250214e+10
2.270000000000000000e+04 1.486052446577518845e+10
2.280000000000000000e+04 1.441978079951744461e+10
2.290000000000000000e+04 1.340510936873156738e+10
2.300000000000000000e+04 1.256996342171236610e+10
2.310000000000000000e+04 1.183068355535132027e+10
2.320000000000000000e+04 1.097583718545474434e+10
2.330000000000000000e+04 9.886009214167091370e+09
2.340000000000000000e+04 8.756836084847860336e+09
2.350000000000000000e+04 7.956307217423859596e+09
2.360000000000000000e+04 7.292964514677615166e+09
2.370000000000000000e+04 6.562338811183032990e+09
2.380000000000000000e+04 5.800447461623667717e+09
2.390000000000000000e+04 5.307043996678188324e+09
2.400000000000000000e+04 4.493482003982875824e+09
2.410000000000000000e+04 3.899936582826331615e+09
2.420000000000000000e+04 3.362872970633387089e+09
2.430000000000000000e+04 2.932217083413759232e+09
2.440000000000000000e+04 2.600747321885962963e+09
2.450000000000000000e+04 2.202937879111523151e+09
2.460000000000000000e+04 1.840725216344755650e+09
2.470000000000000000e+04 1.607278583988050938e+09
2.480000000000000000e+04 1.328474324904162169e+09
2.490000000000000000e+04 1.076677029233055115e+09
2.500000000000000000e+04 9.209144510954434872e+08
2.510000000000000000e+04 7.856220901758590937e+08
2.520000000000000000e+04 6.926485731490770578e+08
2.530000000000000000e+04 5.951989724056872129e+08
2.540000000000000000e+04 5.252107347427723408e+08
2.550000000000000000e+04 4.689624131111859679e+08
2.560000000000000000e+04 4.043919442124625444e+08
2.570000000000000000e+04 3.293760927034943104e+08
2.580000000000000000e+04 2.879020542326806784e+08
2.590000000000000000e+04 2.520793222249420583e+08
2.600000000000000000e+04 2.205145801391544044e+08
2.610000000000000000e+04 1.905375920027664006e+08
2.620000000000000000e+04 1.608592246204631031e+08
2.630000000000000000e+04 1.343067716204368770e+08
2.640000000000000000e+04 1.137502998847859055e+08
2.650000000000000000e+04 9.708709392854909599e+07
2.660000000000000000e+04 8.704541271583963931e+07
2.670000000000000000e+04 8.082693942750963569e+07
2.680000000000000000e+04 7.326785596885211766e+07
2.690000000000000000e+04 6.043368446883754432e+07
2.700000000000000000e+04 5.550780657674273849e+07
2.710000000000000000e+04 5.005217863286944479e+07
2.720000000000000000e+04 4.600826730213925987e+07
2.730000000000000000e+04 4.211713037316096574e+07
2.740000000000000000e+04 3.702858993171285838e+07
2.750000000000000000e+04 3.494687447833447158e+07
2.760000000000000000e+04 3.185163402959078550e+07
2.770000000000000000e+04 2.888834144621494785e+07
2.780000000000000000e+04 2.624778066612124071e+07
2.790000000000000000e+04 2.389091657655993477e+07
2.800000000000000000e+04 2.190431112363402545e+07
2.810000000000000000e+04 2.127441164198117331e+07
2.820000000000000000e+04 1.848257200614782423e+07
2.830000000000000000e+04 1.757575087631998211e+07
2.840000000000000000e+04 1.685345759350930154e+07
2.850000000000000000e+04 1.578514130007217824e+07
2.860000000000000000e+04 1.477608260743557103e+07
2.870000000000000000e+04 1.322861676697600260e+07
2.880000000000000000e+04 1.247095792576475814e+07
2.890000000000000000e+04 1.167829745422874391e+07
2.900000000000000000e+04 1.106360254549142532e+07
2.910000000000000000e+04 1.057814452225836553e+07
2.920000000000000000e+04 9.990968474881220609e+06
2.930000000000000000e+04 9.575450868896244094e+06
2.940000000000000000e+04 8.989686965065024793e+06
2.950000000000000000e+04 8.858600543681839481e+06
2.960000000000000000e+04 8.611583892094194889e+06
2.970000000000000000e+04 8.082151053739295341e+06
2.980000000000000000e+04 7.578612622508653440e+06
2.990000000000000000e+04 7.194688887540776283e+06
3.000000000000000000e+04 7.112556727526112460e+06
3.010000000000000000e+04 6.783184354662453756e+06
3.020000000000000000e+04 6.395974483964726329e+06
3.030000000000000000e+04 6.028147080769152381e+06
3.040000000000000000e+04 5.603096410067066550e+06
3.050000000000000000e+04 5.628579115094752051e+06
3.060000000000000000e+04 5.556670262632909231e+06
3.070000000000000000e+04 5.311102237333347090e+06
3.080000000000000000e+04 5.100712686109007336e+06
3.090000000000000000e+04 4.988030546261205338e+06
3.100000000000000000e+04 4.820651667526406236e+06
3.110000000000000000e+04 4.590175548821522854e+06
3.120000000000000000e+04 4.549905882764271460e+06
3.130000000000000000e+04 4.358328017619116232e+06
3.140000000000000000e+04 4.172132252504879609e+06
3.150000000000000000e+04 4.138957479371547233e+06
3.160000000000000000e+04 4.223563069099181332e+06
3.170000000000000000e+04 4.115374039167537820e+06
3.180000000000000000e+04 3.929260378619713243e+06
3.190000000000000000e+04 3.946615685042859055e+06
3.200000000000000000e+04 3.927519693739822134e+06
3.210000000000000000e+04 3.787933280591053888e+06
3.220000000000000000e+04 3.816633316342531703e+06
3.230000000000000000e+04 3.552434540833032224e+06
3.240000000000000000e+04 3.468389340832058340e+06
3.250000000000000000e+04 3.575151889251016546e+06
3.260000000000000000e+04 3.601859225313235074e+06
3.270000000000000000e+04 3.471420470498377923e+06
3.280000000000000000e+04 3.532573045273576397e+06
3.290000000000000000e+04 3.581684498389235232e+06
3.300000000000000000e+04 3.447516021457232535e+06
3.310000000000000000e+04 3.398288531221176032e+06
3.320000000000000000e+04 3.414839593548382167e+06
3.330000000000000000e+04 3.452961890800643247e+06
3.340000000000000000e+04 3.597858367805402260e+06
3.350000000000000000e+04 3.327945492760680616e+06
3.360000000000000000e+04 3.435165964405795559e+06
3.370000000000000000e+04 3.553005524477611296e+06
3.380000000000000000e+04 3.568051116709130816e+06
3.390000000000000000e+04 3.545169239585670177e+06
3.400000000000000000e+04 3.682750116135416552e+06
3.410000000000000000e+04 3.825959933611425571e+06
3.420000000000000000e+04 3.790802509585076477e+06
3.430000000000000000e+04 3.863492273951426614e+06
3.440000000000000000e+04 4.026384299559100065e+06
3.450000000000000000e+04 4.141636406229344197e+06
3.460000000000000000e+04 4.142599929366640281e+06
3.470000000000000000e+04 4.507962245713373646e+06
3.480000000000000000e+04 4.726528762150647119e+06
3.490000000000000000e+04 4.611291847782968543e+06
3.500000000000000000e+04 4.561774694916443899e+06
3.510000000000000000e+04 4.931831270241430029e+06
3.520000000000000000e+04 5.132963074525170028e+06
3.530000000000000000e+04 5.596394747453561984e+06
3.540000000000000000e+04 5.759978928942712024e+06
3.550000000000000000e+04 5.895751396947373636e+06
3.560000000000000000e+04 6.235372230418073013e+06
3.570000000000000000e+04 6.730098923896247521e+06
3.580000000000000000e+04 6.612964215734933503e+06
3.590000000000000000e+04 7.470026037090182304e+06
3.600000000000000000e+04 8.281192835312495008e+06
3.610000000000000000e+04 9.045026731286538765e+06
3.620000000000000000e+04 9.833667676726473495e+06
3.630000000000000000e+04 1.077272399609641731e+07
3.640000000000000000e+04 1.216650211511705816e+07
3.650000000000000000e+04 1.309906300603467785e+07
3.660000000000000000e+04 1.521361145286919735e+07
3.670000000000000000e+04 1.706666479048544168e+07
3.680000000000000000e+04 1.853125963502116129e+07
3.690000000000000000e+04 2.061569057589755580e+07
3.700000000000000000e+04 2.403698716579883546e+07
3.710000000000000000e+04 2.736217263185799122e+07
3.720000000000000000e+04 3.283674977456238493e+07
3.730000000000000000e+04 4.115388540401669592e+07
3.740000000000000000e+04 5.271514190062962472e+07
3.750000000000000000e+04 6.754515701644101739e+07
3.760000000000000000e+04 8.463475387762743235e+07
3.770000000000000000e+04 1.105187093636526763e+08
3.780000000000000000e+04 1.534509763503371179e+08
3.790000000000000000e+04 2.174809203072355092e+08
3.800000000000000000e+04 3.284613140102310181e+08
3.810000000000000000e+04 5.413833307786070108e+08
3.820000000000000000e+04 9.933788972961314917e+08
3.830000000000000000e+04 2.150424095924042225e+09
3.840000000000000000e+04 4.920308818591020584e+09
3.850000000000000000e+04 8.914832473944412231e+09
3.860000000000000000e+04 1.241307493926145172e+10
3.870000000000000000e+04 1.318017694717156792e+10
3.880000000000000000e+04 1.293485691503474426e+10
3.890000000000000000e+04 1.301462158476268387e+10
3.900000000000000000e+04 1.271395974838970375e+10
3.910000000000000000e+04 1.219749371590992355e+10
3.920000000000000000e+04 1.152417880101965904e+10
3.930000000000000000e+04 1.037917156853616714e+10
3.940000000000000000e+04 7.925164378876557350e+09
3.950000000000000000e+04 5.320483097021517754e+09
3.960000000000000000e+04 3.339799938759834766e+09
3.970000000000000000e+04 1.977702589523912191e+09
3.980000000000000000e+04 1.066554719709460974e+09
3.990000000000000000e+04 4.958953990554964542e+08
4.000000000000000000e+04 2.957391813636754155e+08
4.010000000000000000e+04 1.800481534196749330e+08
4.020000000000000000e+04 1.112198577057546973e+08
4.030000000000000000e+04 6.670959699108064175e+07
4.040000000000000000e+04 3.682595494316934794e+07
4.050000000000000000e+04 2.586493393124796450e+07
4.060000000000000000e+04 1.926765799458426237e+07
4.070000000000000000e+04 1.565238648023506813e+07
4.080000000000000000e+04 1.162976897570538148e+07
4.090000000000000000e+04 8.093062335835006088e+06
4.100000000000000000e+04 6.066751963825498708e+06
4.110000000000000000e+04 4.437719553810674697e+06
4.120000000000000000e+04 3.603041087755647022e+06
4.130000000000000000e+04 3.050596805469317362e+06
4.140000000000000000e+04 2.691072560917413794e+06
4.150000000000000000e+04 2.273373503728311043e+06
4.160000000000000000e+04 1.722353318891564151e+06
4.170000000000000000e+04 1.403901550710842712e+06
4.180000000000000000e+04 1.190151795260371640e+06
4.190000000000000000e+04 9.888377846154632280e+05
4.200000000000000000e+04 8.156807438538161805e+05
4.210000000000000000e+04 7.045411544773550704e+05
4.220000000000000000e+04 6.415041837538251420e+05
4.230000000000000000e+04 4.975069943336363067e+05
4.240000000000000000e+04 4.480119047918872675e+05
4.250000000000000000e+04 3.774064019252363942e+05
4.260000000000000000e+04 3.269678132576031494e+05
4.270000000000000000e+04 2.961641453961597290e+05
4.280000000000000000e+04 2.690766541554463911e+05
4.290000000000000000e+04 2.475718500198561233e+05
4.300000000000000000e+04 1.925114448001514538e+05
4.310000000000000000e+04 1.683553641472378804e+05
4.320000000000000000e+04 1.586377405374161026e+05
4.330000000000000000e+04 1.487059888695172267e+05
4.340000000000000000e+04 1.309861039109861158e+05
4.350000000000000000e+04 1.098302214737457252e+05
4.360000000000000000e+04 1.001258215902372031e+05
4.370000000000000000e+04 9.128730471682774078e+04
4.380000000000000000e+04 8.224096899721278169e+04
4.390000000000000000e+04 7.527783002946857596e+04
4.400000000000000000e+04 7.225070415021640656e+04
4.410000000000000000e+04 6.742911485536470718e+04
4.420000000000000000e+04 5.905143977833303506e+04
4.430000000000000000e+04 5.440657466210020357e+04
4.440000000000000000e+04 5.132164139445032197e+04
4.450000000000000000e+04 4.654938094567432563e+04
4.460000000000000000e+04 3.910326178908959992e+04
4.470000000000000000e+04 3.771289848371760309e+04
4.480000000000000000e+04 3.347270108184627315e+04
4.490000000000000000e+04 3.422387257401040551e+04
4.500000000000000000e+04 3.336559995868401165e+04
4.510000000000000000e+04 2.934036427272349465e+04
4.520000000000000000e+04 2.544338228344204617e+04
4.530000000000000000e+04 2.301646416377825153e+04
4.540000000000000000e+04 2.377800530395106398e+04
4.550000000000000000e+04 2.352546939500740700e+04
4.560000000000000000e+04 2.272433455038173634e+04
4.570000000000000000e+04 2.117968476612654194e+04
4.580000000000000000e+04 1.834966077893873080e+04
4.590000000000000000e+04 1.796267080419429840e+04
4.600000000000000000e+04 1.552447854814056882e+04
4.610000000000000000e+04 1.465555338755720913e+04
4.620000000000000000e+04 1.480576165228452737e+04
4.630000000000000000e+04 1.467672986298656360e+04
4.640000000000000000e+04 1.326697109682226255e+04
4.650000000000000000e+04 1.193258729627426146e+04
4.660000000000000000e+04 1.090791644142257974e+04
4.670000000000000000e+04 1.076411623670608424e+04
4.680000000000000000e+04 1.111125274337595329e+04
4.690000000000000000e+04 1.098668270217530880e+04
4.700000000000000000e+04 9.452995998971904555e+03
4.710000000000000000e+04 9.000775576094714779e+03
4.720000000000000000e+04 8.064723142019492116e+03
4.730000000000000000e+04 7.453402124081588227e+03
4.740000000000000000e+04 7.337944554352294290e+03
4.750000000000000000e+04 7.300346015004839501e+03
4.760000000000000000e+04 6.585184652429268681e+03
4.770000000000000000e+04 6.739471103888788093e+03
4.780000000000000000e+04 6.899160589668600551e+03
4.790000000000000000e+04 6.488372439568626760e+03
4.800000000000000000e+04 6.403236316470213751e+03
4.810000000000000000e+04 6.777118037115777042e+03
4.820000000000000000e+04 6.281576138191268910e+03
4.830000000000000000e+04 5.925576091160022770e+03
4.840000000000000000e+04 5.713945171850469706e+03
4.850000000000000000e+04 5.541345179336522051e+03
4.860000000000000000e+04 5.156195104317139339e+03
4.870000000000000000e+04 4.733844041099674541e+03
4.880000000000000000e+04 5.070655582138702812e+03
4.890000000000000000e+04 4.393357223259144121e+03
4.900000000000000000e+04 4.235832858575474347e+03
4.910000000000000000e+04 4.090064734154302187e+03
4.920000000000000000e+04 4.068557088218440640e+03
4.930000000000000000e+04 4.226412210352683360e+03
4.940000000000000000e+04 4.148025166780015752e+03
4.950000000000000000e+04 4.224403920919718075e+03
4.960000000000000000e+04 3.657846549058780965e+03
4.970000000000000000e+04 3.347527738565813706e+03
4.980000000000000000e+04 3.362913913156095532e+03
4.990000000000000000e+04 3.422592208100896187e+03
5.000000000000000000e+04 3.260963497690051099e+03
5.010000000000000000e+04 3.106276274500604814e+03
5.020000000000000000e+04 2.952740249009787931e+03
5.030000000000000000e+04 2.807079968923087108e+03
5.040000000000000000e+04 2.662788769859789682e+03
5.050000000000000000e+04 2.694785210015510529e+03
5.060000000000000000e+04 2.726277066877518791e+03
5.070000000000000000e+04 2.720213719895045870e+03
5.080000000000000000e+04 2.713858749725791768e+03
5.090000000000000000e+04 2.613794200410432040e+03
5.100000000000000000e+04 2.514492065883037867e+03
5.110000000000000000e+04 2.458247294857960696e+03
5.120000000000000000e+04 2.402516052860252785e+03
5.130000000000000000e+04 2.408650887688061630e+03
5.140000000000000000e+04 2.414347952870812605e+03
5.150000000000000000e+04 2.271390918330918794e+03
5.160000000000000000e+04 2.130037145472839711e+03
5.170000000000000000e+04 2.212595182403986655e+03
5.180000000000000000e+04 2.294314486092040170e+03
5.190000000000000000e+04 2.303830695371753336e+03
5.200000000000000000e+04 2.312991164704814764e+03
5.210000000000000000e+04 2.247732875152561064e+03
5.220000000000000000e+04 2.183072040638795897e+03
5.230000000000000000e+04 2.180455844454464113e+03
5.240000000000000000e+04 2.177630639716074711e+03
5.250000000000000000e+04 2.121623225594244104e+03
5.260000000000000000e+04 2.066245078314462262e+03
5.270000000000000000e+04 2.097525547189073677e+03
5.280000000000000000e+04 2.128190413797609835e+03
5.290000000000000000e+04 2.057581135585669472e+03
5.300000000000000000e+04 1.988174432637968039e+03
5.310000000000000000e+04 2.137502242773738999e+03
5.320000000000000000e+04 2.285326423152082498e+03
5.330000000000000000e+04 2.323561801142469903e+03
5.340000000000000000e+04 2.361122998414555695e+03
5.350000000000000000e+04 2.273381530210238452e+03
5.360000000000000000e+04 2.187135555831195234e+03
5.370000000000000000e+04 2.365113437253222855e+03
5.380000000000000000e+04 2.540645882946403162e+03
5.390000000000000000e+04 2.425566006800146170e+03
5.400000000000000000e+04 2.312164078322228761e+03
5.410000000000000000e+04 2.440999395135402665e+03
5.420000000000000000e+04 2.569011779174923049e+03
5.430000000000000000e+04 2.719622752373230924e+03
5.440000000000000000e+04 2.869550726866684727e+03
5.450000000000000000e+04 3.133247973399872535e+03
5.460000000000000000e+04 3.395913266070434929e+03
5.470000000000000000e+04 3.890708283268651940e+03
5.480000000000000000e+04 4.381964903595340729e+03
5.490000000000000000e+04 4.904092997871161060e+03
5.500000000000000000e+04 5.423101181228515998e+03
5.510000000000000000e+04 6.129071613017096752e+03
5.520000000000000000e+04 6.839305910848990607e+03
5.530000000000000000e+04 9.910761627925814537e+03
5.540000000000000000e+04 1.301922963685952163e+04
5.550000000000000000e+04 3.059845327260745034e+04
5.560000000000000000e+04 4.835280176237100386e+04
5.570000000000000000e+04 1.376762071061775205e+05
5.580000000000000000e+04 2.260791113110663428e+05
5.590000000000000000e+04 2.441740373256921885e+05
5.600000000000000000e+04 2.619726721387960715e+05
5.610000000000000000e+04 2.431145722802510718e+05
5.620000000000000000e+04 2.244598396430803114e+05
5.630000000000000000e+04 2.205393388165029173e+05
5.640000000000000000e+04 2.170919346449610312e+05
5.650000000000000000e+04 3.173199103758236161e+05
5.660000000000000000e+04 4.235149269126966246e+05
5.670000000000000000e+04 2.051964407079424476e+06
5.680000000000000000e+04 3.654425240358687472e+06
5.690000000000000000e+04 2.074395449678535573e+06
5.700000000000000000e+04 5.117268634755684761e+05
5.710000000000000000e+04 2.625898333638213808e+05
5.720000000000000000e+04 1.634876647074658831e+04
5.730000000000000000e+04 9.204266030277482059e+03
5.740000000000000000e+04 2.140483100643415128e+03
5.750000000000000000e+04 1.273146843968374014e+03
5.760000000000000000e+04 4.152407633847947181e+02
5.770000000000000000e+04 2.424603251261553112e+02
5.780000000000000000e+04 7.202896264654670233e+01
5.790000000000000000e+04 1.342667653512800143e+02
5.800000000000000000e+04 1.963722743531473043e+02
5.810000000000000000e+04 3.264151691213693880e+02
5.820000000000000000e+04 4.554228502139652051e+02
5.830000000000000000e+04 5.689344795635984156e+02
5.840000000000000000e+04 6.799769331101504122e+02
5.850000000000000000e+04 4.585296754102674868e+02
5.860000000000000000e+04 2.392376932094363440e+02
5.870000000000000000e+04 1.282585767989349108e+02
5.880000000000000000e+04 1.862719365227899004e+01
5.890000000000000000e+04 1.629003567620903681e+01
5.900000000000000000e+04 1.398029837913461826e+01
5.910000000000000000e+04 1.374767077642922430e+01
5.920000000000000000e+04 1.352324399303370583e+01
5.930000000000000000e+04 1.464697897945660188e+01
5.940000000000000000e+04 1.576290067466804956e+01
5.950000000000000000e+04 1.703857436067830022e+01
5.960000000000000000e+04 1.830915215874637880e+01
5.970000000000000000e+04 2.049243080940729200e+01
5.980000000000000000e+04 2.265187567310834993e+01
5.990000000000000000e+04 2.344607332890078766e+01
6.000000000000000000e+04 2.424210153513019961e+01
6.010000000000000000e+04 2.661342389844810441e+01
6.020000000000000000e+04 2.895339641787342799e+01
6.030000000000000000e+04 2.886605755383724414e+01
6.040000000000000000e+04 2.878826442668205132e+01
6.050000000000000000e+04 3.050358289781190635e+01
6.060000000000000000e+04 3.220222734805417986e+01
6.070000000000000000e+04 3.333484889504165949e+01
6.080000000000000000e+04 3.445490364225879176e+01
6.090000000000000000e+04 3.499481588510811036e+01
6.100000000000000000e+04 3.553268591432115642e+01
6.110000000000000000e+04 3.657847269621807840e+01
6.120000000000000000e+04 3.761465965827507318e+01
6.130000000000000000e+04 3.850879486103248439e+01
6.140000000000000000e+04 3.940095132725283378e+01
6.150000000000000000e+04 4.130162766671108443e+01
6.160000000000000000e+04 4.319630176177644643e+01
6.170000000000000000e+04 4.673272633197657910e+01
6.180000000000000000e+04 5.020904863820622666e+01
6.190000000000000000e+04 4.810335383862453540e+01
6.200000000000000000e+04 4.601561483079886017e+01
6.210000000000000000e+04 4.453695174165133608e+01
6.220000000000000000e+04 4.308749855450337662e+01
6.230000000000000000e+04 4.489307345793629622e+01
6.240000000000000000e+04 4.667066926839262919e+01
6.250000000000000000e+04 4.622264669945113269e+01
6.260000000000000000e+04 4.578078968513486302e+01
6.270000000000000000e+04 4.611404900524925665e+01
6.280000000000000000e+04 4.644504265980870628e+01
6.290000000000000000e+04 4.704432978084805939e+01
6.300000000000000000e+04 4.763960653449488092e+01
6.310000000000000000e+04 4.852293211436612097e+01
6.320000000000000000e+04 4.938327202942886629e+01
6.330000000000000000e+04 4.781827226936103870e+01
6.340000000000000000e+04 4.628366432888318371e+01
6.350000000000000000e+04 4.794231573768617949e+01
6.360000000000000000e+04 4.959584762662331059e+01
6.370000000000000000e+04 5.266624614164601326e+01
6.380000000000000000e+04 5.567270684719309060e+01
6.390000000000000000e+04 5.251076664608999067e+01
6.400000000000000000e+04 4.940166012105832039e+01
6.410000000000000000e+04 5.103662618592584010e+01
6.420000000000000000e+04 5.264649943361031603e+01
6.430000000000000000e+04 5.253143849981747593e+01
6.440000000000000000e+04 5.241404889449917448e+01
6.450000000000000000e+04 5.204057139588551451e+01
6.460000000000000000e+04 5.167716145417681162e+01
6.470000000000000000e+04 5.264771651444029033e+01
6.480000000000000000e+04 5.360726144338628529e+01
6.490000000000000000e+04 5.426572210485974779e+01
6.500000000000000000e+04 5.491670735297045525e+01
6.510000000000000000e+04 5.544646183486868551e+01
6.520000000000000000e+04 5.597494531828492370e+01
6.530000000000000000e+04 5.716736752198892191e+01
6.540000000000000000e+04 5.835418364749867237e+01
6.550000000000000000e+04 6.032808859164412496e+01
6.560000000000000000e+04 6.225330720551563246e+01
6.570000000000000000e+04 5.952286239737649964e+01
6.580000000000000000e+04 5.683115969304187587e+01
6.590000000000000000e+04 5.696176944394854047e+01
6.600000000000000000e+04 5.707311786568030954e+01
6.610000000000000000e+04 5.479396713259399831e+01
6.620000000000000000e+04 5.257703419304945669e+01
6.630000000000000000e+04 5.698582374847354970e+01
6.640000000000000000e+04 6.131356876691617686e+01
6.650000000000000000e+04 5.919800514582389184e+01
6.660000000000000000e+04 5.711537824394790164e+01
6.670000000000000000e+04 5.762174412641385857e+01
6.680000000000000000e+04 5.813805243092179609e+01
6.690000000000000000e+04 6.084696416081904147e+01
6.700000000000000000e+04 6.349994339027063006e+01
6.710000000000000000e+04 6.164482290107437734e+01
6.720000000000000000e+04 5.982618804262176582e+01
6.730000000000000000e+04 6.131854593296420575e+01
6.740000000000000000e+04 6.280176282190023329e+01
6.750000000000000000e+04 6.491447209075838032e+01
6.760000000000000000e+04 6.699750196792186330e+01
6.770000000000000000e+04 6.757615527016751855e+01
6.780000000000000000e+04 6.815404875780096461e+01
6.790000000000000000e+04 6.954904438476849293e+01
6.800000000000000000e+04 7.094748266750109167e+01
6.810000000000000000e+04 7.459038320230257568e+01
6.820000000000000000e+04 7.819559772423386335e+01
6.830000000000000000e+04 8.098550093034386066e+01
6.840000000000000000e+04 8.373455659519945016e+01
6.850000000000000000e+04 8.431622315536810675e+01
6.860000000000000000e+04 8.487132969901453805e+01
6.870000000000000000e+04 8.290720527208628710e+01
6.880000000000000000e+04 8.107154083110975762e+01
6.890000000000000000e+04 9.432960221945103285e+01
6.900000000000000000e+04 1.073667453233332481e+02
6.910000000000000000e+04 1.059378252551005772e+02
6.920000000000000000e+04 1.045318967576168916e+02
6.930000000000000000e+04 1.050397724502994521e+02
6.940000000000000000e+04 1.054737624599082011e+02
6.950000000000000000e+04 9.742048595283274892e+01
6.960000000000000000e+04 8.950653881785835608e+01
6.970000000000000000e+04 9.153219705839639175e+01
6.980000000000000000e+04 9.351252399381327507e+01
6.990000000000000000e+04 9.222271842382600937e+01
7.000000000000000000e+04 9.102827969524493312e+01
7.010000000000000000e+04 1.008683738470856071e+02
7.020000000000000000e+04 1.105613199925560508e+02
7.030000000000000000e+04 1.122953394082712180e+02
7.040000000000000000e+04 1.141184113813127823e+02
7.050000000000000000e+04 1.291537102752629380e+02
7.060000000000000000e+04 1.439851270833503634e+02
7.070000000000000000e+04 1.494155943369810586e+02
7.080000000000000000e+04 1.550091946335167279e+02
7.090000000000000000e+04 1.864317016169198951e+02
7.100000000000000000e+04 2.175328237330894012e+02
7.110000000000000000e+04 2.414893788428947801e+02
7.120000000000000000e+04 2.651096702615637355e+02
7.130000000000000000e+04 2.726303281484375134e+02
7.140000000000000000e+04 2.807171729898032027e+02
7.150000000000000000e+04 3.652295921145905595e+02
7.160000000000000000e+04 4.488832484479128766e+02
7.170000000000000000e+04 5.157903412554719580e+02
7.180000000000000000e+04 5.826227338400140070e+02
7.190000000000000000e+04 7.091378777087054459e+02
7.200000000000000000e+04 8.353711985517862786e+02
7.210000000000000000e+04 1.055679443384197384e+03
7.220000000000000000e+04 1.278134147801597464e+03
7.230000000000000000e+04 1.973504103251178776e+03
7.240000000000000000e+04 2.665655375593381905e+03
7.250000000000000000e+04 3.665724343772483280e+03
7.260000000000000000e+04 4.703989880557017386e+03
7.270000000000000000e+04 1.113913946457767815e+04
7.280000000000000000e+04 1.763892267437037663e+04
7.290000000000000000e+04 3.782235842877186224e+04
7.300000000000000000e+04 5.790040106373715389e+04
7.310000000000000000e+04 8.577686908556142589e+04
7.320000000000000000e+04 1.131438280909584719e+05
7.330000000000000000e+04 1.101560389026016637e+05
7.340000000000000000e+04 1.073541023243343079e+05
7.350000000000000000e+04 1.231355356421319157e+05
7.360000000000000000e+04 1.388043954868248256e+05
7.370000000000000000e+04 1.577384771229772305e+05
7.380000000000000000e+04 1.766234749245093553e+05
7.390000000000000000e+04 2.093652753134000523e+05
7.400000000000000000e+04 2.417352788949233363e+05
7.410000000000000000e+04 2.658613624439097475e+05
7.420000000000000000e+04 2.904294601658225292e+05
7.430000000000000000e+04 3.887612077082576579e+05
7.440000000000000000e+04 4.872153829826827860e+05
7.450000000000000000e+04 6.960005794691062765e+05
7.460000000000000000e+04 9.107429482260949444e+05
7.470000000000000000e+04 1.980490146452908171e+06
7.480000000000000000e+04 3.122015712046261411e+06
7.490000000000000000e+04 1.308119623772862740e+07
7.500000000000000000e+04 2.289202799952125922e+07
7.510000000000000000e+04 2.681308968585640937e+07
7.520000000000000000e+04 3.053780899063010514e+07
7.530000000000000000e+04 1.735334847093247250e+07
7.540000000000000000e+04 4.398465853519128636e+06
7.550000000000000000e+04 2.695228878642198630e+06
7.560000000000000000e+04 1.021523882192902151e+06
7.570000000000000000e+04 7.617069457313497551e+05
7.580000000000000000e+04 5.056585104709511506e+05
7.590000000000000000e+04 3.843773796287040459e+05
7.600000000000000000e+04 2.644874565460195299e+05
7.610000000000000000e+04 1.669047913472124201e+05
7.620000000000000000e+04 7.121462272982171271e+04
7.630000000000000000e+04 6.940099980659144057e+04
7.640000000000000000e+04 6.749596444871314452e+04
7.650000000000000000e+04 5.527058567813738046e+04
7.660000000000000000e+04 4.319443710753537016e+04
7.670000000000000000e+04 3.305861819095845567e+04
7.680000000000000000e+04 2.318879197161255070e+04
7.690000000000000000e+04 2.866786572387846172e+04
7.700000000000000000e+04 3.390541673005749908e+04
7.710000000000000000e+04 2.426212192673086611e+04
7.720000000000000000e+04 1.479443800959946020e+04
7.730000000000000000e+04 8.945038084262330813e+03
7.740000000000000000e+04 3.246132029278035589e+03
7.750000000000000000e+04 2.357458061106862260e+03
7.760000000000000000e+04 1.491706079996782819e+03
7.770000000000000000e+04 1.215006840047482001e+03
7.780000000000000000e+04 9.434808855197596813e+02
7.790000000000000000e+04 7.311940694366683147e+02
7.800000000000000000e+04 5.253141144576553643e+02
7.810000000000000000e+04 4.237175080875892945e+02
7.820000000000000000e+04 3.298820652676435543e+02
7.830000000000000000e+04 2.542150341635866369e+02
7.840000000000000000e+04 2.108486688685282218e+02
7.850000000000000000e+04 1.863580557403819284e+02
7.860000000000000000e+04 1.619099533745759913e+02
7.870000000000000000e+04 1.412514086006875118e+02
7.880000000000000000e+04 1.219326762522962895e+02
7.890000000000000000e+04 1.108401096764578000e+02
7.900000000000000000e+04 1.000891552221699214e+02
7.910000000000000000e+04 9.799899056017288501e+01
7.920000000000000000e+04 9.585790537674739653e+01
7.930000000000000000e+04 8.581557439115850627e+01
7.940000000000000000e+04 7.605795902211016823e+01
7.950000000000000000e+04 7.095452721818593034e+01
7.960000000000000000e+04 6.594857422492762566e+01
7.970000000000000000e+04 5.927201422698148292e+01
7.980000000000000000e+04 5.277865199495908399e+01
7.990000000000000000e+04 4.851823879328729561e+01
8.000000000000000000e+04 4.426144337934369588e+01
8.010000000000000000e+04 4.124911230934374373e+01
8.020000000000000000e+04 3.834473836279047987e+01
8.030000000000000000e+04 3.599674137119065875e+01
8.040000000000000000e+04 3.373819513378445833e+01
8.050000000000000000e+04 3.240664321909591195e+01
8.060000000000000000e+04 3.110507456009300142e+01
8.070000000000000000e+04 2.878960411738951564e+01
8.080000000000000000e+04 2.656607066966926212e+01
8.090000000000000000e+04 2.549951325165245208e+01
8.100000000000000000e+04 2.445617607666995852e+01
8.110000000000000000e+04 2.251479607218758616e+01
8.120000000000000000e+04 2.066688614541952873e+01
8.130000000000000000e+04 2.128179635350038268e+01
8.140000000000000000e+04 2.185034343657847344e+01
8.150000000000000000e+04 2.068916439517933625e+01
8.160000000000000000e+04 1.956837383468416292e+01
8.170000000000000000e+04 1.871490747967181179e+01
8.180000000000000000e+04 1.786414079158822688e+01
8.190000000000000000e+04 1.665441214182619589e+01
8.200000000000000000e+04 1.548965180314260692e+01
8.210000000000000000e+04 1.452085971160229505e+01
8.220000000000000000e+04 1.360500654740990534e+01
8.230000000000000000e+04 1.441105669029694347e+01
8.240000000000000000e+04 1.516230983948729616e+01
8.250000000000000000e+04 1.399374195952773192e+01
8.260000000000000000e+04 1.286515032176588846e+01
8.270000000000000000e+04 1.176087382723439312e+01
8.280000000000000000e+04 1.070505186990067870e+01
8.290000000000000000e+04 1.060378743957749315e+01
8.300000000000000000e+04 1.050438474860907156e+01
8.310000000000000000e+04 1.044187047141758029e+01
8.320000000000000000e+04 1.037591248182783055e+01
8.330000000000000000e+04 1.000689046577667973e+01
8.340000000000000000e+04 9.648292023063259393e+00
8.350000000000000000e+04 9.263102231495800254e+00
8.360000000000000000e+04 8.893329374228184037e+00
8.370000000000000000e+04 8.848017577182465843e+00
8.380000000000000000e+04 8.795431970286886170e+00
8.390000000000000000e+04 8.141049020855442464e+00
8.400000000000000000e+04 7.512294344827873616e+00
8.410000000000000000e+04 7.349776062070999316e+00
8.420000000000000000e+04 7.194417237298662116e+00
8.430000000000000000e+04 7.308904260412658616e+00
8.440000000000000000e+04 7.416701321882342768e+00
8.450000000000000000e+04 7.372964010657252487e+00
8.460000000000000000e+04 7.322606176223922958e+00
8.470000000000000000e+04 6.717870384739085488e+00
8.480000000000000000e+04 6.140336305808964390e+00
8.490000000000000000e+04 6.322091559660895754e+00
8.500000000000000000e+04 6.489418831202701021e+00
8.510000000000000000e+04 6.021293245409263584e+00
8.520000000000000000e+04 5.570949284555409164e+00
8.530000000000000000e+04 5.493081995038435750e+00
8.540000000000000000e+04 5.422094282200551341e+00
8.550000000000000000e+04 5.797265249484842897e+00
8.560000000000000000e+04 6.157528405995708276e+00
8.570000000000000000e+04 6.280471175793067573e+00
8.580000000000000000e+04 6.388562117902162996e+00
8.590000000000000000e+04 5.675500996611923199e+00
8.600000000000000000e+04 4.995919860341291319e+00
8.610000000000000000e+04 5.391115549092993398e+00
8.620000000000000000e+04 5.775549618619070458e+00
8.630000000000000000e+04 6.290575984379309205e+00
8.640000000000000000e+04 6.775270695527147780e+00
8.650000000000000000e+04 6.107483086693989094e+00
8.660000000000000000e+04 5.466977855741093961e+00
8.670000000000000000e+04 5.550858428682301060e+00
8.680000000000000000e+04 5.632093998005725410e+00
8.690000000000000000e+04 5.751523657847891435e+00
8.700000000000000000e+04 5.872202734933871682e+00
8.710000000000000000e+04 6.429184923204659619e+00
8.720000000000000000e+04 6.957143916903634207e+00
8.730000000000000000e+04 6.488731443803684051e+00
8.740000000000000000e+04 6.042300402824822392e+00
8.750000000000000000e+04 6.603237012589813659e+00
8.760000000000000000e+04 7.133355509881821099e+00
8.770000000000000000e+04 6.591952185241394702e+00
8.780000000000000000e+04 6.083657942258223095e+00
8.790000000000000000e+04 7.038900336962674587e+00
8.800000000000000000e+04 7.953853278860187892e+00
8.810000000000000000e+04 7.868996207471312232e+00
8.820000000000000000e+04 7.781029890190457543e+00
8.830000000000000000e+04 7.368001876816125062e+00
8.840000000000000000e+04 6.977697205916515877e+00
8.850000000000000000e+04 7.546692258353877136e+00
8.860000000000000000e+04 8.090611943537290074e+00
8.870000000000000000e+04 7.998986561173947685e+00
8.880000000000000000e+04 7.943308842205878406e+00
8.890000000000000000e+04 1.050740313840324447e+01
8.900000000000000000e+04 1.295884968213595734e+01
8.910000000000000000e+04 1.222585891518433954e+01
8.920000000000000000e+04 1.152392873324518519e+01
8.930000000000000000e+04 1.182498736461450584e+01
8.940000000000000000e+04 1.216149943780214393e+01
8.950000000000000000e+04 1.590079678310671696e+01
8.960000000000000000e+04 1.949316371970292749e+01
8.970000000000000000e+04 1.953382774442207648e+01
8.980000000000000000e+04 1.965085616582292971e+01
8.990000000000000000e+04 2.574988787364967635e+01
9.000000000000000000e+04 3.190977250188807091e+01
9.010000000000000000e+04 5.461226191129447471e+01
9.020000000000000000e+04 7.848663790785718675e+01
9.030000000000000000e+04 2.329566293453953847e+02
9.040000000000000000e+04 3.824251823534805794e+02
9.050000000000000000e+04 4.589888246934849576e+02
9.060000000000000000e+04 5.366603772804887740e+02
9.070000000000000000e+04 8.446619149517609912e+02
9.080000000000000000e+04 1.137504287615890462e+03
9.090000000000000000e+04 8.955092017339604809e+02
9.100000000000000000e+04 6.698896926892504098e+02
9.110000000000000000e+04 1.203150882749955144e+03
9.120000000000000000e+04 1.710671512082969912e+03
9.130000000000000000e+04 1.331312312674773693e+03
9.140000000000000000e+04 9.707117699475124937e+02
9.150000000000000000e+04 1.295173982752417714e+03
9.160000000000000000e+04 1.610584869782209807e+03
9.170000000000000000e+04 1.868109298162705272e+03
9.180000000000000000e+04 2.114123059518365153e+03
9.190000000000000000e+04 2.011782961734709716e+03
9.200000000000000000e+04 1.907269230843961395e+03
9.210000000000000000e+04 1.477741631000689495e+03
9.220000000000000000e+04 1.082775651715449158e+03
9.230000000000000000e+04 2.419004414085628014e+03
9.240000000000000000e+04 3.692288296034033920e+03
9.250000000000000000e+04 2.818812046671718690e+03
9.260000000000000000e+04 1.980124274390945857e+03
9.270000000000000000e+04 2.136281822142492729e+03
9.280000000000000000e+04 2.312618758205119775e+03
9.290000000000000000e+04 4.192056322891309719e+03
9.300000000000000000e+04 6.081057708454109161e+03
9.310000000000000000e+04 1.184089056279502802e+04
9.320000000000000000e+04 1.805977630994527499e+04
9.330000000000000000e+04 6.594781384674302535e+04
9.340000000000000000e+04 1.134242481056327524e+05
9.350000000000000000e+04 2.128399351849238737e+05
9.360000000000000000e+04 3.069181569161685184e+05
9.370000000000000000e+04 1.964226231179951283e+05
9.380000000000000000e+04 8.945761260560264054e+04
9.390000000000000000e+04 4.726648637232036708e+04
9.400000000000000000e+04 6.632893636541630258e+03
9.410000000000000000e+04 5.266568081404987424e+03
9.420000000000000000e+04 3.926274248904113392e+03
9.430000000000000000e+04 2.227595124171791667e+03
9.440000000000000000e+04 5.920050341232474693e+02
9.450000000000000000e+04 5.758903540170487076e+02
9.460000000000000000e+04 5.576378757430854876e+02
9.470000000000000000e+04 3.736243211970557354e+02
9.480000000000000000e+04 1.953571278725839875e+02
9.490000000000000000e+04 1.196825680679373249e+02
9.500000000000000000e+04 4.682095014361429719e+01
9.510000000000000000e+04 4.622862409308484644e+01
9.520000000000000000e+04 4.564873609282560096e+01
9.530000000000000000e+04 4.507647582122823593e+01
9.540000000000000000e+04 4.451172170640639081e+01
9.550000000000000000e+04 4.395134733944352945e+01
9.560000000000000000e+04 4.339603444503602248e+01
9.570000000000000000e+04 4.284796415706156125e+01
9.580000000000000000e+04 4.230702276319858157e+01
9.590000000000000000e+04 4.177885458137919272e+01
9.600000000000000000e+04 4.126193034086276867e+01
9.610000000000000000e+04 4.075164070734867749e+01
9.620000000000000000e+04 4.024788326832018015e+01
9.630000000000000000e+04 3.975055757224419040e+01
9.640000000000000000e+04 3.925956508248049914e+01
9.650000000000000000e+04 3.877480913249072358e+01
9.660000000000000000e+04 3.829619488230557067e+01
9.670000000000000000e+04 3.782362927620841475e+01
9.680000000000000000e+04 3.735702100159505790e+01
9.690000000000000000e+04 3.689628044897134629e+01
9.700000000000000000e+04 3.644131967305233388e+01
9.710000000000000000e+04 3.599457847793918575e+01
9.720000000000000000e+04 3.555549780859238496e+01
9.730000000000000000e+04 3.512186968358205519e+01
9.740000000000000000e+04 3.469361359987279059e+01
9.750000000000000000e+04 3.427307030743793348e+01
9.760000000000000000e+04 3.385975743581666819e+01
9.770000000000000000e+04 3.345151374753817208e+01
9.780000000000000000e+04 3.304826549380326384e+01
9.790000000000000000e+04 3.264994024457976707e+01
9.800000000000000000e+04 3.225646685982086126e+01
9.810000000000000000e+04 3.186777546143495599e+01
9.820000000000000000e+04 3.148379740598458909e+01
9.830000000000000000e+04 3.110446525809141605e+01
9.840000000000000000e+04 3.072971276452791045e+01
9.850000000000000000e+04 3.035947482897185168e+01
9.860000000000000000e+04 2.999368748740664614e+01
9.870000000000000000e+04 2.963441725939606997e+01
9.880000000000000000e+04 2.928138303387834895e+01
9.890000000000000000e+04 2.893255216103256089e+01
9.900000000000000000e+04 2.858786590079313328e+01
9.910000000000000000e+04 2.824930775099934266e+01
9.920000000000000000e+04 2.791665642163502881e+01
9.930000000000000000e+04 2.758791993202700965e+01
9.940000000000000000e+04 2.726304430927734401e+01
9.950000000000000000e+04 2.694197648741211637e+01
9.960000000000000000e+04 2.662466428888339820e+01
9.970000000000000000e+04 2.631105640652159394e+01
9.980000000000000000e+04 2.600016799075807228e+01
9.990000000000000000e+04 2.569185291430153484e+01
